0.000000 0.600000 -2.768220 
0.005001 0.600000 -2.768220 
0.010001 0.600000 2.935392 
0.015001 0.600000 -0.867016 
0.020001 0.600000 4.836597 
0.025001 0.600000 -0.867016 
0.030001 0.600000 -2.768220 
0.035001 0.600000 4.836597 
0.040002 0.600000 1.034188 
0.045002 0.600000 6.737801 
0.050002 0.600000 14.342617 
0.055002 0.600000 10.540209 
0.060003 0.600000 21.947434 
0.065003 0.600000 14.342617 
0.070003 0.600000 20.046230 
0.075003 0.600000 18.145026 
0.080003 0.600000 18.145026 
0.085003 0.600000 20.046230 
0.090003 0.600000 14.342617 
0.095003 0.600000 25.749842 
0.100004 0.600000 16.243821 
0.105004 0.600000 27.651046 
0.110004 0.600000 25.749842 
0.115004 0.600000 16.243821 
0.120004 0.600000 18.145026 
0.125004 0.600000 21.947434 
0.130004 0.600000 29.552251 
0.135004 0.600000 23.848638 
0.140004 0.600000 20.046230 
0.145005 0.600000 27.651046 
0.150005 0.600000 29.552251 
0.155005 0.600000 21.947434 
0.160005 0.600000 31.453455 
0.165005 0.600000 27.651046 
0.170005 0.600000 29.552251 
0.175005 0.600000 21.947434 
0.180005 0.600000 23.848638 
0.185006 0.600000 25.749842 
0.190006 0.600000 33.354659 
0.195006 0.600000 29.552251 
0.200006 0.600000 29.552251 
0.205006 0.600000 27.651046 
0.210006 0.600000 25.749842 
0.215006 0.600000 31.453455 
0.220006 0.600000 21.947434 
0.225006 0.600000 27.651046 
0.230007 0.600000 29.552251 
0.235007 0.600000 29.552251 
0.240007 0.600000 27.651046 
0.245007 0.600000 23.848638 
0.250007 0.600000 27.651046 
0.255007 0.600000 33.354659 
0.260007 0.600000 29.552251 
0.265007 0.600000 25.749842 
0.270007 0.600000 31.453455 
0.275008 0.600000 25.749842 
0.280008 0.600000 35.255863 
0.285008 0.600000 29.552251 
0.290008 0.600000 23.848638 
0.295008 0.600000 37.157067 
0.300008 0.600000 35.255863 
0.305008 0.600000 31.453455 
0.310009 0.600000 29.552251 
0.315009 0.600000 29.552251 
0.320009 0.600000 31.453455 
0.325009 0.600000 27.651046 
0.330009 0.600000 29.552251 
0.335009 0.600000 25.749842 
0.340011 0.600000 33.354659 
0.345011 0.600000 23.848638 
0.350012 0.600000 20.046230 
0.355012 0.600000 31.453455 
0.360012 0.600000 20.046230 
0.365012 0.600000 25.749842 
0.370012 0.600000 27.651046 
0.375012 0.600000 25.749842 
0.380012 0.600000 23.848638 
0.385012 0.600000 21.947434 
0.390013 0.600000 31.453455 
0.395013 0.600000 31.453455 
0.400013 0.600000 27.651046 
0.405013 0.600000 27.651046 
0.410013 0.600000 33.354659 
0.415013 0.600000 23.848638 
0.420013 0.600000 29.552251 
0.425013 0.600000 31.453455 
0.430014 0.600000 23.848638 
0.435014 0.600000 33.354659 
0.440014 0.600000 29.552251 
0.445014 0.600000 21.947434 
0.450014 0.600000 27.651046 
0.455014 0.600000 33.354659 
0.460014 0.600000 21.947434 
0.465014 0.600000 29.552251 
0.470014 0.600000 29.552251 
0.475015 0.600000 25.749842 
0.480015 0.600000 21.947434 
0.485015 0.600000 25.749842 
0.490015 0.600000 27.651046 
0.495015 0.600000 25.749842 
0.500015 0.600000 23.848638 
0.505015 0.600000 25.749842 
0.510015 0.600000 25.749842 
0.515015 0.600000 18.145026 
0.520015 0.600000 21.947434 
0.525016 0.600000 23.848638 
0.530016 0.600000 27.651046 
0.535016 0.600000 20.046230 
0.540016 0.600000 25.749842 
0.545016 0.600000 27.651046 
0.550016 0.600000 27.651046 
0.555016 0.600000 20.046230 
0.560017 0.600000 29.552251 
0.565017 0.600000 21.947434 
0.570017 0.600000 20.046230 
0.575017 0.600000 29.552251 
0.580017 0.600000 23.848638 
0.585017 0.600000 23.848638 
0.590017 0.600000 23.848638 
0.595017 0.600000 21.947434 
0.600017 0.600000 27.651046 
0.605018 0.600000 20.046230 
0.610018 0.600000 25.749842 
0.615018 0.600000 27.651046 
0.620018 0.600000 20.046230 
0.625018 0.600000 20.046230 
0.630018 0.600000 21.947434 
0.635018 0.600000 21.947434 
0.640018 0.600000 25.749842 
0.645018 0.600000 18.145026 
0.650019 0.600000 27.651046 
0.655019 0.600000 21.947434 
0.660019 0.600000 21.947434 
0.665019 0.600000 25.749842 
0.670020 0.600000 21.947434 
0.675020 0.600000 23.848638 
0.680020 0.600000 23.848638 
0.685020 0.600000 18.145026 
0.690020 0.600000 23.848638 
0.695020 0.600000 20.046230 
0.700020 0.600000 16.243821 
0.705020 0.600000 25.749842 
0.710021 0.600000 18.145026 
0.715021 0.600000 16.243821 
0.720021 0.600000 25.749842 
0.725021 0.600000 18.145026 
0.730021 0.600000 20.046230 
0.735021 0.600000 16.243821 
0.740021 0.600000 23.848638 
0.745022 0.600000 23.848638 
0.750022 0.600000 14.342617 
0.755022 0.600000 21.947434 
0.760022 0.600000 18.145026 
0.765022 0.600000 18.145026 
0.770022 0.600000 16.243821 
0.775022 0.600000 25.749842 
0.780022 0.600000 16.243821 
0.785023 0.600000 18.145026 
0.790023 0.600000 18.145026 
0.795023 0.600000 14.342617 
0.800023 0.600000 12.441413 
0.805023 0.600000 25.749842 
0.810023 0.600000 12.441413 
0.815023 0.600000 12.441413 
0.820023 0.600000 21.947434 
0.825023 0.600000 14.342617 
0.830023 0.600000 12.441413 
0.835024 0.600000 21.947434 
0.840024 0.600000 12.441413 
0.845024 0.600000 18.145026 
0.850024 0.600000 23.848638 
0.855024 0.600000 12.441413 
0.860024 0.600000 14.342617 
0.865041 0.600000 18.145026 
0.870041 0.600000 18.145026 
0.875041 0.600000 21.947434 
0.880041 0.600000 16.243821 
0.885041 0.600000 23.848638 
0.890041 0.600000 23.848638 
0.895041 0.600000 25.749842 
0.900041 0.600000 23.848638 
0.905042 0.600000 18.145026 
0.910042 0.600000 20.046230 
0.915042 0.600000 18.145026 
0.920042 0.600000 23.848638 
0.925042 0.600000 14.342617 
0.930042 0.600000 23.848638 
0.935042 0.600000 18.145026 
0.940042 0.600000 18.145026 
0.945042 0.600000 14.342617 
0.950055 0.600000 16.243821 
0.955055 0.600000 14.342617 
0.960064 0.600000 21.947434 
0.965064 0.600000 21.947434 
0.970064 0.600000 12.441413 
0.975065 0.600000 16.243821 
0.980065 0.600000 21.947434 
0.985065 0.600000 18.145026 
0.990065 0.600000 16.243821 
0.995065 0.600000 18.145026 
