0.000001 3.000000 -5.055658 
0.005001 3.000000 0.647955 
0.010007 3.000000 13.956384 
0.015007 3.000000 19.659996 
0.020007 3.000000 38.672038 
0.025018 3.000000 50.079263 
0.030018 3.000000 67.190100 
0.035018 3.000000 69.091304 
0.040031 3.000000 74.794917 
0.045031 3.000000 82.399733 
0.050031 3.000000 78.597325 
0.055033 3.000000 90.004550 
0.060033 3.000000 95.708162 
0.065033 3.000000 90.004550 
0.070033 3.000000 95.708162 
0.075033 3.000000 93.806958 
0.080034 3.000000 107.115387 
0.085034 3.000000 107.115387 
0.090034 3.000000 103.312979 
0.095034 3.000000 112.819000 
0.100034 3.000000 105.214183 
0.105034 3.000000 112.819000 
0.110034 3.000000 116.621408 
0.115034 3.000000 118.522612 
0.120035 3.000000 128.028633 
0.125035 3.000000 124.226225 
0.130035 3.000000 120.423816 
0.135035 3.000000 126.127429 
0.140035 3.000000 120.423816 
0.145035 3.000000 122.325020 
0.150035 3.000000 129.929837 
0.155035 3.000000 129.929837 
0.160035 3.000000 129.929837 
0.165036 3.000000 133.732245 
0.170036 3.000000 126.127429 
0.175044 3.000000 129.929837 
0.180044 3.000000 126.127429 
0.185045 3.000000 128.028633 
0.190045 3.000000 131.831041 
0.195045 3.000000 126.127429 
0.200045 3.000000 128.028633 
0.205046 3.000000 129.929837 
0.210046 3.000000 135.633449 
0.215046 3.000000 128.028633 
0.220046 3.000000 135.633449 
0.225046 3.000000 137.534654 
0.230046 3.000000 137.534654 
0.235046 3.000000 128.028633 
0.240046 3.000000 126.127429 
0.245047 3.000000 139.435858 
0.250047 3.000000 131.831041 
0.255047 3.000000 129.929837 
0.260047 3.000000 133.732245 
0.265047 3.000000 129.929837 
0.270048 3.000000 133.732245 
0.275048 3.000000 133.732245 
0.280048 3.000000 139.435858 
0.285048 3.000000 135.633449 
0.290048 3.000000 126.127429 
0.295049 3.000000 126.127429 
0.300049 3.000000 126.127429 
0.305049 3.000000 122.325020 
0.310049 3.000000 135.633449 
0.315049 3.000000 135.633449 
0.320049 3.000000 129.929837 
0.325049 3.000000 128.028633 
0.330049 3.000000 131.831041 
0.335049 3.000000 126.127429 
0.340050 3.000000 124.226225 
0.345050 3.000000 131.831041 
0.350051 3.000000 124.226225 
0.355052 3.000000 126.127429 
0.360052 3.000000 126.127429 
0.365052 3.000000 135.633449 
0.370052 3.000000 124.226225 
0.375052 3.000000 128.028633 
0.380052 3.000000 128.028633 
0.385052 3.000000 118.522612 
0.390053 3.000000 122.325020 
0.395053 3.000000 129.929837 
0.400053 3.000000 122.325020 
0.405053 3.000000 129.929837 
0.410053 3.000000 118.522612 
0.415053 3.000000 122.325020 
0.420053 3.000000 124.226225 
0.425054 3.000000 120.423816 
0.430054 3.000000 124.226225 
0.435054 3.000000 128.028633 
0.440054 3.000000 120.423816 
0.445054 3.000000 124.226225 
0.450054 3.000000 114.720204 
0.455054 3.000000 114.720204 
0.460054 3.000000 126.127429 
0.465055 3.000000 118.522612 
0.470055 3.000000 114.720204 
0.475055 3.000000 122.325020 
0.480055 3.000000 128.028633 
0.485055 3.000000 120.423816 
0.490055 3.000000 116.621408 
0.495055 3.000000 118.522612 
0.500055 3.000000 110.917795 
0.505056 3.000000 120.423816 
0.510056 3.000000 122.325020 
0.515056 3.000000 112.819000 
0.520056 3.000000 116.621408 
0.525056 3.000000 122.325020 
0.530056 3.000000 120.423816 
0.535056 3.000000 118.522612 
0.540056 3.000000 114.720204 
0.545056 3.000000 110.917795 
0.550057 3.000000 120.423816 
0.555057 3.000000 112.819000 
0.560057 3.000000 118.522612 
0.565057 3.000000 112.819000 
0.570057 3.000000 112.819000 
0.575057 3.000000 112.819000 
0.580057 3.000000 116.621408 
0.585058 3.000000 114.720204 
0.590058 3.000000 112.819000 
0.595058 3.000000 114.720204 
0.600058 3.000000 112.819000 
0.605058 3.000000 114.720204 
0.610058 3.000000 109.016591 
0.615058 3.000000 109.016591 
0.620058 3.000000 110.917795 
0.625059 3.000000 110.917795 
0.630059 3.000000 118.522612 
0.635059 3.000000 107.115387 
0.640059 3.000000 110.917795 
0.645059 3.000000 110.917795 
0.650059 3.000000 114.720204 
0.655059 3.000000 107.115387 
0.660059 3.000000 114.720204 
0.665059 3.000000 110.917795 
0.670060 3.000000 112.819000 
0.675060 3.000000 110.917795 
0.680060 3.000000 107.115387 
0.685061 3.000000 105.214183 
0.690062 3.000000 103.312979 
0.695063 3.000000 107.115387 
0.700064 3.000000 110.917795 
0.705064 3.000000 114.720204 
0.710064 3.000000 107.115387 
0.715064 3.000000 110.917795 
0.720064 3.000000 109.016591 
0.725064 3.000000 109.016591 
0.730064 3.000000 103.312979 
0.735064 3.000000 110.917795 
0.740064 3.000000 103.312979 
0.745065 3.000000 103.312979 
0.750065 3.000000 107.115387 
0.755065 3.000000 114.720204 
0.760065 3.000000 112.819000 
0.765065 3.000000 110.917795 
0.770066 3.000000 116.621408 
0.775066 3.000000 107.115387 
0.780066 3.000000 107.115387 
0.785066 3.000000 109.016591 
0.790066 3.000000 109.016591 
0.795066 3.000000 105.214183 
0.800066 3.000000 107.115387 
0.805066 3.000000 109.016591 
0.810067 3.000000 105.214183 
0.815067 3.000000 109.016591 
0.820067 3.000000 110.917795 
0.825067 3.000000 103.312979 
0.830078 3.000000 103.312979 
0.835078 3.000000 103.312979 
0.840078 3.000000 110.917795 
0.845079 3.000000 109.016591 
0.850079 3.000000 103.312979 
0.855079 3.000000 114.720204 
0.860079 3.000000 105.214183 
0.865079 3.000000 107.115387 
0.870079 3.000000 107.115387 
0.875079 3.000000 114.720204 
0.880079 3.000000 110.917795 
0.885079 3.000000 110.917795 
0.890079 3.000000 105.214183 
0.895080 3.000000 112.819000 
0.900080 3.000000 110.917795 
0.905080 3.000000 107.115387 
0.910080 3.000000 116.621408 
0.915080 3.000000 105.214183 
0.920080 3.000000 107.115387 
0.925080 3.000000 103.312979 
0.930081 3.000000 109.016591 
0.935081 3.000000 105.214183 
0.940081 3.000000 110.917795 
0.945081 3.000000 109.016591 
0.950081 3.000000 105.214183 
0.955096 3.000000 110.917795 
0.960096 3.000000 110.917795 
0.965096 3.000000 107.115387 
0.970096 3.000000 114.720204 
0.975097 3.000000 110.917795 
0.980097 3.000000 109.016591 
0.985097 3.000000 112.819000 
0.990097 3.000000 103.312979 
0.995098 3.000000 109.016591 
