0.000001 3.800000 -4.148918 
0.005001 3.800000 3.455899 
0.010001 3.800000 -2.247714 
0.015001 3.800000 5.357103 
0.020001 3.800000 16.764328 
0.025001 3.800000 20.566736 
0.030001 3.800000 45.282390 
0.035002 3.800000 58.590819 
0.040002 3.800000 75.701657 
0.045002 3.800000 96.614902 
0.050002 3.800000 100.417311 
0.055002 3.800000 111.824536 
0.060003 3.800000 115.626944 
0.065003 3.800000 113.725740 
0.070003 3.800000 123.231760 
0.075003 3.800000 121.330556 
0.080004 3.800000 132.737781 
0.085004 3.800000 132.737781 
0.090004 3.800000 134.638985 
0.095004 3.800000 136.540189 
0.100005 3.800000 136.540189 
0.105005 3.800000 142.243802 
0.110005 3.800000 147.947414 
0.115005 3.800000 149.848619 
0.120005 3.800000 149.848619 
0.125005 3.800000 151.749823 
0.130005 3.800000 149.848619 
0.135005 3.800000 147.947414 
0.140006 3.800000 151.749823 
0.145006 3.800000 161.255843 
0.150006 3.800000 157.453435 
0.155006 3.800000 159.354639 
0.160006 3.800000 157.453435 
0.165010 3.800000 153.651027 
0.170010 3.800000 159.354639 
0.175010 3.800000 161.255843 
0.180010 3.800000 159.354639 
0.185010 3.800000 165.058252 
0.190010 3.800000 161.255843 
0.195010 3.800000 159.354639 
0.200011 3.800000 165.058252 
0.205011 3.800000 161.255843 
0.210011 3.800000 165.058252 
0.215011 3.800000 165.058252 
0.220011 3.800000 157.453435 
0.225011 3.800000 157.453435 
0.230011 3.800000 159.354639 
0.235011 3.800000 157.453435 
0.240011 3.800000 159.354639 
0.245021 3.800000 161.255843 
0.250021 3.800000 161.255843 
0.255021 3.800000 159.354639 
0.260021 3.800000 151.749823 
0.265021 3.800000 159.354639 
0.270021 3.800000 149.848619 
0.275021 3.800000 166.959456 
0.280021 3.800000 163.157048 
0.285021 3.800000 161.255843 
0.290022 3.800000 155.552231 
0.295022 3.800000 153.651027 
0.300022 3.800000 159.354639 
0.305022 3.800000 159.354639 
0.310022 3.800000 155.552231 
0.315022 3.800000 157.453435 
0.320022 3.800000 153.651027 
0.325022 3.800000 155.552231 
0.330023 3.800000 157.453435 
0.335023 3.800000 155.552231 
0.340023 3.800000 155.552231 
0.345023 3.800000 151.749823 
0.350023 3.800000 159.354639 
0.355023 3.800000 146.046210 
0.360023 3.800000 159.354639 
0.365023 3.800000 147.947414 
0.370023 3.800000 151.749823 
0.375024 3.800000 153.651027 
0.380024 3.800000 153.651027 
0.385024 3.800000 153.651027 
0.390024 3.800000 146.046210 
0.395024 3.800000 151.749823 
0.400024 3.800000 149.848619 
0.405024 3.800000 153.651027 
0.410024 3.800000 151.749823 
0.415025 3.800000 155.552231 
0.420025 3.800000 149.848619 
0.425025 3.800000 149.848619 
0.430025 3.800000 144.145006 
0.435025 3.800000 151.749823 
0.440025 3.800000 146.046210 
0.445025 3.800000 155.552231 
0.450026 3.800000 149.848619 
0.455026 3.800000 149.848619 
0.460026 3.800000 142.243802 
0.465026 3.800000 147.947414 
0.470026 3.800000 140.342598 
0.475026 3.800000 149.848619 
0.480026 3.800000 146.046210 
0.485026 3.800000 144.145006 
0.490026 3.800000 151.749823 
0.495027 3.800000 147.947414 
0.500027 3.800000 140.342598 
0.505027 3.800000 138.441394 
0.510027 3.800000 146.046210 
0.515038 3.800000 144.145006 
0.520038 3.800000 149.848619 
0.525038 3.800000 144.145006 
0.530038 3.800000 140.342598 
0.535039 3.800000 147.947414 
0.540039 3.800000 140.342598 
0.545039 3.800000 147.947414 
0.550039 3.800000 138.441394 
0.555039 3.800000 146.046210 
0.560039 3.800000 140.342598 
0.565039 3.800000 142.243802 
0.570039 3.800000 144.145006 
0.575040 3.800000 138.441394 
0.580040 3.800000 140.342598 
0.585040 3.800000 136.540189 
0.590040 3.800000 146.046210 
0.595040 3.800000 138.441394 
0.600040 3.800000 142.243802 
0.605040 3.800000 140.342598 
0.610040 3.800000 140.342598 
0.615041 3.800000 140.342598 
0.620041 3.800000 136.540189 
0.625041 3.800000 142.243802 
0.630041 3.800000 142.243802 
0.635041 3.800000 136.540189 
0.640041 3.800000 144.145006 
0.645041 3.800000 140.342598 
0.650042 3.800000 144.145006 
0.655042 3.800000 134.638985 
0.660042 3.800000 136.540189 
0.665042 3.800000 134.638985 
0.670042 3.800000 146.046210 
0.675043 3.800000 142.243802 
0.680043 3.800000 144.145006 
0.685043 3.800000 144.145006 
0.690043 3.800000 134.638985 
0.695044 3.800000 136.540189 
0.700044 3.800000 140.342598 
0.705044 3.800000 138.441394 
0.710044 3.800000 142.243802 
0.715045 3.800000 146.046210 
0.720045 3.800000 140.342598 
0.725045 3.800000 146.046210 
0.730045 3.800000 136.540189 
0.735045 3.800000 144.145006 
0.740046 3.800000 142.243802 
0.745046 3.800000 144.145006 
0.750046 3.800000 144.145006 
0.755046 3.800000 142.243802 
0.760046 3.800000 140.342598 
0.765046 3.800000 142.243802 
0.770046 3.800000 140.342598 
0.775047 3.800000 144.145006 
0.780047 3.800000 146.046210 
0.785047 3.800000 136.540189 
0.790047 3.800000 144.145006 
0.795047 3.800000 142.243802 
0.800065 3.800000 136.540189 
0.805065 3.800000 144.145006 
0.810065 3.800000 136.540189 
0.815065 3.800000 147.947414 
0.820065 3.800000 136.540189 
0.825065 3.800000 149.848619 
0.830066 3.800000 147.947414 
0.835066 3.800000 144.145006 
0.840066 3.800000 142.243802 
0.845066 3.800000 136.540189 
0.850066 3.800000 146.046210 
0.855066 3.800000 138.441394 
0.860066 3.800000 146.046210 
0.865066 3.800000 146.046210 
0.870066 3.800000 142.243802 
0.875067 3.800000 147.947414 
0.880067 3.800000 142.243802 
0.885067 3.800000 149.848619 
0.890067 3.800000 153.651027 
0.895067 3.800000 149.848619 
0.900085 3.800000 146.046210 
0.905085 3.800000 149.848619 
0.910085 3.800000 142.243802 
0.915085 3.800000 151.749823 
0.920085 3.800000 153.651027 
0.925085 3.800000 144.145006 
0.930085 3.800000 146.046210 
0.935085 3.800000 140.342598 
0.940086 3.800000 155.552231 
0.945086 3.800000 151.749823 
0.950086 3.800000 149.848619 
0.955086 3.800000 142.243802 
0.960086 3.800000 153.651027 
0.965086 3.800000 151.749823 
0.970086 3.800000 149.848619 
0.975087 3.800000 155.552231 
0.980087 3.800000 147.947414 
0.985087 3.800000 149.848619 
0.990087 3.800000 151.749823 
0.995087 3.800000 146.046210 
