0.000001 0.200000 6.734212 
0.005001 0.200000 1.030599 
0.010001 0.200000 8.635416 
0.015001 0.200000 2.931803 
0.020001 0.200000 2.931803 
0.025001 0.200000 -0.870605 
0.030002 0.200000 8.635416 
0.035002 0.200000 -0.870605 
0.040008 0.200000 4.833008 
0.045008 0.200000 2.931803 
0.050008 0.200000 -2.771809 
0.055015 0.200000 4.833008 
0.060015 0.200000 2.931803 
0.065015 0.200000 6.734212 
0.070015 0.200000 6.734212 
0.075015 0.200000 8.635416 
0.080016 0.200000 4.833008 
0.085016 0.200000 8.635416 
0.090016 0.200000 4.833008 
0.095016 0.200000 4.833008 
0.100037 0.200000 -2.771809 
0.105037 0.200000 4.833008 
0.110037 0.200000 2.931803 
0.115037 0.200000 8.635416 
0.120037 0.200000 -0.870605 
0.125038 0.200000 6.734212 
0.130038 0.200000 2.931803 
0.135038 0.200000 2.931803 
0.140038 0.200000 4.833008 
0.145038 0.200000 -0.870605 
0.150039 0.200000 4.833008 
0.155042 0.200000 -0.870605 
0.160062 0.200000 1.030599 
0.165062 0.200000 2.931803 
0.170062 0.200000 -2.771809 
0.175062 0.200000 2.931803 
0.180063 0.200000 -0.870605 
0.185063 0.200000 6.734212 
0.190063 0.200000 8.635416 
0.195063 0.200000 2.931803 
0.200063 0.200000 4.833008 
0.205063 0.200000 -0.870605 
0.210063 0.200000 6.734212 
0.215063 0.200000 4.833008 
0.220063 0.200000 6.734212 
0.225064 0.200000 2.931803 
0.230065 0.200000 6.734212 
0.235065 0.200000 4.833008 
0.240065 0.200000 -0.870605 
0.245065 0.200000 2.931803 
0.250065 0.200000 8.635416 
0.255065 0.200000 6.734212 
0.260065 0.200000 4.833008 
0.265065 0.200000 -2.771809 
0.270065 0.200000 2.931803 
0.275065 0.200000 4.833008 
0.280066 0.200000 -0.870605 
0.285066 0.200000 6.734212 
0.290066 0.200000 4.833008 
0.295066 0.200000 2.931803 
0.300066 0.200000 4.833008 
0.305066 0.200000 8.635416 
0.310066 0.200000 2.931803 
0.315075 0.200000 4.833008 
0.320075 0.200000 8.635416 
0.325075 0.200000 -0.870605 
0.330075 0.200000 2.931803 
0.335076 0.200000 -0.870605 
0.340076 0.200000 4.833008 
0.345076 0.200000 -0.870605 
0.350076 0.200000 8.635416 
0.355076 0.200000 4.833008 
0.360083 0.200000 4.833008 
0.365083 0.200000 4.833008 
0.370083 0.200000 4.833008 
0.375083 0.200000 2.931803 
0.380083 0.200000 2.931803 
0.385083 0.200000 6.734212 
0.390083 0.200000 -0.870605 
0.395084 0.200000 4.833008 
0.400084 0.200000 2.931803 
0.405084 0.200000 6.734212 
0.410084 0.200000 4.833008 
0.415084 0.200000 4.833008 
0.420084 0.200000 -0.870605 
0.425090 0.200000 4.833008 
0.430090 0.200000 2.931803 
0.435090 0.200000 -0.870605 
0.440090 0.200000 6.734212 
0.445091 0.200000 2.931803 
0.450091 0.200000 6.734212 
0.455091 0.200000 6.734212 
0.460091 0.200000 -0.870605 
0.465091 0.200000 2.931803 
0.470092 0.200000 -0.870605 
0.475092 0.200000 -0.870605 
0.480092 0.200000 8.635416 
0.485092 0.200000 2.931803 
0.490092 0.200000 -0.870605 
0.495092 0.200000 6.734212 
0.500092 0.200000 2.931803 
0.505092 0.200000 2.931803 
0.510092 0.200000 -0.870605 
0.515092 0.200000 4.833008 
0.520093 0.200000 4.833008 
0.525093 0.200000 4.833008 
0.530093 0.200000 4.833008 
0.535093 0.200000 -2.771809 
0.540093 0.200000 4.833008 
0.545110 0.200000 4.833008 
0.550110 0.200000 2.931803 
0.555110 0.200000 2.931803 
0.560110 0.200000 -0.870605 
0.565110 0.200000 2.931803 
0.570111 0.200000 2.931803 
0.575111 0.200000 4.833008 
0.580111 0.200000 4.833008 
0.585111 0.200000 2.931803 
0.590111 0.200000 6.734212 
0.595111 0.200000 1.030599 
0.600111 0.200000 2.931803 
0.605111 0.200000 2.931803 
0.610112 0.200000 -2.771809 
0.615112 0.200000 2.931803 
0.620112 0.200000 6.734212 
0.625112 0.200000 -0.870605 
0.630112 0.200000 2.931803 
0.635129 0.200000 4.833008 
0.640129 0.200000 -2.771809 
0.645129 0.200000 2.931803 
0.650130 0.200000 2.931803 
0.655130 0.200000 -0.870605 
0.660136 0.200000 -0.870605 
0.665144 0.200000 -0.870605 
0.670144 0.200000 -2.771809 
0.675144 0.200000 2.931803 
0.680144 0.200000 -2.771809 
0.685144 0.200000 4.833008 
0.690145 0.200000 2.931803 
0.695145 0.200000 -0.870605 
0.700145 0.200000 2.931803 
0.705145 0.200000 1.030599 
0.710145 0.200000 2.931803 
0.715145 0.200000 4.833008 
0.720146 0.200000 8.635416 
0.725146 0.200000 8.635416 
0.730146 0.200000 -0.870605 
0.735146 0.200000 6.734212 
0.740146 0.200000 6.734212 
0.745146 0.200000 2.931803 
0.750152 0.200000 6.734212 
0.755153 0.200000 1.030599 
0.760153 0.200000 1.030599 
0.765153 0.200000 4.833008 
0.770153 0.200000 6.734212 
0.775153 0.200000 -0.870605 
0.780153 0.200000 6.734212 
0.785153 0.200000 1.030599 
0.790161 0.200000 1.030599 
0.795161 0.200000 6.734212 
0.800162 0.200000 -2.771809 
0.805162 0.200000 4.833008 
0.810162 0.200000 -2.771809 
0.815162 0.200000 8.635416 
0.820162 0.200000 -0.870605 
0.825162 0.200000 2.931803 
0.830162 0.200000 4.833008 
0.835162 0.200000 2.931803 
0.840173 0.200000 2.931803 
0.845173 0.200000 1.030599 
0.850173 0.200000 8.635416 
0.855173 0.200000 8.635416 
0.860173 0.200000 -2.771809 
0.865173 0.200000 6.734212 
0.870173 0.200000 8.635416 
0.875173 0.200000 2.931803 
0.880174 0.200000 4.833008 
0.885174 0.200000 4.833008 
0.890174 0.200000 2.931803 
0.895174 0.200000 -0.870605 
0.900184 0.200000 2.931803 
0.905184 0.200000 -0.870605 
0.910184 0.200000 2.931803 
0.915184 0.200000 2.931803 
0.920184 0.200000 4.833008 
0.925184 0.200000 2.931803 
0.930184 0.200000 4.833008 
0.935184 0.200000 4.833008 
0.940185 0.200000 4.833008 
0.945185 0.200000 -2.771809 
0.950185 0.200000 -0.870605 
0.955185 0.200000 2.931803 
0.960185 0.200000 -0.870605 
0.965185 0.200000 -0.870605 
0.970185 0.200000 2.931803 
0.975185 0.200000 4.833008 
0.980185 0.200000 6.734212 
0.985186 0.200000 6.734212 
0.990186 0.200000 6.734212 
0.995186 0.200000 6.734212 
