0.000001 0.100000 3.159798 
0.005001 0.100000 -0.642610 
0.010001 0.100000 3.159798 
0.015001 0.100000 -0.642610 
0.020001 0.100000 3.159798 
0.025002 0.100000 -0.642610 
0.030002 0.100000 -4.445018 
0.035002 0.100000 1.258594 
0.040002 0.100000 5.061002 
0.045003 0.100000 -0.642610 
0.050003 0.100000 3.159798 
0.055003 0.100000 -4.445018 
0.060003 0.100000 5.061002 
0.065003 0.100000 -6.346223 
0.070007 0.100000 1.258594 
0.075008 0.100000 1.258594 
0.080008 0.100000 -4.445018 
0.085008 0.100000 3.159798 
0.090008 0.100000 -4.445018 
0.095008 0.100000 1.258594 
0.100008 0.100000 3.159798 
0.105008 0.100000 -6.346223 
0.110008 0.100000 3.159798 
0.115009 0.100000 -4.445018 
0.120009 0.100000 1.258594 
0.125009 0.100000 1.258594 
0.130009 0.100000 -0.642610 
0.135009 0.100000 3.159798 
0.140009 0.100000 1.258594 
0.145009 0.100000 -4.445018 
0.150010 0.100000 1.258594 
0.155010 0.100000 1.258594 
0.160010 0.100000 -0.642610 
0.165010 0.100000 -6.346223 
0.170010 0.100000 1.258594 
0.175010 0.100000 -0.642610 
0.180027 0.100000 3.159798 
0.185027 0.100000 -4.445018 
0.190027 0.100000 -0.642610 
0.195027 0.100000 1.258594 
0.200028 0.100000 -4.445018 
0.205028 0.100000 1.258594 
0.210028 0.100000 -0.642610 
0.215028 0.100000 5.061002 
0.220028 0.100000 -4.445018 
0.225028 0.100000 -0.642610 
0.230029 0.100000 -0.642610 
0.235030 0.100000 3.159798 
0.240030 0.100000 1.258594 
0.245030 0.100000 1.258594 
0.250030 0.100000 -4.445018 
0.255030 0.100000 1.258594 
0.260031 0.100000 -0.642610 
0.265031 0.100000 3.159798 
0.270031 0.100000 -4.445018 
0.275031 0.100000 1.258594 
0.280031 0.100000 5.061002 
0.285032 0.100000 1.258594 
0.290032 0.100000 3.159798 
0.295032 0.100000 -2.543814 
0.300032 0.100000 -4.445018 
0.305032 0.100000 3.159798 
0.310032 0.100000 3.159798 
0.315032 0.100000 -4.445018 
0.320032 0.100000 3.159798 
0.325033 0.100000 1.258594 
0.330033 0.100000 -0.642610 
0.335033 0.100000 -0.642610 
0.340033 0.100000 -4.445018 
0.345033 0.100000 3.159798 
0.350033 0.100000 -0.642610 
0.355033 0.100000 1.258594 
0.360034 0.100000 -0.642610 
0.365034 0.100000 -6.346223 
0.370035 0.100000 1.258594 
0.375035 0.100000 -4.445018 
0.380035 0.100000 -0.642610 
0.385035 0.100000 -0.642610 
0.390036 0.100000 -0.642610 
0.395036 0.100000 -0.642610 
0.400036 0.100000 5.061002 
0.405036 0.100000 1.258594 
0.410036 0.100000 -0.642610 
0.415037 0.100000 -0.642610 
0.420037 0.100000 -0.642610 
0.425037 0.100000 -0.642610 
0.430038 0.100000 -0.642610 
0.435038 0.100000 3.159798 
0.440038 0.100000 1.258594 
0.445039 0.100000 -6.346223 
0.450039 0.100000 -0.642610 
0.455039 0.100000 1.258594 
0.460039 0.100000 3.159798 
0.465040 0.100000 -4.445018 
0.470040 0.100000 -2.543814 
0.475040 0.100000 3.159798 
0.480040 0.100000 5.061002 
0.485040 0.100000 -6.346223 
0.490040 0.100000 -4.445018 
0.495040 0.100000 3.159798 
0.500040 0.100000 -6.346223 
0.505041 0.100000 -4.445018 
0.510041 0.100000 3.159798 
0.515041 0.100000 1.258594 
0.520041 0.100000 3.159798 
0.525041 0.100000 -6.346223 
0.530041 0.100000 -0.642610 
0.535041 0.100000 -0.642610 
0.540041 0.100000 1.258594 
0.545042 0.100000 -0.642610 
0.550042 0.100000 -0.642610 
0.555042 0.100000 -0.642610 
0.560042 0.100000 1.258594 
0.565043 0.100000 3.159798 
0.570043 0.100000 -2.543814 
0.575043 0.100000 3.159798 
0.580043 0.100000 1.258594 
0.585043 0.100000 -0.642610 
0.590044 0.100000 1.258594 
0.595044 0.100000 -0.642610 
0.600044 0.100000 -0.642610 
0.605044 0.100000 1.258594 
0.610044 0.100000 -0.642610 
0.615044 0.100000 -0.642610 
0.620044 0.100000 1.258594 
0.625045 0.100000 1.258594 
0.630045 0.100000 -0.642610 
0.635045 0.100000 3.159798 
0.640045 0.100000 5.061002 
0.645046 0.100000 1.258594 
0.650046 0.100000 -4.445018 
0.655046 0.100000 -0.642610 
0.660046 0.100000 3.159798 
0.665046 0.100000 1.258594 
0.670047 0.100000 5.061002 
0.675047 0.100000 -2.543814 
0.680047 0.100000 -6.346223 
0.685047 0.100000 -4.445018 
0.690047 0.100000 3.159798 
0.695047 0.100000 5.061002 
0.700048 0.100000 3.159798 
0.705048 0.100000 1.258594 
0.710048 0.100000 -0.642610 
0.715048 0.100000 -0.642610 
0.720048 0.100000 -6.346223 
0.725049 0.100000 1.258594 
0.730049 0.100000 -0.642610 
0.735049 0.100000 3.159798 
0.740049 0.100000 3.159798 
0.745049 0.100000 3.159798 
0.750049 0.100000 -2.543814 
0.755050 0.100000 -4.445018 
0.760050 0.100000 -0.642610 
0.765050 0.100000 1.258594 
0.770050 0.100000 -0.642610 
0.775051 0.100000 -6.346223 
0.780051 0.100000 -2.543814 
0.785051 0.100000 -4.445018 
0.790051 0.100000 5.061002 
0.795051 0.100000 -4.445018 
0.800051 0.100000 -0.642610 
0.805051 0.100000 3.159798 
0.810051 0.100000 -4.445018 
0.815051 0.100000 1.258594 
0.820052 0.100000 -4.445018 
0.825052 0.100000 3.159798 
0.830052 0.100000 -0.642610 
0.835052 0.100000 -4.445018 
0.840052 0.100000 -4.445018 
0.845052 0.100000 1.258594 
0.850052 0.100000 1.258594 
0.855052 0.100000 -4.445018 
0.860053 0.100000 -4.445018 
0.865072 0.100000 -0.642610 
0.870072 0.100000 1.258594 
0.875072 0.100000 -0.642610 
0.880073 0.100000 -4.445018 
0.885073 0.100000 1.258594 
0.890073 0.100000 1.258594 
0.895073 0.100000 1.258594 
0.900073 0.100000 -4.445018 
0.905073 0.100000 -4.445018 
0.910073 0.100000 5.061002 
0.915073 0.100000 5.061002 
0.920073 0.100000 -0.642610 
0.925074 0.100000 -4.445018 
0.930074 0.100000 1.258594 
0.935074 0.100000 1.258594 
0.940074 0.100000 1.258594 
0.945074 0.100000 -0.642610 
0.950074 0.100000 -0.642610 
0.955074 0.100000 1.258594 
0.960074 0.100000 -0.642610 
0.965074 0.100000 -4.445018 
0.970075 0.100000 -0.642610 
0.975075 0.100000 -0.642610 
0.980075 0.100000 -0.642610 
0.985075 0.100000 -0.642610 
0.990075 0.100000 -0.642610 
0.995075 0.100000 -8.247427 
