0.000000 1.500000 0.789584 
0.005001 1.500000 6.493196 
0.010001 1.500000 6.493196 
0.015001 1.500000 -3.012824 
0.020001 1.500000 4.591992 
0.025001 1.500000 8.394400 
0.030001 1.500000 10.295605 
0.035001 1.500000 23.604034 
0.040002 1.500000 33.110054 
0.045002 1.500000 42.616075 
0.050002 1.500000 40.714871 
0.055002 1.500000 40.714871 
0.060007 1.500000 48.319688 
0.065007 1.500000 40.714871 
0.070007 1.500000 52.122096 
0.075007 1.500000 46.418483 
0.080007 1.500000 54.023300 
0.085007 1.500000 55.924504 
0.090007 1.500000 54.023300 
0.095008 1.500000 61.628117 
0.100008 1.500000 54.023300 
0.105008 1.500000 63.529321 
0.110008 1.500000 63.529321 
0.115008 1.500000 59.726913 
0.120008 1.500000 71.134137 
0.125008 1.500000 61.628117 
0.130008 1.500000 71.134137 
0.135008 1.500000 59.726913 
0.140008 1.500000 63.529321 
0.145010 1.500000 71.134137 
0.150010 1.500000 63.529321 
0.155010 1.500000 76.837750 
0.160011 1.500000 67.331729 
0.165011 1.500000 76.837750 
0.170011 1.500000 65.430525 
0.175011 1.500000 73.035342 
0.180011 1.500000 73.035342 
0.185011 1.500000 71.134137 
0.190011 1.500000 76.837750 
0.195011 1.500000 67.331729 
0.200011 1.500000 73.035342 
0.205012 1.500000 73.035342 
0.210012 1.500000 80.640158 
0.215012 1.500000 76.837750 
0.220012 1.500000 78.738954 
0.225012 1.500000 71.134137 
0.230012 1.500000 78.738954 
0.235018 1.500000 74.936546 
0.240018 1.500000 73.035342 
0.245018 1.500000 74.936546 
0.250018 1.500000 69.232933 
0.255019 1.500000 74.936546 
0.260019 1.500000 78.738954 
0.265019 1.500000 71.134137 
0.270019 1.500000 74.936546 
0.275019 1.500000 73.035342 
0.280020 1.500000 78.738954 
0.285020 1.500000 69.232933 
0.290020 1.500000 73.035342 
0.295020 1.500000 69.232933 
0.300020 1.500000 78.738954 
0.305020 1.500000 69.232933 
0.310021 1.500000 76.837750 
0.315021 1.500000 71.134137 
0.320021 1.500000 71.134137 
0.325021 1.500000 78.738954 
0.330021 1.500000 67.331729 
0.335021 1.500000 74.936546 
0.340021 1.500000 73.035342 
0.345021 1.500000 74.936546 
0.350022 1.500000 71.134137 
0.355022 1.500000 78.738954 
0.360022 1.500000 74.936546 
0.365022 1.500000 76.837750 
0.370022 1.500000 73.035342 
0.375022 1.500000 71.134137 
0.380022 1.500000 74.936546 
0.385023 1.500000 67.331729 
0.390023 1.500000 71.134137 
0.395023 1.500000 69.232933 
0.400023 1.500000 76.837750 
0.405035 1.500000 69.232933 
0.410035 1.500000 69.232933 
0.415035 1.500000 65.430525 
0.420035 1.500000 71.134137 
0.425035 1.500000 69.232933 
0.430035 1.500000 69.232933 
0.435035 1.500000 67.331729 
0.440035 1.500000 65.430525 
0.445036 1.500000 71.134137 
0.450036 1.500000 63.529321 
0.455036 1.500000 69.232933 
0.460037 1.500000 65.430525 
0.465037 1.500000 69.232933 
0.470037 1.500000 71.134137 
0.475037 1.500000 63.529321 
0.480037 1.500000 67.331729 
0.485037 1.500000 69.232933 
0.490038 1.500000 71.134137 
0.495038 1.500000 65.430525 
0.500038 1.500000 65.430525 
0.505041 1.500000 61.628117 
0.510041 1.500000 63.529321 
0.515041 1.500000 63.529321 
0.520041 1.500000 65.430525 
0.525042 1.500000 63.529321 
0.530042 1.500000 61.628117 
0.535042 1.500000 65.430525 
0.540042 1.500000 63.529321 
0.545042 1.500000 63.529321 
0.550042 1.500000 61.628117 
0.555043 1.500000 57.825708 
0.560043 1.500000 59.726913 
0.565043 1.500000 57.825708 
0.570043 1.500000 61.628117 
0.575043 1.500000 59.726913 
0.580043 1.500000 65.430525 
0.585044 1.500000 61.628117 
0.590044 1.500000 55.924504 
0.595044 1.500000 59.726913 
0.600044 1.500000 57.825708 
0.605045 1.500000 61.628117 
0.610045 1.500000 59.726913 
0.615045 1.500000 61.628117 
0.620045 1.500000 54.023300 
0.625045 1.500000 61.628117 
0.630045 1.500000 55.924504 
0.635045 1.500000 61.628117 
0.640045 1.500000 59.726913 
0.645045 1.500000 54.023300 
0.650046 1.500000 59.726913 
0.655046 1.500000 59.726913 
0.660046 1.500000 55.924504 
0.665046 1.500000 57.825708 
0.670046 1.500000 57.825708 
0.675046 1.500000 59.726913 
0.680046 1.500000 61.628117 
0.685047 1.500000 55.924504 
0.690047 1.500000 61.628117 
0.695047 1.500000 52.122096 
0.700048 1.500000 61.628117 
0.705048 1.500000 50.220892 
0.710048 1.500000 59.726913 
0.715048 1.500000 50.220892 
0.720048 1.500000 61.628117 
0.725048 1.500000 57.825708 
0.730048 1.500000 57.825708 
0.735049 1.500000 57.825708 
0.740049 1.500000 54.023300 
0.745049 1.500000 55.924504 
0.750049 1.500000 63.529321 
0.755050 1.500000 55.924504 
0.760050 1.500000 52.122096 
0.765050 1.500000 55.924504 
0.770051 1.500000 52.122096 
0.775051 1.500000 61.628117 
0.780051 1.500000 55.924504 
0.785051 1.500000 55.924504 
0.790051 1.500000 52.122096 
0.795051 1.500000 54.023300 
0.800051 1.500000 52.122096 
0.805051 1.500000 55.924504 
0.810051 1.500000 54.023300 
0.815068 1.500000 48.319688 
0.820068 1.500000 52.122096 
0.825068 1.500000 55.924504 
0.830068 1.500000 57.825708 
0.835068 1.500000 57.825708 
0.840069 1.500000 52.122096 
0.845069 1.500000 52.122096 
0.850078 1.500000 55.924504 
0.855078 1.500000 52.122096 
0.860078 1.500000 52.122096 
0.865085 1.500000 55.924504 
0.870085 1.500000 55.924504 
0.875085 1.500000 46.418483 
0.880099 1.500000 52.122096 
0.885100 1.500000 57.825708 
0.890100 1.500000 52.122096 
0.895100 1.500000 46.418483 
0.900100 1.500000 54.023300 
0.905100 1.500000 48.319688 
0.910100 1.500000 50.220892 
0.915100 1.500000 50.220892 
0.920101 1.500000 46.418483 
0.925102 1.500000 55.924504 
0.930102 1.500000 48.319688 
0.935102 1.500000 44.517279 
0.940102 1.500000 50.220892 
0.945103 1.500000 50.220892 
0.950103 1.500000 50.220892 
0.955103 1.500000 48.319688 
0.960103 1.500000 42.616075 
0.965103 1.500000 46.418483 
0.970103 1.500000 48.319688 
0.975103 1.500000 50.220892 
0.980103 1.500000 52.122096 
0.985103 1.500000 44.517279 
0.990103 1.500000 44.517279 
0.995109 1.500000 42.616075 
