0.000000 4.100000 -5.498863 
0.005000 4.100000 2.105953 
0.010001 4.100000 -3.597659 
0.015001 4.100000 5.908362 
0.020001 4.100000 19.216791 
0.025001 4.100000 38.228832 
0.030007 4.100000 45.833649 
0.035007 4.100000 66.746895 
0.040007 4.100000 85.758936 
0.045009 4.100000 106.672182 
0.050009 4.100000 110.474590 
0.055048 4.100000 118.079407 
0.060048 4.100000 129.486632 
0.065048 4.100000 127.585427 
0.070050 4.100000 131.387836 
0.075050 4.100000 129.486632 
0.080050 4.100000 133.289040 
0.085051 4.100000 138.992652 
0.090051 4.100000 146.597469 
0.095051 4.100000 152.301081 
0.100051 4.100000 154.202286 
0.105051 4.100000 152.301081 
0.110051 4.100000 158.004694 
0.115051 4.100000 152.301081 
0.120052 4.100000 156.103490 
0.125052 4.100000 150.399877 
0.130052 4.100000 158.004694 
0.135052 4.100000 163.708306 
0.140052 4.100000 161.807102 
0.145052 4.100000 171.313123 
0.150052 4.100000 169.411919 
0.155052 4.100000 163.708306 
0.160053 4.100000 167.510715 
0.165053 4.100000 169.411919 
0.170053 4.100000 169.411919 
0.175053 4.100000 173.214327 
0.180053 4.100000 173.214327 
0.185053 4.100000 167.510715 
0.190053 4.100000 171.313123 
0.195053 4.100000 171.313123 
0.200053 4.100000 169.411919 
0.205054 4.100000 169.411919 
0.210054 4.100000 173.214327 
0.215054 4.100000 167.510715 
0.220054 4.100000 165.609510 
0.225054 4.100000 167.510715 
0.230054 4.100000 173.214327 
0.235054 4.100000 177.016735 
0.240063 4.100000 175.115531 
0.245063 4.100000 171.313123 
0.250063 4.100000 169.411919 
0.255067 4.100000 171.313123 
0.260067 4.100000 169.411919 
0.265067 4.100000 165.609510 
0.270067 4.100000 163.708306 
0.275067 4.100000 163.708306 
0.280067 4.100000 165.609510 
0.285067 4.100000 163.708306 
0.290067 4.100000 165.609510 
0.295067 4.100000 169.411919 
0.300067 4.100000 165.609510 
0.305068 4.100000 165.609510 
0.310068 4.100000 171.313123 
0.315068 4.100000 169.411919 
0.320068 4.100000 169.411919 
0.325068 4.100000 169.411919 
0.330068 4.100000 171.313123 
0.335068 4.100000 163.708306 
0.340068 4.100000 167.510715 
0.345068 4.100000 163.708306 
0.350069 4.100000 161.807102 
0.355069 4.100000 169.411919 
0.360069 4.100000 165.609510 
0.365069 4.100000 169.411919 
0.370069 4.100000 161.807102 
0.375069 4.100000 156.103490 
0.380069 4.100000 163.708306 
0.385069 4.100000 165.609510 
0.390069 4.100000 165.609510 
0.395069 4.100000 165.609510 
0.400069 4.100000 161.807102 
0.405070 4.100000 159.905898 
0.410070 4.100000 161.807102 
0.415070 4.100000 159.905898 
0.420070 4.100000 165.609510 
0.425070 4.100000 161.807102 
0.430070 4.100000 159.905898 
0.435070 4.100000 158.004694 
0.440071 4.100000 156.103490 
0.445071 4.100000 156.103490 
0.450071 4.100000 154.202286 
0.455071 4.100000 159.905898 
0.460071 4.100000 161.807102 
0.465071 4.100000 163.708306 
0.470071 4.100000 152.301081 
0.475071 4.100000 154.202286 
0.480072 4.100000 159.905898 
0.485072 4.100000 159.905898 
0.490072 4.100000 161.807102 
0.495072 4.100000 152.301081 
0.500072 4.100000 156.103490 
0.505072 4.100000 156.103490 
0.510072 4.100000 156.103490 
0.515072 4.100000 152.301081 
0.520072 4.100000 150.399877 
0.525073 4.100000 154.202286 
0.530073 4.100000 148.498673 
0.535073 4.100000 150.399877 
0.540073 4.100000 158.004694 
0.545073 4.100000 154.202286 
0.550073 4.100000 152.301081 
0.555073 4.100000 154.202286 
0.560073 4.100000 152.301081 
0.565073 4.100000 156.103490 
0.570074 4.100000 158.004694 
0.575074 4.100000 156.103490 
0.580074 4.100000 150.399877 
0.585074 4.100000 154.202286 
0.590074 4.100000 156.103490 
0.595074 4.100000 152.301081 
0.600074 4.100000 154.202286 
0.605074 4.100000 148.498673 
0.610074 4.100000 158.004694 
0.615075 4.100000 156.103490 
0.620075 4.100000 156.103490 
0.625075 4.100000 156.103490 
0.630075 4.100000 152.301081 
0.635075 4.100000 158.004694 
0.640075 4.100000 152.301081 
0.645075 4.100000 152.301081 
0.650075 4.100000 150.399877 
0.655075 4.100000 146.597469 
0.660076 4.100000 148.498673 
0.665076 4.100000 156.103490 
0.670076 4.100000 161.807102 
0.675076 4.100000 158.004694 
0.680076 4.100000 156.103490 
0.685076 4.100000 154.202286 
0.690076 4.100000 150.399877 
0.695077 4.100000 154.202286 
0.700077 4.100000 150.399877 
0.705077 4.100000 150.399877 
0.710077 4.100000 148.498673 
0.715077 4.100000 150.399877 
0.720077 4.100000 152.301081 
0.725077 4.100000 161.807102 
0.730097 4.100000 158.004694 
0.735097 4.100000 154.202286 
0.740097 4.100000 156.103490 
0.745097 4.100000 148.498673 
0.750097 4.100000 156.103490 
0.755097 4.100000 158.004694 
0.760098 4.100000 161.807102 
0.765098 4.100000 154.202286 
0.770098 4.100000 152.301081 
0.775098 4.100000 150.399877 
0.780098 4.100000 152.301081 
0.785098 4.100000 154.202286 
0.790098 4.100000 154.202286 
0.795098 4.100000 158.004694 
0.800099 4.100000 152.301081 
0.805099 4.100000 154.202286 
0.810099 4.100000 150.399877 
0.815099 4.100000 154.202286 
0.820099 4.100000 152.301081 
0.825099 4.100000 158.004694 
0.830099 4.100000 161.807102 
0.835099 4.100000 159.905898 
0.840099 4.100000 154.202286 
0.845099 4.100000 158.004694 
0.850100 4.100000 158.004694 
0.855100 4.100000 154.202286 
0.860100 4.100000 154.202286 
0.865100 4.100000 159.905898 
0.870100 4.100000 154.202286 
0.875100 4.100000 154.202286 
0.880100 4.100000 159.905898 
0.885101 4.100000 161.807102 
0.890101 4.100000 161.807102 
0.895101 4.100000 161.807102 
0.900101 4.100000 167.510715 
0.905101 4.100000 165.609510 
0.910101 4.100000 161.807102 
0.915101 4.100000 158.004694 
0.920101 4.100000 161.807102 
0.925101 4.100000 167.510715 
0.930102 4.100000 163.708306 
0.935102 4.100000 167.510715 
0.940102 4.100000 163.708306 
0.945102 4.100000 165.609510 
0.950102 4.100000 159.905898 
0.955103 4.100000 167.510715 
0.960103 4.100000 159.905898 
0.965103 4.100000 161.807102 
0.970103 4.100000 161.807102 
0.975103 4.100000 167.510715 
0.980103 4.100000 163.708306 
0.985103 4.100000 163.708306 
0.990103 4.100000 163.708306 
0.995103 4.100000 163.708306 
