0.000001 3.900000 5.508502 
0.005001 3.900000 -0.195111 
0.010001 3.900000 3.607297 
0.015002 3.900000 7.409706 
0.020002 3.900000 18.816931 
0.025002 3.900000 37.828972 
0.030002 3.900000 47.334993 
0.035003 3.900000 68.248239 
0.040003 3.900000 87.260280 
0.045003 3.900000 98.667505 
0.050003 3.900000 110.074730 
0.055003 3.900000 111.975934 
0.060003 3.900000 121.481955 
0.065004 3.900000 123.383159 
0.070004 3.900000 119.580751 
0.075004 3.900000 127.185567 
0.080018 3.900000 127.185567 
0.085019 3.900000 142.395200 
0.090019 3.900000 134.790384 
0.095019 3.900000 140.493996 
0.100019 3.900000 140.493996 
0.105019 3.900000 148.098813 
0.110020 3.900000 148.098813 
0.115020 3.900000 150.000017 
0.120020 3.900000 157.604834 
0.125020 3.900000 146.197609 
0.130020 3.900000 151.901221 
0.135020 3.900000 148.098813 
0.140020 3.900000 161.407242 
0.145021 3.900000 163.308446 
0.150021 3.900000 163.308446 
0.155021 3.900000 157.604834 
0.160021 3.900000 161.407242 
0.165021 3.900000 161.407242 
0.170022 3.900000 167.110854 
0.175022 3.900000 167.110854 
0.180039 3.900000 165.209650 
0.185039 3.900000 163.308446 
0.190039 3.900000 161.407242 
0.195039 3.900000 169.012059 
0.200039 3.900000 167.110854 
0.205039 3.900000 163.308446 
0.210040 3.900000 167.110854 
0.215040 3.900000 170.913263 
0.220040 3.900000 161.407242 
0.225040 3.900000 161.407242 
0.230040 3.900000 165.209650 
0.235040 3.900000 161.407242 
0.240041 3.900000 163.308446 
0.245041 3.900000 169.012059 
0.250041 3.900000 159.506038 
0.255042 3.900000 165.209650 
0.260042 3.900000 159.506038 
0.265042 3.900000 169.012059 
0.270042 3.900000 163.308446 
0.275042 3.900000 163.308446 
0.280042 3.900000 167.110854 
0.285043 3.900000 161.407242 
0.290043 3.900000 157.604834 
0.295043 3.900000 161.407242 
0.300044 3.900000 161.407242 
0.305044 3.900000 167.110854 
0.310044 3.900000 165.209650 
0.315044 3.900000 161.407242 
0.320045 3.900000 159.506038 
0.325045 3.900000 157.604834 
0.330046 3.900000 155.703630 
0.335046 3.900000 155.703630 
0.340046 3.900000 155.703630 
0.345046 3.900000 167.110854 
0.350047 3.900000 159.506038 
0.355047 3.900000 159.506038 
0.360047 3.900000 157.604834 
0.365048 3.900000 153.802425 
0.370048 3.900000 153.802425 
0.375048 3.900000 161.407242 
0.380048 3.900000 157.604834 
0.385048 3.900000 159.506038 
0.390048 3.900000 157.604834 
0.395049 3.900000 163.308446 
0.400049 3.900000 163.308446 
0.405050 3.900000 157.604834 
0.410050 3.900000 155.703630 
0.415050 3.900000 151.901221 
0.420050 3.900000 151.901221 
0.425051 3.900000 148.098813 
0.430051 3.900000 157.604834 
0.435051 3.900000 161.407242 
0.440052 3.900000 151.901221 
0.445052 3.900000 155.703630 
0.450052 3.900000 155.703630 
0.455052 3.900000 150.000017 
0.460053 3.900000 148.098813 
0.465053 3.900000 153.802425 
0.470053 3.900000 155.703630 
0.475053 3.900000 153.802425 
0.480053 3.900000 155.703630 
0.485053 3.900000 157.604834 
0.490053 3.900000 144.296405 
0.495053 3.900000 155.703630 
0.500054 3.900000 146.197609 
0.505054 3.900000 151.901221 
0.510054 3.900000 146.197609 
0.515054 3.900000 150.000017 
0.520054 3.900000 151.901221 
0.525055 3.900000 148.098813 
0.530055 3.900000 144.296405 
0.535055 3.900000 144.296405 
0.540055 3.900000 146.197609 
0.545056 3.900000 150.000017 
0.550056 3.900000 142.395200 
0.555056 3.900000 150.000017 
0.560056 3.900000 142.395200 
0.565057 3.900000 151.901221 
0.570057 3.900000 153.802425 
0.575057 3.900000 142.395200 
0.580058 3.900000 142.395200 
0.585058 3.900000 148.098813 
0.590058 3.900000 148.098813 
0.595058 3.900000 144.296405 
0.600058 3.900000 142.395200 
0.605058 3.900000 146.197609 
0.610058 3.900000 146.197609 
0.615059 3.900000 148.098813 
0.620059 3.900000 153.802425 
0.625059 3.900000 144.296405 
0.630059 3.900000 148.098813 
0.635059 3.900000 146.197609 
0.640059 3.900000 146.197609 
0.645059 3.900000 146.197609 
0.650060 3.900000 142.395200 
0.655060 3.900000 146.197609 
0.660060 3.900000 146.197609 
0.665060 3.900000 155.703630 
0.670060 3.900000 150.000017 
0.675061 3.900000 138.592792 
0.680061 3.900000 144.296405 
0.685061 3.900000 136.691588 
0.690061 3.900000 153.802425 
0.695061 3.900000 144.296405 
0.700061 3.900000 155.703630 
0.705072 3.900000 153.802425 
0.710072 3.900000 148.098813 
0.715072 3.900000 150.000017 
0.720073 3.900000 148.098813 
0.725073 3.900000 150.000017 
0.730073 3.900000 144.296405 
0.735073 3.900000 153.802425 
0.740073 3.900000 146.197609 
0.745074 3.900000 140.493996 
0.750074 3.900000 146.197609 
0.755074 3.900000 142.395200 
0.760074 3.900000 153.802425 
0.765075 3.900000 144.296405 
0.770075 3.900000 153.802425 
0.775075 3.900000 150.000017 
0.780075 3.900000 151.901221 
0.785076 3.900000 153.802425 
0.790076 3.900000 144.296405 
0.795076 3.900000 151.901221 
0.800076 3.900000 151.901221 
0.805076 3.900000 148.098813 
0.810076 3.900000 148.098813 
0.815076 3.900000 148.098813 
0.820076 3.900000 148.098813 
0.825077 3.900000 150.000017 
0.830077 3.900000 150.000017 
0.835086 3.900000 155.703630 
0.840086 3.900000 148.098813 
0.845087 3.900000 155.703630 
0.850087 3.900000 148.098813 
0.855087 3.900000 144.296405 
0.860087 3.900000 148.098813 
0.865087 3.900000 153.802425 
0.870087 3.900000 153.802425 
0.875087 3.900000 155.703630 
0.880088 3.900000 155.703630 
0.885088 3.900000 144.296405 
0.890088 3.900000 155.703630 
0.895088 3.900000 155.703630 
0.900088 3.900000 151.901221 
0.905088 3.900000 155.703630 
0.910088 3.900000 148.098813 
0.915088 3.900000 155.703630 
0.920088 3.900000 151.901221 
0.925105 3.900000 157.604834 
0.930105 3.900000 159.506038 
0.935105 3.900000 151.901221 
0.940105 3.900000 150.000017 
0.945106 3.900000 155.703630 
0.950106 3.900000 157.604834 
0.955106 3.900000 159.506038 
0.960106 3.900000 151.901221 
0.965106 3.900000 146.197609 
0.970106 3.900000 161.407242 
0.975107 3.900000 163.308446 
0.980107 3.900000 163.308446 
0.985107 3.900000 157.604834 
0.990107 3.900000 155.703630 
0.995107 3.900000 153.802425 
