0.000001 1.600000 3.493021 
0.005001 1.600000 -0.309388 
0.010001 1.600000 -2.210592 
0.015001 1.600000 1.591817 
0.020002 1.600000 11.097837 
0.025002 1.600000 1.591817 
0.030002 1.600000 16.801450 
0.035002 1.600000 20.603858 
0.040002 1.600000 35.813491 
0.045002 1.600000 43.418308 
0.050002 1.600000 49.121920 
0.055002 1.600000 49.121920 
0.060003 1.600000 54.825533 
0.065003 1.600000 47.220716 
0.070003 1.600000 51.023125 
0.075003 1.600000 60.529145 
0.080003 1.600000 52.924329 
0.085003 1.600000 68.133962 
0.090003 1.600000 60.529145 
0.095004 1.600000 64.331554 
0.100004 1.600000 60.529145 
0.105004 1.600000 58.627941 
0.110004 1.600000 66.232758 
0.115004 1.600000 71.936370 
0.120004 1.600000 77.639983 
0.125004 1.600000 64.331554 
0.130004 1.600000 71.936370 
0.135004 1.600000 71.936370 
0.140005 1.600000 66.232758 
0.145005 1.600000 73.837574 
0.150005 1.600000 75.738779 
0.155005 1.600000 73.837574 
0.160005 1.600000 79.541187 
0.165005 1.600000 68.133962 
0.170005 1.600000 79.541187 
0.175006 1.600000 73.837574 
0.180006 1.600000 71.936370 
0.185006 1.600000 75.738779 
0.190006 1.600000 71.936370 
0.195006 1.600000 77.639983 
0.200006 1.600000 73.837574 
0.205006 1.600000 81.442391 
0.210009 1.600000 79.541187 
0.215009 1.600000 73.837574 
0.220009 1.600000 81.442391 
0.225009 1.600000 79.541187 
0.230009 1.600000 79.541187 
0.235009 1.600000 79.541187 
0.240009 1.600000 79.541187 
0.245009 1.600000 79.541187 
0.250010 1.600000 81.442391 
0.255010 1.600000 79.541187 
0.260010 1.600000 79.541187 
0.265010 1.600000 81.442391 
0.270010 1.600000 79.541187 
0.275010 1.600000 77.639983 
0.280010 1.600000 77.639983 
0.285010 1.600000 75.738779 
0.290010 1.600000 79.541187 
0.295011 1.600000 79.541187 
0.300011 1.600000 75.738779 
0.305011 1.600000 77.639983 
0.310011 1.600000 79.541187 
0.315011 1.600000 77.639983 
0.320011 1.600000 79.541187 
0.325011 1.600000 75.738779 
0.330012 1.600000 79.541187 
0.335012 1.600000 77.639983 
0.340012 1.600000 83.343595 
0.345012 1.600000 73.837574 
0.350012 1.600000 83.343595 
0.355012 1.600000 77.639983 
0.360012 1.600000 77.639983 
0.365012 1.600000 77.639983 
0.370013 1.600000 71.936370 
0.375013 1.600000 81.442391 
0.380013 1.600000 77.639983 
0.385013 1.600000 77.639983 
0.390013 1.600000 71.936370 
0.395013 1.600000 75.738779 
0.400013 1.600000 75.738779 
0.405014 1.600000 71.936370 
0.410014 1.600000 73.837574 
0.415014 1.600000 71.936370 
0.420014 1.600000 71.936370 
0.425014 1.600000 77.639983 
0.430014 1.600000 70.035166 
0.435014 1.600000 81.442391 
0.440014 1.600000 71.936370 
0.445014 1.600000 73.837574 
0.450014 1.600000 71.936370 
0.455015 1.600000 71.936370 
0.460015 1.600000 73.837574 
0.465015 1.600000 71.936370 
0.470015 1.600000 70.035166 
0.475015 1.600000 70.035166 
0.480015 1.600000 70.035166 
0.485015 1.600000 75.738779 
0.490016 1.600000 66.232758 
0.495016 1.600000 75.738779 
0.500016 1.600000 70.035166 
0.505016 1.600000 70.035166 
0.510016 1.600000 68.133962 
0.515016 1.600000 66.232758 
0.520016 1.600000 73.837574 
0.525017 1.600000 64.331554 
0.530017 1.600000 70.035166 
0.535017 1.600000 66.232758 
0.540017 1.600000 68.133962 
0.545017 1.600000 71.936370 
0.550017 1.600000 64.331554 
0.555017 1.600000 62.430349 
0.560018 1.600000 68.133962 
0.565018 1.600000 68.133962 
0.570018 1.600000 60.529145 
0.575018 1.600000 73.837574 
0.580018 1.600000 66.232758 
0.585018 1.600000 71.936370 
0.590018 1.600000 58.627941 
0.595018 1.600000 62.430349 
0.600019 1.600000 64.331554 
0.605019 1.600000 68.133962 
0.610019 1.600000 71.936370 
0.615019 1.600000 62.430349 
0.620019 1.600000 62.430349 
0.625019 1.600000 64.331554 
0.630019 1.600000 60.529145 
0.635019 1.600000 68.133962 
0.640019 1.600000 62.430349 
0.645020 1.600000 64.331554 
0.650020 1.600000 60.529145 
0.655020 1.600000 62.430349 
0.660020 1.600000 54.825533 
0.665020 1.600000 64.331554 
0.670020 1.600000 60.529145 
0.675020 1.600000 66.232758 
0.680020 1.600000 62.430349 
0.685020 1.600000 62.430349 
0.690020 1.600000 62.430349 
0.695021 1.600000 58.627941 
0.700021 1.600000 66.232758 
0.705021 1.600000 58.627941 
0.710021 1.600000 66.232758 
0.715021 1.600000 58.627941 
0.720021 1.600000 60.529145 
0.725021 1.600000 56.726737 
0.730021 1.600000 68.133962 
0.735021 1.600000 56.726737 
0.740022 1.600000 60.529145 
0.745022 1.600000 66.232758 
0.750022 1.600000 56.726737 
0.755022 1.600000 60.529145 
0.760022 1.600000 58.627941 
0.765023 1.600000 54.825533 
0.770023 1.600000 58.627941 
0.775023 1.600000 56.726737 
0.780023 1.600000 58.627941 
0.785023 1.600000 60.529145 
0.790023 1.600000 54.825533 
0.795023 1.600000 62.430349 
0.800023 1.600000 60.529145 
0.805023 1.600000 58.627941 
0.810024 1.600000 56.726737 
0.815024 1.600000 54.825533 
0.820024 1.600000 62.430349 
0.825024 1.600000 54.825533 
0.830025 1.600000 60.529145 
0.835025 1.600000 54.825533 
0.840025 1.600000 56.726737 
0.845032 1.600000 60.529145 
0.850032 1.600000 62.430349 
0.855032 1.600000 54.825533 
0.860032 1.600000 52.924329 
0.865033 1.600000 58.627941 
0.870033 1.600000 54.825533 
0.875033 1.600000 52.924329 
0.880033 1.600000 56.726737 
0.885033 1.600000 51.023125 
0.890033 1.600000 60.529145 
0.895033 1.600000 51.023125 
0.900033 1.600000 52.924329 
0.905034 1.600000 54.825533 
0.910034 1.600000 52.924329 
0.915034 1.600000 56.726737 
0.920034 1.600000 49.121920 
0.925034 1.600000 54.825533 
0.930034 1.600000 54.825533 
0.935034 1.600000 51.023125 
0.940035 1.600000 54.825533 
0.945035 1.600000 54.825533 
0.950035 1.600000 51.023125 
0.955035 1.600000 52.924329 
0.960035 1.600000 56.726737 
0.965035 1.600000 49.121920 
0.970035 1.600000 52.924329 
0.975035 1.600000 51.023125 
0.980035 1.600000 52.924329 
0.985036 1.600000 49.121920 
0.990036 1.600000 51.023125 
0.995036 1.600000 52.924329 
