0.000001 4.400000 -5.554075 
0.005001 4.400000 0.149537 
0.010001 4.400000 2.050741 
0.015001 4.400000 3.951946 
0.020001 4.400000 24.865191 
0.025002 4.400000 41.976029 
0.030002 4.400000 62.889274 
0.035009 4.400000 80.000112 
0.040009 4.400000 97.110949 
0.045009 4.400000 114.221786 
0.050009 4.400000 125.629011 
0.055009 4.400000 125.629011 
0.060009 4.400000 138.937440 
0.065014 4.400000 142.739849 
0.070014 4.400000 142.739849 
0.075014 4.400000 137.036236 
0.080014 4.400000 154.147073 
0.085014 4.400000 146.542257 
0.090014 4.400000 159.850686 
0.095015 4.400000 161.751890 
0.100015 4.400000 159.850686 
0.105015 4.400000 161.751890 
0.110015 4.400000 165.554298 
0.115015 4.400000 159.850686 
0.120015 4.400000 169.356707 
0.125015 4.400000 169.356707 
0.130016 4.400000 169.356707 
0.135016 4.400000 176.961523 
0.140016 4.400000 169.356707 
0.145016 4.400000 173.159115 
0.150016 4.400000 175.060319 
0.155016 4.400000 171.257911 
0.160016 4.400000 176.961523 
0.165017 4.400000 175.060319 
0.170017 4.400000 182.665136 
0.175017 4.400000 176.961523 
0.180017 4.400000 182.665136 
0.185017 4.400000 178.862727 
0.190017 4.400000 180.763932 
0.195017 4.400000 175.060319 
0.200018 4.400000 184.566340 
0.205018 4.400000 176.961523 
0.210018 4.400000 180.763932 
0.215018 4.400000 173.159115 
0.220019 4.400000 184.566340 
0.225019 4.400000 180.763932 
0.230019 4.400000 178.862727 
0.235019 4.400000 176.961523 
0.240019 4.400000 176.961523 
0.245024 4.400000 175.060319 
0.250025 4.400000 180.763932 
0.255025 4.400000 182.665136 
0.260025 4.400000 180.763932 
0.265025 4.400000 173.159115 
0.270026 4.400000 167.455503 
0.275026 4.400000 176.961523 
0.280026 4.400000 176.961523 
0.285026 4.400000 184.566340 
0.290026 4.400000 175.060319 
0.295026 4.400000 169.356707 
0.300026 4.400000 171.257911 
0.305026 4.400000 167.455503 
0.310026 4.400000 176.961523 
0.315027 4.400000 169.356707 
0.320027 4.400000 178.862727 
0.325027 4.400000 171.257911 
0.330027 4.400000 171.257911 
0.335027 4.400000 171.257911 
0.340027 4.400000 175.060319 
0.345027 4.400000 180.763932 
0.350027 4.400000 169.356707 
0.355027 4.400000 167.455503 
0.360027 4.400000 173.159115 
0.365028 4.400000 165.554298 
0.370028 4.400000 176.961523 
0.375028 4.400000 173.159115 
0.380028 4.400000 169.356707 
0.385028 4.400000 167.455503 
0.390028 4.400000 169.356707 
0.395030 4.400000 175.060319 
0.400030 4.400000 173.159115 
0.405030 4.400000 175.060319 
0.410030 4.400000 167.455503 
0.415030 4.400000 167.455503 
0.420030 4.400000 167.455503 
0.425030 4.400000 159.850686 
0.430030 4.400000 171.257911 
0.435030 4.400000 171.257911 
0.440031 4.400000 175.060319 
0.445031 4.400000 169.356707 
0.450031 4.400000 161.751890 
0.455031 4.400000 167.455503 
0.460031 4.400000 159.850686 
0.465031 4.400000 169.356707 
0.470031 4.400000 165.554298 
0.475031 4.400000 165.554298 
0.480031 4.400000 165.554298 
0.485032 4.400000 159.850686 
0.490032 4.400000 169.356707 
0.495032 4.400000 157.949482 
0.500041 4.400000 165.554298 
0.505042 4.400000 163.653094 
0.510042 4.400000 165.554298 
0.515042 4.400000 165.554298 
0.520042 4.400000 159.850686 
0.525042 4.400000 165.554298 
0.530044 4.400000 159.850686 
0.535055 4.400000 165.554298 
0.540056 4.400000 161.751890 
0.545056 4.400000 161.751890 
0.550056 4.400000 161.751890 
0.555056 4.400000 167.455503 
0.560056 4.400000 163.653094 
0.565056 4.400000 165.554298 
0.570056 4.400000 157.949482 
0.575056 4.400000 161.751890 
0.580057 4.400000 159.850686 
0.585057 4.400000 159.850686 
0.590057 4.400000 159.850686 
0.595058 4.400000 165.554298 
0.600058 4.400000 171.257911 
0.605058 4.400000 165.554298 
0.610058 4.400000 156.048278 
0.615058 4.400000 161.751890 
0.620059 4.400000 156.048278 
0.625059 4.400000 169.356707 
0.630059 4.400000 167.455503 
0.635059 4.400000 163.653094 
0.640059 4.400000 157.949482 
0.645060 4.400000 165.554298 
0.650060 4.400000 157.949482 
0.655060 4.400000 163.653094 
0.660060 4.400000 163.653094 
0.665060 4.400000 165.554298 
0.670061 4.400000 159.850686 
0.675061 4.400000 161.751890 
0.680061 4.400000 159.850686 
0.685061 4.400000 161.751890 
0.690061 4.400000 161.751890 
0.695061 4.400000 161.751890 
0.700061 4.400000 171.257911 
0.705061 4.400000 161.751890 
0.710063 4.400000 165.554298 
0.715063 4.400000 156.048278 
0.720063 4.400000 165.554298 
0.725064 4.400000 169.356707 
0.730064 4.400000 167.455503 
0.735064 4.400000 163.653094 
0.740064 4.400000 165.554298 
0.745064 4.400000 165.554298 
0.750065 4.400000 163.653094 
0.755076 4.400000 161.751890 
0.760076 4.400000 173.159115 
0.765076 4.400000 161.751890 
0.770076 4.400000 165.554298 
0.775076 4.400000 163.653094 
0.780076 4.400000 159.850686 
0.785077 4.400000 173.159115 
0.790077 4.400000 171.257911 
0.795085 4.400000 169.356707 
0.800085 4.400000 173.159115 
0.805098 4.400000 169.356707 
0.810098 4.400000 163.653094 
0.815098 4.400000 165.554298 
0.820098 4.400000 171.257911 
0.825098 4.400000 176.961523 
0.830099 4.400000 173.159115 
0.835099 4.400000 169.356707 
0.840099 4.400000 171.257911 
0.845099 4.400000 163.653094 
0.850099 4.400000 173.159115 
0.855099 4.400000 169.356707 
0.860099 4.400000 173.159115 
0.865099 4.400000 169.356707 
0.870099 4.400000 163.653094 
0.875099 4.400000 169.356707 
0.880100 4.400000 167.455503 
0.885100 4.400000 176.961523 
0.890100 4.400000 169.356707 
0.895100 4.400000 173.159115 
0.900100 4.400000 169.356707 
0.905100 4.400000 173.159115 
0.910100 4.400000 169.356707 
0.915101 4.400000 178.862727 
0.920101 4.400000 173.159115 
0.925101 4.400000 176.961523 
0.930101 4.400000 176.961523 
0.935101 4.400000 163.653094 
0.940101 4.400000 169.356707 
0.945101 4.400000 173.159115 
0.950102 4.400000 184.566340 
0.955102 4.400000 182.665136 
0.960102 4.400000 169.356707 
0.965102 4.400000 178.862727 
0.970102 4.400000 167.455503 
0.975102 4.400000 175.060319 
0.980102 4.400000 176.961523 
0.985102 4.400000 178.862727 
0.990102 4.400000 176.961523 
0.995102 4.400000 175.060319 
