0.000001 2.100000 -5.172789 
0.005001 2.100000 0.530824 
0.010001 2.100000 0.530824 
0.015002 2.100000 -3.271584 
0.020002 2.100000 8.135640 
0.025002 2.100000 4.333232 
0.030002 2.100000 25.246478 
0.035003 2.100000 30.950090 
0.040003 2.100000 32.851294 
0.045003 2.100000 48.060928 
0.050003 2.100000 55.665744 
0.055003 2.100000 65.171765 
0.060004 2.100000 61.369357 
0.065004 2.100000 65.171765 
0.070004 2.100000 65.171765 
0.075004 2.100000 72.776582 
0.080004 2.100000 70.875377 
0.085004 2.100000 68.974173 
0.090004 2.100000 76.578990 
0.095005 2.100000 80.381398 
0.100005 2.100000 78.480194 
0.105005 2.100000 80.381398 
0.110005 2.100000 76.578990 
0.115005 2.100000 84.183807 
0.120005 2.100000 91.788623 
0.125006 2.100000 82.282602 
0.130006 2.100000 84.183807 
0.135006 2.100000 89.887419 
0.140006 2.100000 89.887419 
0.145006 2.100000 91.788623 
0.150006 2.100000 89.887419 
0.155006 2.100000 89.887419 
0.160007 2.100000 95.591031 
0.165007 2.100000 97.492236 
0.170007 2.100000 89.887419 
0.175007 2.100000 91.788623 
0.180007 2.100000 99.393440 
0.185008 2.100000 99.393440 
0.190008 2.100000 95.591031 
0.195008 2.100000 95.591031 
0.200008 2.100000 97.492236 
0.205008 2.100000 97.492236 
0.210009 2.100000 99.393440 
0.215009 2.100000 101.294644 
0.220009 2.100000 91.788623 
0.225009 2.100000 95.591031 
0.230009 2.100000 93.689827 
0.235009 2.100000 97.492236 
0.240009 2.100000 101.294644 
0.245009 2.100000 95.591031 
0.250009 2.100000 103.195848 
0.255010 2.100000 101.294644 
0.260010 2.100000 95.591031 
0.265010 2.100000 97.492236 
0.270010 2.100000 95.591031 
0.275010 2.100000 99.393440 
0.280011 2.100000 93.689827 
0.285011 2.100000 91.788623 
0.290011 2.100000 105.097052 
0.295011 2.100000 101.294644 
0.300011 2.100000 97.492236 
0.305011 2.100000 97.492236 
0.310011 2.100000 99.393440 
0.315012 2.100000 101.294644 
0.320012 2.100000 89.887419 
0.325012 2.100000 103.195848 
0.330012 2.100000 99.393440 
0.335012 2.100000 97.492236 
0.340013 2.100000 99.393440 
0.345013 2.100000 103.195848 
0.350013 2.100000 93.689827 
0.355014 2.100000 101.294644 
0.360014 2.100000 93.689827 
0.365014 2.100000 91.788623 
0.370015 2.100000 97.492236 
0.375015 2.100000 91.788623 
0.380015 2.100000 99.393440 
0.385015 2.100000 93.689827 
0.390016 2.100000 95.591031 
0.395016 2.100000 97.492236 
0.400016 2.100000 93.689827 
0.405016 2.100000 91.788623 
0.410016 2.100000 93.689827 
0.415017 2.100000 93.689827 
0.420017 2.100000 95.591031 
0.425017 2.100000 93.689827 
0.430017 2.100000 89.887419 
0.435019 2.100000 89.887419 
0.440019 2.100000 91.788623 
0.445019 2.100000 91.788623 
0.450020 2.100000 84.183807 
0.455020 2.100000 89.887419 
0.460020 2.100000 89.887419 
0.465020 2.100000 89.887419 
0.470020 2.100000 87.986215 
0.475020 2.100000 89.887419 
0.480020 2.100000 84.183807 
0.485021 2.100000 91.788623 
0.490021 2.100000 89.887419 
0.495021 2.100000 86.085011 
0.500021 2.100000 84.183807 
0.505021 2.100000 86.085011 
0.510021 2.100000 91.788623 
0.515021 2.100000 82.282602 
0.520022 2.100000 82.282602 
0.525022 2.100000 91.788623 
0.530022 2.100000 84.183807 
0.535022 2.100000 84.183807 
0.540022 2.100000 86.085011 
0.545022 2.100000 78.480194 
0.550022 2.100000 89.887419 
0.555023 2.100000 87.986215 
0.560023 2.100000 86.085011 
0.565023 2.100000 84.183807 
0.570023 2.100000 78.480194 
0.575023 2.100000 87.986215 
0.580023 2.100000 76.578990 
0.585024 2.100000 84.183807 
0.590024 2.100000 87.986215 
0.595024 2.100000 78.480194 
0.600024 2.100000 80.381398 
0.605024 2.100000 80.381398 
0.610024 2.100000 82.282602 
0.615024 2.100000 86.085011 
0.620025 2.100000 76.578990 
0.625025 2.100000 84.183807 
0.630025 2.100000 82.282602 
0.635025 2.100000 78.480194 
0.640025 2.100000 82.282602 
0.645025 2.100000 76.578990 
0.650026 2.100000 84.183807 
0.655026 2.100000 72.776582 
0.660026 2.100000 76.578990 
0.665026 2.100000 80.381398 
0.670026 2.100000 76.578990 
0.675027 2.100000 78.480194 
0.680027 2.100000 76.578990 
0.685027 2.100000 70.875377 
0.690027 2.100000 70.875377 
0.695028 2.100000 80.381398 
0.700028 2.100000 72.776582 
0.705028 2.100000 78.480194 
0.710028 2.100000 76.578990 
0.715029 2.100000 72.776582 
0.720029 2.100000 76.578990 
0.725029 2.100000 72.776582 
0.730029 2.100000 72.776582 
0.735046 2.100000 72.776582 
0.740046 2.100000 78.480194 
0.745047 2.100000 70.875377 
0.750047 2.100000 76.578990 
0.755047 2.100000 68.974173 
0.760047 2.100000 76.578990 
0.765047 2.100000 74.677786 
0.770048 2.100000 72.776582 
0.775048 2.100000 76.578990 
0.780048 2.100000 70.875377 
0.785048 2.100000 78.480194 
0.790048 2.100000 74.677786 
0.795048 2.100000 76.578990 
0.800048 2.100000 72.776582 
0.805049 2.100000 68.974173 
0.810049 2.100000 76.578990 
0.815049 2.100000 68.974173 
0.820049 2.100000 70.875377 
0.825049 2.100000 74.677786 
0.830049 2.100000 72.776582 
0.835049 2.100000 76.578990 
0.840049 2.100000 67.072969 
0.845049 2.100000 74.677786 
0.850049 2.100000 68.974173 
0.855049 2.100000 68.974173 
0.860050 2.100000 70.875377 
0.865050 2.100000 68.974173 
0.870050 2.100000 72.776582 
0.875050 2.100000 70.875377 
0.880050 2.100000 74.677786 
0.885051 2.100000 76.578990 
0.890051 2.100000 67.072969 
0.895051 2.100000 74.677786 
0.900051 2.100000 67.072969 
0.905051 2.100000 70.875377 
0.910052 2.100000 67.072969 
0.915052 2.100000 72.776582 
0.920052 2.100000 70.875377 
0.925052 2.100000 70.875377 
0.930052 2.100000 74.677786 
0.935052 2.100000 63.270561 
0.940053 2.100000 74.677786 
0.945053 2.100000 68.974173 
0.950053 2.100000 70.875377 
0.955053 2.100000 70.875377 
0.960053 2.100000 67.072969 
0.965054 2.100000 68.974173 
0.970054 2.100000 72.776582 
0.975055 2.100000 68.974173 
0.980055 2.100000 68.974173 
0.985055 2.100000 63.270561 
0.990055 2.100000 67.072969 
0.995055 2.100000 70.875377 
