0.000000 1.900000 3.815773 
0.005001 1.900000 -3.789044 
0.010001 1.900000 -3.789044 
0.015001 1.900000 1.914569 
0.020001 1.900000 7.618181 
0.025001 1.900000 11.420590 
0.030002 1.900000 19.025406 
0.035002 1.900000 34.235039 
0.040002 1.900000 36.136244 
0.045002 1.900000 47.543469 
0.050002 1.900000 47.543469 
0.055003 1.900000 62.753102 
0.060003 1.900000 53.247081 
0.065003 1.900000 55.148285 
0.070003 1.900000 60.851898 
0.075003 1.900000 64.654306 
0.080003 1.900000 74.160327 
0.085004 1.900000 76.061531 
0.090004 1.900000 70.357918 
0.095004 1.900000 70.357918 
0.100004 1.900000 72.259123 
0.105004 1.900000 72.259123 
0.110005 1.900000 77.962735 
0.115005 1.900000 79.863939 
0.120005 1.900000 76.061531 
0.125005 1.900000 79.863939 
0.130005 1.900000 79.863939 
0.135005 1.900000 83.666347 
0.140006 1.900000 89.369960 
0.145006 1.900000 83.666347 
0.150006 1.900000 85.567552 
0.155006 1.900000 77.962735 
0.160007 1.900000 89.369960 
0.165007 1.900000 83.666347 
0.170007 1.900000 87.468756 
0.175007 1.900000 83.666347 
0.180007 1.900000 91.271164 
0.185007 1.900000 87.468756 
0.190008 1.900000 85.567552 
0.195008 1.900000 85.567552 
0.200008 1.900000 95.073572 
0.205009 1.900000 91.271164 
0.210009 1.900000 89.369960 
0.215009 1.900000 89.369960 
0.220009 1.900000 85.567552 
0.225009 1.900000 89.369960 
0.230010 1.900000 87.468756 
0.235010 1.900000 95.073572 
0.240010 1.900000 91.271164 
0.245010 1.900000 85.567552 
0.250010 1.900000 93.172368 
0.255011 1.900000 89.369960 
0.260011 1.900000 96.974776 
0.265011 1.900000 91.271164 
0.270011 1.900000 89.369960 
0.275011 1.900000 89.369960 
0.280012 1.900000 93.172368 
0.285012 1.900000 87.468756 
0.290012 1.900000 95.073572 
0.295012 1.900000 85.567552 
0.300012 1.900000 89.369960 
0.305012 1.900000 91.271164 
0.310012 1.900000 91.271164 
0.315012 1.900000 93.172368 
0.320012 1.900000 87.468756 
0.325013 1.900000 93.172368 
0.330013 1.900000 85.567552 
0.335013 1.900000 89.369960 
0.340013 1.900000 89.369960 
0.345025 1.900000 95.073572 
0.350048 1.900000 89.369960 
0.355048 1.900000 83.666347 
0.360048 1.900000 89.369960 
0.365048 1.900000 89.369960 
0.370049 1.900000 93.172368 
0.375049 1.900000 83.666347 
0.380049 1.900000 93.172368 
0.385049 1.900000 85.567552 
0.390049 1.900000 85.567552 
0.395049 1.900000 87.468756 
0.400049 1.900000 79.863939 
0.405050 1.900000 87.468756 
0.410050 1.900000 85.567552 
0.415050 1.900000 85.567552 
0.420050 1.900000 89.369960 
0.425050 1.900000 79.863939 
0.430050 1.900000 85.567552 
0.435050 1.900000 81.765143 
0.440051 1.900000 85.567552 
0.445051 1.900000 85.567552 
0.450051 1.900000 77.962735 
0.455051 1.900000 83.666347 
0.460051 1.900000 79.863939 
0.465051 1.900000 83.666347 
0.470052 1.900000 81.765143 
0.475052 1.900000 83.666347 
0.480052 1.900000 87.468756 
0.485052 1.900000 77.962735 
0.490052 1.900000 81.765143 
0.495052 1.900000 77.962735 
0.500052 1.900000 85.567552 
0.505052 1.900000 76.061531 
0.510052 1.900000 77.962735 
0.515053 1.900000 81.765143 
0.520053 1.900000 79.863939 
0.525053 1.900000 81.765143 
0.530053 1.900000 77.962735 
0.535053 1.900000 81.765143 
0.540053 1.900000 83.666347 
0.545053 1.900000 77.962735 
0.550053 1.900000 79.863939 
0.555054 1.900000 70.357918 
0.560054 1.900000 77.962735 
0.565054 1.900000 81.765143 
0.570054 1.900000 77.962735 
0.575054 1.900000 77.962735 
0.580054 1.900000 76.061531 
0.585054 1.900000 81.765143 
0.590054 1.900000 72.259123 
0.595054 1.900000 77.962735 
0.600054 1.900000 70.357918 
0.605055 1.900000 79.863939 
0.610055 1.900000 77.962735 
0.615055 1.900000 70.357918 
0.620055 1.900000 72.259123 
0.625055 1.900000 76.061531 
0.630055 1.900000 72.259123 
0.635055 1.900000 68.456714 
0.640056 1.900000 72.259123 
0.645056 1.900000 79.863939 
0.650056 1.900000 76.061531 
0.655056 1.900000 77.962735 
0.660056 1.900000 70.357918 
0.665056 1.900000 74.160327 
0.670057 1.900000 76.061531 
0.675057 1.900000 74.160327 
0.680057 1.900000 77.962735 
0.685057 1.900000 70.357918 
0.690057 1.900000 76.061531 
0.695057 1.900000 77.962735 
0.700058 1.900000 70.357918 
0.705058 1.900000 72.259123 
0.710058 1.900000 70.357918 
0.715058 1.900000 64.654306 
0.720058 1.900000 64.654306 
0.725059 1.900000 66.555510 
0.730059 1.900000 68.456714 
0.735059 1.900000 68.456714 
0.740059 1.900000 70.357918 
0.745059 1.900000 72.259123 
0.750059 1.900000 70.357918 
0.755059 1.900000 64.654306 
0.760059 1.900000 70.357918 
0.765060 1.900000 70.357918 
0.770060 1.900000 70.357918 
0.775060 1.900000 66.555510 
0.780060 1.900000 74.160327 
0.785061 1.900000 62.753102 
0.790061 1.900000 68.456714 
0.795061 1.900000 72.259123 
0.800061 1.900000 62.753102 
0.805061 1.900000 66.555510 
0.810061 1.900000 62.753102 
0.815061 1.900000 68.456714 
0.820062 1.900000 68.456714 
0.825062 1.900000 66.555510 
0.830062 1.900000 66.555510 
0.835062 1.900000 68.456714 
0.840062 1.900000 64.654306 
0.845062 1.900000 64.654306 
0.850063 1.900000 62.753102 
0.855063 1.900000 72.259123 
0.860063 1.900000 66.555510 
0.865063 1.900000 68.456714 
0.870063 1.900000 70.357918 
0.875063 1.900000 70.357918 
0.880064 1.900000 66.555510 
0.885064 1.900000 68.456714 
0.890064 1.900000 64.654306 
0.895064 1.900000 60.851898 
0.900064 1.900000 62.753102 
0.905064 1.900000 66.555510 
0.910064 1.900000 62.753102 
0.915064 1.900000 70.357918 
0.920065 1.900000 60.851898 
0.925065 1.900000 66.555510 
0.930065 1.900000 60.851898 
0.935065 1.900000 64.654306 
0.940065 1.900000 60.851898 
0.945065 1.900000 60.851898 
0.950075 1.900000 66.555510 
0.955075 1.900000 60.851898 
0.960075 1.900000 62.753102 
0.965075 1.900000 60.851898 
0.970076 1.900000 62.753102 
0.975076 1.900000 60.851898 
0.980076 1.900000 68.456714 
0.985076 1.900000 57.049489 
0.990076 1.900000 62.753102 
0.995076 1.900000 57.049489 
