0.000001 0.000000 4.634339 
0.005001 0.000000 -1.069274 
0.010001 0.000000 0.831930 
0.015002 0.000000 4.634339 
0.020002 0.000000 -4.871682 
0.025002 0.000000 2.733134 
0.030002 0.000000 -6.772886 
0.035003 0.000000 -4.871682 
0.040003 0.000000 -1.069274 
0.045003 0.000000 -1.069274 
0.050003 0.000000 2.733134 
0.055003 0.000000 2.733134 
0.060003 0.000000 -4.871682 
0.065004 0.000000 -1.069274 
0.070004 0.000000 2.733134 
0.075004 0.000000 -1.069274 
0.080004 0.000000 -1.069274 
0.085004 0.000000 -4.871682 
0.090004 0.000000 4.634339 
0.095005 0.000000 -1.069274 
0.100005 0.000000 0.831930 
0.105005 0.000000 -2.970478 
0.110005 0.000000 -1.069274 
0.115006 0.000000 -1.069274 
0.120006 0.000000 -1.069274 
0.125006 0.000000 -1.069274 
0.130006 0.000000 4.634339 
0.135006 0.000000 -4.871682 
0.140006 0.000000 -4.871682 
0.145007 0.000000 -1.069274 
0.150007 0.000000 -4.871682 
0.155007 0.000000 0.831930 
0.160007 0.000000 2.733134 
0.165007 0.000000 -1.069274 
0.170008 0.000000 0.831930 
0.175008 0.000000 -6.772886 
0.180008 0.000000 2.733134 
0.185008 0.000000 -4.871682 
0.190009 0.000000 -1.069274 
0.195009 0.000000 0.831930 
0.200009 0.000000 0.831930 
0.205009 0.000000 -1.069274 
0.210010 0.000000 -6.772886 
0.215010 0.000000 4.634339 
0.220010 0.000000 0.831930 
0.225011 0.000000 2.733134 
0.230011 0.000000 0.831930 
0.235011 0.000000 2.733134 
0.240011 0.000000 -4.871682 
0.245011 0.000000 2.733134 
0.250012 0.000000 -1.069274 
0.255012 0.000000 -1.069274 
0.260012 0.000000 4.634339 
0.265013 0.000000 -4.871682 
0.270013 0.000000 -4.871682 
0.275013 0.000000 -1.069274 
0.280013 0.000000 -1.069274 
0.285014 0.000000 0.831930 
0.290014 0.000000 -1.069274 
0.295014 0.000000 -2.970478 
0.300014 0.000000 -1.069274 
0.305014 0.000000 2.733134 
0.310015 0.000000 -4.871682 
0.315015 0.000000 -2.970478 
0.320015 0.000000 0.831930 
0.325015 0.000000 -2.970478 
0.330016 0.000000 4.634339 
0.335016 0.000000 -6.772886 
0.340016 0.000000 -1.069274 
0.345016 0.000000 0.831930 
0.350016 0.000000 4.634339 
0.355016 0.000000 4.634339 
0.360017 0.000000 -1.069274 
0.365017 0.000000 -2.970478 
0.370017 0.000000 0.831930 
0.375017 0.000000 2.733134 
0.380017 0.000000 -1.069274 
0.385018 0.000000 2.733134 
0.390018 0.000000 0.831930 
0.395018 0.000000 -2.970478 
0.400018 0.000000 2.733134 
0.405018 0.000000 0.831930 
0.410019 0.000000 2.733134 
0.415019 0.000000 4.634339 
0.420019 0.000000 -1.069274 
0.425019 0.000000 -6.772886 
0.430019 0.000000 4.634339 
0.435019 0.000000 0.831930 
0.440019 0.000000 4.634339 
0.445020 0.000000 -1.069274 
0.450020 0.000000 0.831930 
0.455020 0.000000 -1.069274 
0.460020 0.000000 -1.069274 
0.465020 0.000000 -6.772886 
0.470020 0.000000 2.733134 
0.475021 0.000000 -6.772886 
0.480021 0.000000 -1.069274 
0.485021 0.000000 -4.871682 
0.490021 0.000000 -4.871682 
0.495021 0.000000 -4.871682 
0.500021 0.000000 -1.069274 
0.505021 0.000000 -4.871682 
0.510022 0.000000 -4.871682 
0.515022 0.000000 2.733134 
0.520022 0.000000 -6.772886 
0.525022 0.000000 -1.069274 
0.530037 0.000000 -1.069274 
0.535037 0.000000 0.831930 
0.540038 0.000000 2.733134 
0.545038 0.000000 0.831930 
0.550050 0.000000 -4.871682 
0.555051 0.000000 -2.970478 
0.560051 0.000000 -1.069274 
0.565051 0.000000 0.831930 
0.570051 0.000000 2.733134 
0.575052 0.000000 -1.069274 
0.580052 0.000000 -1.069274 
0.585052 0.000000 2.733134 
0.590052 0.000000 -2.970478 
0.595053 0.000000 -1.069274 
0.600053 0.000000 2.733134 
0.605053 0.000000 -4.871682 
0.610053 0.000000 2.733134 
0.615053 0.000000 -1.069274 
0.620054 0.000000 -1.069274 
0.625054 0.000000 -1.069274 
0.630054 0.000000 0.831930 
0.635054 0.000000 0.831930 
0.640054 0.000000 0.831930 
0.645054 0.000000 -4.871682 
0.650054 0.000000 2.733134 
0.655054 0.000000 -4.871682 
0.660055 0.000000 -2.970478 
0.665055 0.000000 -1.069274 
0.670055 0.000000 -1.069274 
0.675055 0.000000 2.733134 
0.680055 0.000000 -4.871682 
0.685055 0.000000 2.733134 
0.690056 0.000000 -1.069274 
0.695056 0.000000 -4.871682 
0.700056 0.000000 2.733134 
0.705056 0.000000 -1.069274 
0.710056 0.000000 0.831930 
0.715056 0.000000 -1.069274 
0.720071 0.000000 -6.772886 
0.725072 0.000000 2.733134 
0.730072 0.000000 -6.772886 
0.735072 0.000000 -1.069274 
0.740072 0.000000 -1.069274 
0.745072 0.000000 0.831930 
0.750072 0.000000 4.634339 
0.755072 0.000000 -4.871682 
0.760073 0.000000 2.733134 
0.765073 0.000000 0.831930 
0.770073 0.000000 -1.069274 
0.775073 0.000000 2.733134 
0.780073 0.000000 -4.871682 
0.785074 0.000000 -4.871682 
0.790074 0.000000 2.733134 
0.795074 0.000000 0.831930 
0.800074 0.000000 -2.970478 
0.805074 0.000000 0.831930 
0.810074 0.000000 4.634339 
0.815074 0.000000 0.831930 
0.820075 0.000000 -1.069274 
0.825075 0.000000 2.733134 
0.830075 0.000000 -1.069274 
0.835075 0.000000 -1.069274 
0.840075 0.000000 2.733134 
0.845075 0.000000 -1.069274 
0.850075 0.000000 0.831930 
0.855076 0.000000 4.634339 
0.860076 0.000000 -1.069274 
0.865076 0.000000 4.634339 
0.870076 0.000000 -2.970478 
0.875076 0.000000 -6.772886 
0.880077 0.000000 -4.871682 
0.885078 0.000000 2.733134 
0.890078 0.000000 0.831930 
0.895078 0.000000 0.831930 
0.900078 0.000000 -2.970478 
0.905078 0.000000 -1.069274 
0.910083 0.000000 0.831930 
0.915083 0.000000 2.733134 
0.920083 0.000000 -1.069274 
0.925083 0.000000 0.831930 
0.930083 0.000000 -4.871682 
0.935083 0.000000 0.831930 
0.940083 0.000000 -2.970478 
0.945084 0.000000 2.733134 
0.950084 0.000000 -2.970478 
0.955084 0.000000 -4.871682 
0.960084 0.000000 0.831930 
0.965084 0.000000 -1.069274 
0.970084 0.000000 4.634339 
0.975084 0.000000 -4.871682 
0.980084 0.000000 -4.871682 
0.985085 0.000000 4.634339 
0.990085 0.000000 -4.871682 
0.995085 0.000000 -4.871682 
