0.000000 1.000000 1.881942 
0.005001 1.000000 -1.920466 
0.010001 1.000000 1.881942 
0.015001 1.000000 -1.920466 
0.020001 1.000000 1.881942 
0.025001 1.000000 1.881942 
0.030001 1.000000 7.585554 
0.035001 1.000000 9.486759 
0.040001 1.000000 18.992779 
0.045002 1.000000 22.795188 
0.050002 1.000000 28.498800 
0.055002 1.000000 32.301208 
0.060003 1.000000 32.301208 
0.065003 1.000000 34.202413 
0.070003 1.000000 32.301208 
0.075003 1.000000 34.202413 
0.080003 1.000000 41.807229 
0.085003 1.000000 36.103617 
0.090004 1.000000 39.906025 
0.095004 1.000000 43.708433 
0.100004 1.000000 36.103617 
0.105004 1.000000 34.202413 
0.110004 1.000000 43.708433 
0.115004 1.000000 43.708433 
0.120004 1.000000 51.313250 
0.125004 1.000000 49.412046 
0.130004 1.000000 39.906025 
0.135004 1.000000 47.510842 
0.140005 1.000000 45.609637 
0.145005 1.000000 39.906025 
0.150005 1.000000 51.313250 
0.155005 1.000000 47.510842 
0.160005 1.000000 41.807229 
0.165005 1.000000 51.313250 
0.170005 1.000000 49.412046 
0.175006 1.000000 43.708433 
0.180006 1.000000 53.214454 
0.185006 1.000000 49.412046 
0.190006 1.000000 51.313250 
0.195006 1.000000 51.313250 
0.200006 1.000000 45.609637 
0.205007 1.000000 55.115658 
0.210007 1.000000 51.313250 
0.215007 1.000000 51.313250 
0.220007 1.000000 57.016862 
0.225007 1.000000 51.313250 
0.230008 1.000000 51.313250 
0.235008 1.000000 49.412046 
0.240008 1.000000 47.510842 
0.245008 1.000000 53.214454 
0.250008 1.000000 57.016862 
0.255008 1.000000 51.313250 
0.260009 1.000000 49.412046 
0.265009 1.000000 43.708433 
0.270009 1.000000 51.313250 
0.275010 1.000000 55.115658 
0.280010 1.000000 47.510842 
0.285010 1.000000 47.510842 
0.290010 1.000000 53.214454 
0.295010 1.000000 49.412046 
0.300011 1.000000 49.412046 
0.305011 1.000000 51.313250 
0.310011 1.000000 55.115658 
0.315011 1.000000 49.412046 
0.320011 1.000000 51.313250 
0.325011 1.000000 49.412046 
0.330012 1.000000 47.510842 
0.335012 1.000000 47.510842 
0.340012 1.000000 53.214454 
0.345012 1.000000 45.609637 
0.350012 1.000000 47.510842 
0.355012 1.000000 53.214454 
0.360012 1.000000 49.412046 
0.365028 1.000000 55.115658 
0.370028 1.000000 49.412046 
0.375028 1.000000 49.412046 
0.380028 1.000000 51.313250 
0.385028 1.000000 47.510842 
0.390028 1.000000 47.510842 
0.395029 1.000000 43.708433 
0.400035 1.000000 39.906025 
0.405035 1.000000 45.609637 
0.410035 1.000000 49.412046 
0.415035 1.000000 45.609637 
0.420035 1.000000 49.412046 
0.425035 1.000000 43.708433 
0.430035 1.000000 45.609637 
0.435035 1.000000 39.906025 
0.440035 1.000000 47.510842 
0.445036 1.000000 45.609637 
0.450036 1.000000 41.807229 
0.455036 1.000000 47.510842 
0.460036 1.000000 45.609637 
0.465036 1.000000 43.708433 
0.470036 1.000000 47.510842 
0.475037 1.000000 41.807229 
0.480037 1.000000 45.609637 
0.485037 1.000000 45.609637 
0.490037 1.000000 45.609637 
0.495037 1.000000 43.708433 
0.500037 1.000000 49.412046 
0.505038 1.000000 39.906025 
0.510038 1.000000 43.708433 
0.515038 1.000000 39.906025 
0.520038 1.000000 43.708433 
0.525039 1.000000 43.708433 
0.530039 1.000000 45.609637 
0.535039 1.000000 49.412046 
0.540039 1.000000 41.807229 
0.545039 1.000000 39.906025 
0.550039 1.000000 38.004821 
0.555040 1.000000 39.906025 
0.560040 1.000000 47.510842 
0.565040 1.000000 39.906025 
0.570040 1.000000 39.906025 
0.575040 1.000000 41.807229 
0.580040 1.000000 36.103617 
0.585041 1.000000 41.807229 
0.590041 1.000000 34.202413 
0.595041 1.000000 41.807229 
0.600041 1.000000 41.807229 
0.605041 1.000000 38.004821 
0.610041 1.000000 43.708433 
0.615041 1.000000 43.708433 
0.620041 1.000000 39.906025 
0.625042 1.000000 36.103617 
0.630042 1.000000 43.708433 
0.635042 1.000000 36.103617 
0.640042 1.000000 43.708433 
0.645042 1.000000 36.103617 
0.650042 1.000000 39.906025 
0.655042 1.000000 41.807229 
0.660042 1.000000 39.906025 
0.665043 1.000000 43.708433 
0.670043 1.000000 38.004821 
0.675043 1.000000 34.202413 
0.680043 1.000000 32.301208 
0.685043 1.000000 34.202413 
0.690044 1.000000 32.301208 
0.695044 1.000000 43.708433 
0.700044 1.000000 30.400004 
0.705044 1.000000 38.004821 
0.710044 1.000000 36.103617 
0.715044 1.000000 39.906025 
0.720044 1.000000 32.301208 
0.725061 1.000000 41.807229 
0.730061 1.000000 38.004821 
0.735061 1.000000 38.004821 
0.740061 1.000000 36.103617 
0.745071 1.000000 43.708433 
0.750071 1.000000 30.400004 
0.755071 1.000000 39.906025 
0.760071 1.000000 32.301208 
0.765071 1.000000 38.004821 
0.770071 1.000000 34.202413 
0.775072 1.000000 32.301208 
0.780072 1.000000 39.906025 
0.785072 1.000000 32.301208 
0.790072 1.000000 32.301208 
0.795072 1.000000 34.202413 
0.800072 1.000000 32.301208 
0.805072 1.000000 34.202413 
0.810072 1.000000 39.906025 
0.815072 1.000000 34.202413 
0.820073 1.000000 30.400004 
0.825073 1.000000 39.906025 
0.830073 1.000000 34.202413 
0.835073 1.000000 32.301208 
0.840073 1.000000 38.004821 
0.845073 1.000000 28.498800 
0.850073 1.000000 39.906025 
0.855073 1.000000 34.202413 
0.860073 1.000000 38.004821 
0.865074 1.000000 28.498800 
0.870074 1.000000 39.906025 
0.875078 1.000000 30.400004 
0.880093 1.000000 38.004821 
0.885093 1.000000 36.103617 
0.890093 1.000000 32.301208 
0.895093 1.000000 36.103617 
0.900093 1.000000 32.301208 
0.905093 1.000000 34.202413 
0.910094 1.000000 34.202413 
0.915094 1.000000 36.103617 
0.920094 1.000000 34.202413 
0.925094 1.000000 36.103617 
0.930095 1.000000 34.202413 
0.935095 1.000000 34.202413 
0.940095 1.000000 39.906025 
0.945095 1.000000 32.301208 
0.950095 1.000000 38.004821 
0.955096 1.000000 34.202413 
0.960112 1.000000 32.301208 
0.965112 1.000000 28.498800 
0.970112 1.000000 38.004821 
0.975113 1.000000 32.301208 
0.980113 1.000000 32.301208 
0.985113 1.000000 32.301208 
0.990113 1.000000 30.400004 
0.995113 1.000000 30.400004 
