0.000000 3.400000 3.789652 
0.005001 3.400000 -0.012757 
0.010007 3.400000 3.789652 
0.015007 3.400000 -0.012757 
0.020008 3.400000 22.801693 
0.025008 3.400000 28.505306 
0.030008 3.400000 49.418551 
0.035008 3.400000 60.825776 
0.040009 3.400000 79.837818 
0.045009 3.400000 91.245043 
0.050009 3.400000 96.948655 
0.055009 3.400000 93.146247 
0.060009 3.400000 106.454676 
0.065009 3.400000 110.257084 
0.070010 3.400000 117.861901 
0.075010 3.400000 110.257084 
0.080010 3.400000 123.565513 
0.085010 3.400000 127.367922 
0.090010 3.400000 123.565513 
0.095010 3.400000 123.565513 
0.100010 3.400000 123.565513 
0.105011 3.400000 129.269126 
0.110011 3.400000 134.972738 
0.115011 3.400000 136.873942 
0.120011 3.400000 140.676351 
0.125011 3.400000 133.071534 
0.130029 3.400000 142.577555 
0.135029 3.400000 146.379963 
0.140029 3.400000 142.577555 
0.145029 3.400000 146.379963 
0.150029 3.400000 144.478759 
0.155029 3.400000 144.478759 
0.160029 3.400000 144.478759 
0.165029 3.400000 148.281167 
0.170030 3.400000 146.379963 
0.175030 3.400000 148.281167 
0.180030 3.400000 142.577555 
0.185030 3.400000 148.281167 
0.190030 3.400000 153.984780 
0.195030 3.400000 148.281167 
0.200030 3.400000 152.083576 
0.205030 3.400000 152.083576 
0.210031 3.400000 146.379963 
0.215031 3.400000 144.478759 
0.220031 3.400000 146.379963 
0.225031 3.400000 155.885984 
0.230031 3.400000 155.885984 
0.235031 3.400000 150.182371 
0.240031 3.400000 150.182371 
0.245032 3.400000 146.379963 
0.250036 3.400000 144.478759 
0.255036 3.400000 148.281167 
0.260036 3.400000 146.379963 
0.265036 3.400000 155.885984 
0.270036 3.400000 148.281167 
0.275036 3.400000 152.083576 
0.280043 3.400000 146.379963 
0.285044 3.400000 152.083576 
0.290051 3.400000 146.379963 
0.295051 3.400000 146.379963 
0.300051 3.400000 148.281167 
0.305051 3.400000 152.083576 
0.310052 3.400000 153.984780 
0.315052 3.400000 144.478759 
0.320052 3.400000 144.478759 
0.325052 3.400000 148.281167 
0.330052 3.400000 146.379963 
0.335052 3.400000 144.478759 
0.340052 3.400000 152.083576 
0.345052 3.400000 144.478759 
0.350052 3.400000 150.182371 
0.355053 3.400000 140.676351 
0.360053 3.400000 144.478759 
0.365053 3.400000 142.577555 
0.370053 3.400000 146.379963 
0.375065 3.400000 138.775146 
0.380074 3.400000 140.676351 
0.385074 3.400000 146.379963 
0.390075 3.400000 138.775146 
0.395075 3.400000 142.577555 
0.400075 3.400000 136.873942 
0.405075 3.400000 138.775146 
0.410075 3.400000 136.873942 
0.415076 3.400000 138.775146 
0.420076 3.400000 144.478759 
0.425076 3.400000 136.873942 
0.430076 3.400000 133.071534 
0.435076 3.400000 136.873942 
0.440076 3.400000 138.775146 
0.445077 3.400000 142.577555 
0.450089 3.400000 136.873942 
0.455089 3.400000 140.676351 
0.460090 3.400000 131.170330 
0.465090 3.400000 138.775146 
0.470090 3.400000 131.170330 
0.475090 3.400000 136.873942 
0.480099 3.400000 142.577555 
0.485099 3.400000 138.775146 
0.490111 3.400000 133.071534 
0.495111 3.400000 136.873942 
0.500112 3.400000 136.873942 
0.505112 3.400000 138.775146 
0.510112 3.400000 138.775146 
0.515112 3.400000 133.071534 
0.520112 3.400000 134.972738 
0.525112 3.400000 133.071534 
0.530112 3.400000 134.972738 
0.535113 3.400000 136.873942 
0.540113 3.400000 136.873942 
0.545113 3.400000 138.775146 
0.550113 3.400000 131.170330 
0.555114 3.400000 131.170330 
0.560114 3.400000 127.367922 
0.565114 3.400000 136.873942 
0.570114 3.400000 134.972738 
0.575115 3.400000 127.367922 
0.580115 3.400000 133.071534 
0.585115 3.400000 131.170330 
0.590115 3.400000 125.466717 
0.595116 3.400000 131.170330 
0.600116 3.400000 125.466717 
0.605116 3.400000 133.071534 
0.610117 3.400000 133.071534 
0.615117 3.400000 133.071534 
0.620117 3.400000 129.269126 
0.625117 3.400000 134.972738 
0.630117 3.400000 129.269126 
0.635118 3.400000 127.367922 
0.640119 3.400000 133.071534 
0.645119 3.400000 127.367922 
0.650119 3.400000 129.269126 
0.655120 3.400000 133.071534 
0.660120 3.400000 131.170330 
0.665120 3.400000 134.972738 
0.670120 3.400000 133.071534 
0.675120 3.400000 125.466717 
0.680121 3.400000 125.466717 
0.685121 3.400000 123.565513 
0.690122 3.400000 125.466717 
0.695122 3.400000 136.873942 
0.700122 3.400000 129.269126 
0.705122 3.400000 127.367922 
0.710123 3.400000 133.071534 
0.715123 3.400000 125.466717 
0.720123 3.400000 133.071534 
0.725125 3.400000 129.269126 
0.730126 3.400000 133.071534 
0.735126 3.400000 129.269126 
0.740126 3.400000 129.269126 
0.745126 3.400000 133.071534 
0.750129 3.400000 133.071534 
0.755129 3.400000 125.466717 
0.760129 3.400000 125.466717 
0.765139 3.400000 125.466717 
0.770139 3.400000 129.269126 
0.775139 3.400000 129.269126 
0.780139 3.400000 131.170330 
0.785139 3.400000 133.071534 
0.790139 3.400000 127.367922 
0.795139 3.400000 129.269126 
0.800139 3.400000 125.466717 
0.805140 3.400000 123.565513 
0.810140 3.400000 129.269126 
0.815140 3.400000 129.269126 
0.820140 3.400000 129.269126 
0.825140 3.400000 127.367922 
0.830140 3.400000 134.972738 
0.835140 3.400000 129.269126 
0.840141 3.400000 125.466717 
0.845141 3.400000 123.565513 
0.850141 3.400000 123.565513 
0.855141 3.400000 131.170330 
0.860141 3.400000 125.466717 
0.865141 3.400000 131.170330 
0.870142 3.400000 127.367922 
0.875142 3.400000 134.972738 
0.880142 3.400000 131.170330 
0.885142 3.400000 133.071534 
0.890142 3.400000 129.269126 
0.895142 3.400000 131.170330 
0.900142 3.400000 131.170330 
0.905142 3.400000 131.170330 
0.910143 3.400000 129.269126 
0.915143 3.400000 138.775146 
0.920143 3.400000 134.972738 
0.925157 3.400000 129.269126 
0.930157 3.400000 129.269126 
0.935158 3.400000 127.367922 
0.940158 3.400000 131.170330 
0.945158 3.400000 134.972738 
0.950158 3.400000 136.873942 
0.955158 3.400000 140.676351 
0.960159 3.400000 127.367922 
0.965159 3.400000 125.466717 
0.970159 3.400000 129.269126 
0.975160 3.400000 125.466717 
0.980160 3.400000 138.775146 
0.985160 3.400000 136.873942 
0.990161 3.400000 134.972738 
0.995161 3.400000 133.071534 
