0.000001 2.800000 1.196167 
0.005001 2.800000 1.196167 
0.010001 2.800000 16.405800 
0.015001 2.800000 18.307004 
0.020001 2.800000 41.121454 
0.025002 2.800000 50.627475 
0.030002 2.800000 63.935904 
0.035002 2.800000 65.837108 
0.040002 2.800000 69.639516 
0.045002 2.800000 81.046741 
0.050002 2.800000 81.046741 
0.055002 2.800000 86.750353 
0.060003 2.800000 94.355170 
0.065003 2.800000 90.552762 
0.070003 2.800000 96.256374 
0.075003 2.800000 88.651558 
0.080003 2.800000 100.058782 
0.085003 2.800000 101.959987 
0.090003 2.800000 111.466007 
0.095003 2.800000 115.268416 
0.100004 2.800000 111.466007 
0.105004 2.800000 111.466007 
0.110004 2.800000 111.466007 
0.115004 2.800000 109.564803 
0.120004 2.800000 113.367212 
0.125004 2.800000 117.169620 
0.130005 2.800000 124.774436 
0.135005 2.800000 119.070824 
0.140005 2.800000 117.169620 
0.145006 2.800000 119.070824 
0.150006 2.800000 117.169620 
0.155006 2.800000 120.972028 
0.160006 2.800000 126.675641 
0.165006 2.800000 126.675641 
0.170007 2.800000 132.379253 
0.175007 2.800000 122.873232 
0.180007 2.800000 126.675641 
0.185007 2.800000 120.972028 
0.190007 2.800000 130.478049 
0.195008 2.800000 124.774436 
0.200008 2.800000 126.675641 
0.205008 2.800000 126.675641 
0.210008 2.800000 128.576845 
0.215008 2.800000 128.576845 
0.220009 2.800000 128.576845 
0.225009 2.800000 128.576845 
0.230009 2.800000 124.774436 
0.235009 2.800000 134.280457 
0.240009 2.800000 120.972028 
0.245010 2.800000 128.576845 
0.250010 2.800000 134.280457 
0.255010 2.800000 122.873232 
0.260010 2.800000 130.478049 
0.265010 2.800000 130.478049 
0.270011 2.800000 132.379253 
0.275011 2.800000 122.873232 
0.280011 2.800000 126.675641 
0.285011 2.800000 122.873232 
0.290012 2.800000 128.576845 
0.295012 2.800000 126.675641 
0.300012 2.800000 130.478049 
0.305012 2.800000 128.576845 
0.310013 2.800000 124.774436 
0.315013 2.800000 130.478049 
0.320013 2.800000 124.774436 
0.325013 2.800000 126.675641 
0.330013 2.800000 130.478049 
0.335014 2.800000 134.280457 
0.340014 2.800000 128.576845 
0.345014 2.800000 117.169620 
0.350014 2.800000 126.675641 
0.355014 2.800000 128.576845 
0.360014 2.800000 122.873232 
0.365014 2.800000 124.774436 
0.370015 2.800000 122.873232 
0.375015 2.800000 119.070824 
0.380015 2.800000 130.478049 
0.385015 2.800000 124.774436 
0.390015 2.800000 124.774436 
0.395015 2.800000 122.873232 
0.400015 2.800000 122.873232 
0.405015 2.800000 122.873232 
0.410016 2.800000 126.675641 
0.415016 2.800000 120.972028 
0.420016 2.800000 120.972028 
0.425016 2.800000 126.675641 
0.430016 2.800000 119.070824 
0.435016 2.800000 120.972028 
0.440016 2.800000 122.873232 
0.445016 2.800000 115.268416 
0.450017 2.800000 117.169620 
0.455017 2.800000 122.873232 
0.460017 2.800000 120.972028 
0.465017 2.800000 124.774436 
0.470017 2.800000 115.268416 
0.475017 2.800000 117.169620 
0.480018 2.800000 126.675641 
0.485018 2.800000 111.466007 
0.490018 2.800000 119.070824 
0.495018 2.800000 119.070824 
0.500019 2.800000 120.972028 
0.505019 2.800000 119.070824 
0.510019 2.800000 117.169620 
0.515019 2.800000 122.873232 
0.520019 2.800000 115.268416 
0.525020 2.800000 111.466007 
0.530020 2.800000 117.169620 
0.535020 2.800000 119.070824 
0.540020 2.800000 115.268416 
0.545020 2.800000 113.367212 
0.550020 2.800000 115.268416 
0.555021 2.800000 109.564803 
0.560021 2.800000 117.169620 
0.565021 2.800000 115.268416 
0.570021 2.800000 115.268416 
0.575021 2.800000 109.564803 
0.580022 2.800000 115.268416 
0.585022 2.800000 109.564803 
0.590022 2.800000 111.466007 
0.595022 2.800000 105.762395 
0.600022 2.800000 113.367212 
0.605022 2.800000 109.564803 
0.610022 2.800000 111.466007 
0.615023 2.800000 113.367212 
0.620023 2.800000 109.564803 
0.625023 2.800000 117.169620 
0.630023 2.800000 105.762395 
0.635033 2.800000 113.367212 
0.640034 2.800000 109.564803 
0.645034 2.800000 109.564803 
0.650034 2.800000 113.367212 
0.655034 2.800000 111.466007 
0.660034 2.800000 101.959987 
0.665034 2.800000 111.466007 
0.670034 2.800000 103.861191 
0.675035 2.800000 111.466007 
0.680035 2.800000 103.861191 
0.685035 2.800000 107.663599 
0.690035 2.800000 107.663599 
0.695035 2.800000 111.466007 
0.700035 2.800000 107.663599 
0.705035 2.800000 105.762395 
0.710036 2.800000 111.466007 
0.715036 2.800000 101.959987 
0.720036 2.800000 101.959987 
0.725036 2.800000 103.861191 
0.730036 2.800000 107.663599 
0.735037 2.800000 111.466007 
0.740037 2.800000 107.663599 
0.745037 2.800000 107.663599 
0.750037 2.800000 103.861191 
0.755037 2.800000 101.959987 
0.760038 2.800000 107.663599 
0.765038 2.800000 103.861191 
0.770038 2.800000 103.861191 
0.775038 2.800000 107.663599 
0.780038 2.800000 103.861191 
0.785038 2.800000 105.762395 
0.790038 2.800000 98.157578 
0.795038 2.800000 107.663599 
0.800038 2.800000 103.861191 
0.805039 2.800000 111.466007 
0.810039 2.800000 103.861191 
0.815039 2.800000 107.663599 
0.820039 2.800000 101.959987 
0.825042 2.800000 111.466007 
0.830042 2.800000 101.959987 
0.835042 2.800000 105.762395 
0.840042 2.800000 105.762395 
0.845042 2.800000 105.762395 
0.850043 2.800000 105.762395 
0.855043 2.800000 107.663599 
0.860043 2.800000 98.157578 
0.865043 2.800000 109.564803 
0.870043 2.800000 103.861191 
0.875043 2.800000 105.762395 
0.880043 2.800000 103.861191 
0.885043 2.800000 103.861191 
0.890043 2.800000 101.959987 
0.895043 2.800000 105.762395 
0.900044 2.800000 101.959987 
0.905044 2.800000 107.663599 
0.910044 2.800000 98.157578 
0.915044 2.800000 103.861191 
0.920044 2.800000 101.959987 
0.925044 2.800000 105.762395 
0.930044 2.800000 111.466007 
0.935045 2.800000 111.466007 
0.940045 2.800000 107.663599 
0.945045 2.800000 103.861191 
0.950045 2.800000 103.861191 
0.955045 2.800000 98.157578 
0.960045 2.800000 107.663599 
0.965045 2.800000 100.058782 
0.970046 2.800000 103.861191 
0.975046 2.800000 107.663599 
0.980046 2.800000 107.663599 
0.985046 2.800000 111.466007 
0.990046 2.800000 100.058782 
0.995046 2.800000 109.564803 
