0.000000 3.100000 1.602071 
0.005000 3.100000 -6.002745 
0.010001 3.100000 13.009296 
0.015001 3.100000 24.416521 
0.020001 3.100000 35.823746 
0.025001 3.100000 58.638196 
0.030002 3.100000 66.243013 
0.035002 3.100000 71.946625 
0.040002 3.100000 81.452646 
0.045002 3.100000 83.353850 
0.050002 3.100000 89.057462 
0.055002 3.100000 90.958666 
0.060003 3.100000 98.563483 
0.065003 3.100000 104.267096 
0.070003 3.100000 98.563483 
0.075003 3.100000 106.168300 
0.080003 3.100000 104.267096 
0.085003 3.100000 115.674320 
0.090004 3.100000 115.674320 
0.095004 3.100000 121.377933 
0.100004 3.100000 115.674320 
0.105004 3.100000 121.377933 
0.110004 3.100000 123.279137 
0.115004 3.100000 121.377933 
0.120005 3.100000 123.279137 
0.125005 3.100000 121.377933 
0.130005 3.100000 125.180341 
0.135005 3.100000 128.982750 
0.140006 3.100000 127.081545 
0.145006 3.100000 123.279137 
0.150006 3.100000 130.883954 
0.155006 3.100000 128.982750 
0.160006 3.100000 138.488770 
0.165006 3.100000 128.982750 
0.170007 3.100000 130.883954 
0.175007 3.100000 138.488770 
0.180007 3.100000 132.785158 
0.185007 3.100000 138.488770 
0.190007 3.100000 134.686362 
0.195007 3.100000 140.389974 
0.200007 3.100000 138.488770 
0.205008 3.100000 136.587566 
0.210008 3.100000 132.785158 
0.215008 3.100000 132.785158 
0.220008 3.100000 136.587566 
0.225008 3.100000 142.291179 
0.230008 3.100000 132.785158 
0.235008 3.100000 142.291179 
0.240009 3.100000 132.785158 
0.245009 3.100000 136.587566 
0.250009 3.100000 134.686362 
0.255009 3.100000 138.488770 
0.260009 3.100000 140.389974 
0.265009 3.100000 138.488770 
0.270009 3.100000 134.686362 
0.275009 3.100000 136.587566 
0.280010 3.100000 132.785158 
0.285010 3.100000 132.785158 
0.290010 3.100000 144.192383 
0.295010 3.100000 138.488770 
0.300010 3.100000 128.982750 
0.305010 3.100000 132.785158 
0.310010 3.100000 138.488770 
0.315011 3.100000 128.982750 
0.320011 3.100000 132.785158 
0.325011 3.100000 134.686362 
0.330011 3.100000 140.389974 
0.335011 3.100000 132.785158 
0.340011 3.100000 132.785158 
0.345012 3.100000 132.785158 
0.350012 3.100000 128.982750 
0.355012 3.100000 134.686362 
0.360012 3.100000 128.982750 
0.365012 3.100000 127.081545 
0.370012 3.100000 130.883954 
0.375013 3.100000 132.785158 
0.380013 3.100000 134.686362 
0.385013 3.100000 132.785158 
0.390013 3.100000 128.982750 
0.395013 3.100000 132.785158 
0.400013 3.100000 121.377933 
0.405013 3.100000 130.883954 
0.410013 3.100000 128.982750 
0.415013 3.100000 132.785158 
0.420014 3.100000 132.785158 
0.425014 3.100000 123.279137 
0.430014 3.100000 125.180341 
0.435014 3.100000 132.785158 
0.440014 3.100000 123.279137 
0.445014 3.100000 132.785158 
0.450017 3.100000 128.982750 
0.455017 3.100000 121.377933 
0.460017 3.100000 127.081545 
0.465017 3.100000 125.180341 
0.470017 3.100000 127.081545 
0.475018 3.100000 123.279137 
0.480018 3.100000 125.180341 
0.485018 3.100000 117.575525 
0.490018 3.100000 125.180341 
0.495018 3.100000 125.180341 
0.500018 3.100000 121.377933 
0.505018 3.100000 125.180341 
0.510018 3.100000 119.476729 
0.515018 3.100000 119.476729 
0.520018 3.100000 125.180341 
0.525019 3.100000 121.377933 
0.530019 3.100000 121.377933 
0.535019 3.100000 127.081545 
0.540019 3.100000 125.180341 
0.545019 3.100000 125.180341 
0.550019 3.100000 123.279137 
0.555019 3.100000 121.377933 
0.560019 3.100000 119.476729 
0.565019 3.100000 123.279137 
0.570020 3.100000 121.377933 
0.575020 3.100000 117.575525 
0.580020 3.100000 121.377933 
0.585020 3.100000 115.674320 
0.590020 3.100000 121.377933 
0.595020 3.100000 119.476729 
0.600020 3.100000 115.674320 
0.605020 3.100000 121.377933 
0.610020 3.100000 121.377933 
0.615020 3.100000 121.377933 
0.620021 3.100000 119.476729 
0.625021 3.100000 123.279137 
0.630021 3.100000 119.476729 
0.635021 3.100000 125.180341 
0.640021 3.100000 115.674320 
0.645021 3.100000 121.377933 
0.650021 3.100000 117.575525 
0.655021 3.100000 121.377933 
0.660021 3.100000 115.674320 
0.665022 3.100000 121.377933 
0.670022 3.100000 115.674320 
0.675022 3.100000 113.773116 
0.680022 3.100000 123.279137 
0.685022 3.100000 117.575525 
0.690022 3.100000 121.377933 
0.695022 3.100000 111.871912 
0.700022 3.100000 115.674320 
0.705022 3.100000 115.674320 
0.710023 3.100000 111.871912 
0.715023 3.100000 119.476729 
0.720023 3.100000 115.674320 
0.725023 3.100000 113.773116 
0.730023 3.100000 119.476729 
0.735023 3.100000 115.674320 
0.740023 3.100000 121.377933 
0.745024 3.100000 117.575525 
0.750024 3.100000 115.674320 
0.755024 3.100000 117.575525 
0.760024 3.100000 113.773116 
0.765024 3.100000 113.773116 
0.770024 3.100000 115.674320 
0.775024 3.100000 119.476729 
0.780025 3.100000 121.377933 
0.785025 3.100000 111.871912 
0.790025 3.100000 121.377933 
0.795025 3.100000 113.773116 
0.800025 3.100000 117.575525 
0.805025 3.100000 108.069504 
0.810025 3.100000 113.773116 
0.815025 3.100000 119.476729 
0.820025 3.100000 119.476729 
0.825026 3.100000 115.674320 
0.830026 3.100000 117.575525 
0.835026 3.100000 115.674320 
0.840026 3.100000 113.773116 
0.845027 3.100000 119.476729 
0.850027 3.100000 113.773116 
0.855027 3.100000 119.476729 
0.860027 3.100000 121.377933 
0.865027 3.100000 115.674320 
0.870027 3.100000 125.180341 
0.875027 3.100000 117.575525 
0.880027 3.100000 113.773116 
0.885027 3.100000 109.970708 
0.890027 3.100000 119.476729 
0.895028 3.100000 115.674320 
0.900028 3.100000 117.575525 
0.905028 3.100000 113.773116 
0.910028 3.100000 115.674320 
0.915028 3.100000 111.871912 
0.920028 3.100000 119.476729 
0.925028 3.100000 111.871912 
0.930029 3.100000 117.575525 
0.935029 3.100000 115.674320 
0.940029 3.100000 117.575525 
0.945029 3.100000 113.773116 
0.950029 3.100000 117.575525 
0.955029 3.100000 113.773116 
0.960029 3.100000 119.476729 
0.965029 3.100000 115.674320 
0.970029 3.100000 115.674320 
0.975029 3.100000 117.575525 
0.980030 3.100000 117.575525 
0.985030 3.100000 111.871912 
0.990030 3.100000 113.773116 
0.995030 3.100000 125.180341 
