0.000000 1.200000 3.491208 
0.005001 1.200000 -0.311200 
0.010001 1.200000 -0.311200 
0.015001 1.200000 -0.311200 
0.020001 1.200000 -0.311200 
0.025001 1.200000 -0.311200 
0.030001 1.200000 5.392412 
0.035001 1.200000 7.293616 
0.040002 1.200000 11.096025 
0.045002 1.200000 26.305658 
0.050002 1.200000 32.009270 
0.055002 1.200000 37.712883 
0.060002 1.200000 30.108066 
0.065003 1.200000 33.910475 
0.070003 1.200000 37.712883 
0.075003 1.200000 37.712883 
0.080003 1.200000 39.614087 
0.085003 1.200000 41.515291 
0.090003 1.200000 39.614087 
0.095003 1.200000 49.120108 
0.100003 1.200000 41.515291 
0.105004 1.200000 45.317699 
0.110004 1.200000 43.416495 
0.115004 1.200000 51.021312 
0.120004 1.200000 51.021312 
0.125005 1.200000 49.120108 
0.130005 1.200000 52.922516 
0.135005 1.200000 51.021312 
0.140006 1.200000 54.823720 
0.145006 1.200000 58.626129 
0.150006 1.200000 45.317699 
0.155006 1.200000 58.626129 
0.160006 1.200000 49.120108 
0.165006 1.200000 54.823720 
0.170006 1.200000 56.724924 
0.175007 1.200000 54.823720 
0.180007 1.200000 56.724924 
0.185007 1.200000 58.626129 
0.190007 1.200000 58.626129 
0.195007 1.200000 64.329741 
0.200007 1.200000 54.823720 
0.205007 1.200000 60.527333 
0.210007 1.200000 56.724924 
0.215007 1.200000 60.527333 
0.220008 1.200000 62.428537 
0.225008 1.200000 56.724924 
0.230008 1.200000 58.626129 
0.235008 1.200000 56.724924 
0.240008 1.200000 56.724924 
0.245008 1.200000 54.823720 
0.250008 1.200000 62.428537 
0.255008 1.200000 58.626129 
0.260008 1.200000 58.626129 
0.265009 1.200000 56.724924 
0.270009 1.200000 64.329741 
0.275009 1.200000 54.823720 
0.280009 1.200000 62.428537 
0.285009 1.200000 51.021312 
0.290009 1.200000 60.527333 
0.295009 1.200000 56.724924 
0.300010 1.200000 56.724924 
0.305010 1.200000 49.120108 
0.310010 1.200000 60.527333 
0.315010 1.200000 62.428537 
0.320010 1.200000 58.626129 
0.325010 1.200000 60.527333 
0.330010 1.200000 56.724924 
0.335010 1.200000 60.527333 
0.340014 1.200000 56.724924 
0.345014 1.200000 56.724924 
0.350014 1.200000 52.922516 
0.355014 1.200000 56.724924 
0.360015 1.200000 60.527333 
0.365015 1.200000 49.120108 
0.370015 1.200000 60.527333 
0.375015 1.200000 52.922516 
0.380015 1.200000 49.120108 
0.385015 1.200000 56.724924 
0.390016 1.200000 51.021312 
0.395016 1.200000 56.724924 
0.400016 1.200000 56.724924 
0.405016 1.200000 56.724924 
0.410016 1.200000 56.724924 
0.415016 1.200000 54.823720 
0.420017 1.200000 47.218904 
0.425018 1.200000 54.823720 
0.430018 1.200000 52.922516 
0.435018 1.200000 54.823720 
0.440019 1.200000 58.626129 
0.445019 1.200000 52.922516 
0.450019 1.200000 54.823720 
0.455019 1.200000 58.626129 
0.460019 1.200000 52.922516 
0.465019 1.200000 51.021312 
0.470019 1.200000 51.021312 
0.475019 1.200000 52.922516 
0.480020 1.200000 47.218904 
0.485020 1.200000 51.021312 
0.490020 1.200000 56.724924 
0.495020 1.200000 51.021312 
0.500020 1.200000 51.021312 
0.505020 1.200000 51.021312 
0.510020 1.200000 51.021312 
0.515021 1.200000 51.021312 
0.520021 1.200000 52.922516 
0.525021 1.200000 45.317699 
0.530021 1.200000 54.823720 
0.535021 1.200000 43.416495 
0.540021 1.200000 52.922516 
0.545022 1.200000 45.317699 
0.550022 1.200000 49.120108 
0.555022 1.200000 43.416495 
0.560022 1.200000 49.120108 
0.565022 1.200000 47.218904 
0.570023 1.200000 41.515291 
0.575023 1.200000 41.515291 
0.580023 1.200000 52.922516 
0.585023 1.200000 41.515291 
0.590023 1.200000 45.317699 
0.595024 1.200000 45.317699 
0.600024 1.200000 45.317699 
0.605024 1.200000 45.317699 
0.610024 1.200000 51.021312 
0.615024 1.200000 43.416495 
0.620024 1.200000 45.317699 
0.625024 1.200000 45.317699 
0.630024 1.200000 49.120108 
0.635024 1.200000 45.317699 
0.640024 1.200000 43.416495 
0.645025 1.200000 47.218904 
0.650025 1.200000 45.317699 
0.655025 1.200000 49.120108 
0.660028 1.200000 39.614087 
0.665028 1.200000 43.416495 
0.670028 1.200000 45.317699 
0.675028 1.200000 43.416495 
0.680028 1.200000 39.614087 
0.685029 1.200000 45.317699 
0.690037 1.200000 41.515291 
0.695037 1.200000 45.317699 
0.700037 1.200000 41.515291 
0.705037 1.200000 43.416495 
0.710037 1.200000 43.416495 
0.715037 1.200000 41.515291 
0.720037 1.200000 41.515291 
0.725038 1.200000 37.712883 
0.730038 1.200000 41.515291 
0.735045 1.200000 43.416495 
0.740045 1.200000 41.515291 
0.745045 1.200000 41.515291 
0.750045 1.200000 37.712883 
0.755056 1.200000 45.317699 
0.760056 1.200000 43.416495 
0.765056 1.200000 39.614087 
0.770057 1.200000 37.712883 
0.775057 1.200000 37.712883 
0.780057 1.200000 45.317699 
0.785057 1.200000 45.317699 
0.790057 1.200000 37.712883 
0.795057 1.200000 43.416495 
0.800057 1.200000 35.811679 
0.805057 1.200000 37.712883 
0.810058 1.200000 43.416495 
0.815058 1.200000 47.218904 
0.820058 1.200000 37.712883 
0.825060 1.200000 33.910475 
0.830060 1.200000 33.910475 
0.835060 1.200000 39.614087 
0.840073 1.200000 43.416495 
0.845073 1.200000 33.910475 
0.850073 1.200000 33.910475 
0.855079 1.200000 37.712883 
0.860079 1.200000 41.515291 
0.865079 1.200000 35.811679 
0.870079 1.200000 37.712883 
0.875079 1.200000 43.416495 
0.880079 1.200000 37.712883 
0.885079 1.200000 35.811679 
0.890080 1.200000 37.712883 
0.895080 1.200000 32.009270 
0.900080 1.200000 41.515291 
0.905080 1.200000 30.108066 
0.910080 1.200000 33.910475 
0.915080 1.200000 33.910475 
0.920080 1.200000 37.712883 
0.925081 1.200000 37.712883 
0.930081 1.200000 45.317699 
0.935081 1.200000 43.416495 
0.940081 1.200000 45.317699 
0.945081 1.200000 37.712883 
0.950082 1.200000 30.108066 
0.955082 1.200000 39.614087 
0.960082 1.200000 35.811679 
0.965082 1.200000 35.811679 
0.970082 1.200000 37.712883 
0.975082 1.200000 33.910475 
0.980083 1.200000 35.811679 
0.985083 1.200000 35.811679 
0.990083 1.200000 39.614087 
0.995083 1.200000 32.009270 
