0.000015 0.400000 -5.249105 
0.005015 0.400000 4.256916 
0.010015 0.400000 -7.150309 
0.015015 0.400000 2.355711 
0.020015 0.400000 -5.249105 
0.025016 0.400000 0.454507 
0.030016 0.400000 -1.446697 
0.035016 0.400000 -1.446697 
0.040016 0.400000 -1.446697 
0.045016 0.400000 2.355711 
0.050016 0.400000 -3.347901 
0.055017 0.400000 2.355711 
0.060017 0.400000 -5.249105 
0.065017 0.400000 -1.446697 
0.070017 0.400000 0.454507 
0.075017 0.400000 -1.446697 
0.080018 0.400000 4.256916 
0.085018 0.400000 -1.446697 
0.090018 0.400000 0.454507 
0.095018 0.400000 -5.249105 
0.100018 0.400000 -1.446697 
0.105018 0.400000 2.355711 
0.110019 0.400000 0.454507 
0.115019 0.400000 -1.446697 
0.120019 0.400000 -1.446697 
0.125019 0.400000 2.355711 
0.130019 0.400000 2.355711 
0.135019 0.400000 -1.446697 
0.140020 0.400000 0.454507 
0.145020 0.400000 -5.249105 
0.150020 0.400000 2.355711 
0.155020 0.400000 -1.446697 
0.160020 0.400000 0.454507 
0.165021 0.400000 -5.249105 
0.170021 0.400000 -1.446697 
0.175021 0.400000 -1.446697 
0.180021 0.400000 2.355711 
0.185021 0.400000 0.454507 
0.190022 0.400000 0.454507 
0.195022 0.400000 -1.446697 
0.200022 0.400000 2.355711 
0.205022 0.400000 -1.446697 
0.210022 0.400000 -1.446697 
0.215022 0.400000 -1.446697 
0.220022 0.400000 -3.347901 
0.225022 0.400000 2.355711 
0.230023 0.400000 -1.446697 
0.235023 0.400000 0.454507 
0.240023 0.400000 -1.446697 
0.245023 0.400000 0.454507 
0.250023 0.400000 4.256916 
0.255023 0.400000 -5.249105 
0.260024 0.400000 -3.347901 
0.265024 0.400000 0.454507 
0.270024 0.400000 -5.249105 
0.275024 0.400000 2.355711 
0.280024 0.400000 -1.446697 
0.285024 0.400000 0.454507 
0.290025 0.400000 4.256916 
0.295025 0.400000 -5.249105 
0.300025 0.400000 0.454507 
0.305025 0.400000 2.355711 
0.310025 0.400000 0.454507 
0.315025 0.400000 -1.446697 
0.320025 0.400000 -5.249105 
0.325026 0.400000 -7.150309 
0.330026 0.400000 2.355711 
0.335026 0.400000 0.454507 
0.340026 0.400000 0.454507 
0.345026 0.400000 -1.446697 
0.350026 0.400000 -7.150309 
0.355027 0.400000 -3.347901 
0.360027 0.400000 -5.249105 
0.365027 0.400000 2.355711 
0.370027 0.400000 -1.446697 
0.375027 0.400000 -5.249105 
0.380028 0.400000 4.256916 
0.385028 0.400000 -1.446697 
0.390028 0.400000 -1.446697 
0.395028 0.400000 2.355711 
0.400028 0.400000 -1.446697 
0.405028 0.400000 2.355711 
0.410029 0.400000 -1.446697 
0.415029 0.400000 -5.249105 
0.420029 0.400000 -1.446697 
0.425029 0.400000 -5.249105 
0.430030 0.400000 0.454507 
0.435030 0.400000 0.454507 
0.440030 0.400000 -5.249105 
0.445030 0.400000 -5.249105 
0.450030 0.400000 2.355711 
0.455030 0.400000 -5.249105 
0.460030 0.400000 -5.249105 
0.465030 0.400000 2.355711 
0.470031 0.400000 -1.446697 
0.475031 0.400000 -5.249105 
0.480031 0.400000 -5.249105 
0.485031 0.400000 -1.446697 
0.490031 0.400000 0.454507 
0.495031 0.400000 0.454507 
0.500031 0.400000 -1.446697 
0.505032 0.400000 -3.347901 
0.510032 0.400000 4.256916 
0.515032 0.400000 -1.446697 
0.520032 0.400000 0.454507 
0.525032 0.400000 -1.446697 
0.530032 0.400000 0.454507 
0.535032 0.400000 -5.249105 
0.540032 0.400000 4.256916 
0.545033 0.400000 -5.249105 
0.550033 0.400000 0.454507 
0.555033 0.400000 -1.446697 
0.560033 0.400000 0.454507 
0.565033 0.400000 2.355711 
0.570033 0.400000 -3.347901 
0.575033 0.400000 4.256916 
0.580033 0.400000 -1.446697 
0.585033 0.400000 -3.347901 
0.590034 0.400000 0.454507 
0.595034 0.400000 0.454507 
0.600034 0.400000 -1.446697 
0.605034 0.400000 -1.446697 
0.610046 0.400000 -1.446697 
0.615046 0.400000 -1.446697 
0.620046 0.400000 -5.249105 
0.625046 0.400000 -3.347901 
0.630051 0.400000 0.454507 
0.635051 0.400000 -7.150309 
0.640051 0.400000 4.256916 
0.645052 0.400000 -5.249105 
0.650052 0.400000 0.454507 
0.655052 0.400000 -1.446697 
0.660052 0.400000 0.454507 
0.665052 0.400000 -1.446697 
0.670052 0.400000 4.256916 
0.675053 0.400000 -5.249105 
0.680053 0.400000 2.355711 
0.685053 0.400000 -1.446697 
0.690053 0.400000 0.454507 
0.695053 0.400000 0.454507 
0.700053 0.400000 2.355711 
0.705053 0.400000 -1.446697 
0.710053 0.400000 -1.446697 
0.715054 0.400000 -5.249105 
0.720054 0.400000 -1.446697 
0.725054 0.400000 -7.150309 
0.730054 0.400000 -3.347901 
0.735055 0.400000 -5.249105 
0.740055 0.400000 -1.446697 
0.745055 0.400000 -1.446697 
0.750055 0.400000 0.454507 
0.755055 0.400000 2.355711 
0.760055 0.400000 -7.150309 
0.765055 0.400000 4.256916 
0.770055 0.400000 2.355711 
0.775056 0.400000 -5.249105 
0.780056 0.400000 2.355711 
0.785056 0.400000 -1.446697 
0.790056 0.400000 -1.446697 
0.795056 0.400000 0.454507 
0.800056 0.400000 -3.347901 
0.805056 0.400000 2.355711 
0.810056 0.400000 -5.249105 
0.815056 0.400000 0.454507 
0.820057 0.400000 -1.446697 
0.825057 0.400000 0.454507 
0.830057 0.400000 -1.446697 
0.835057 0.400000 2.355711 
0.840057 0.400000 -3.347901 
0.845057 0.400000 2.355711 
0.850058 0.400000 -1.446697 
0.855058 0.400000 -1.446697 
0.860058 0.400000 0.454507 
0.865058 0.400000 0.454507 
0.870058 0.400000 0.454507 
0.875058 0.400000 0.454507 
0.880058 0.400000 -7.150309 
0.885059 0.400000 -1.446697 
0.890059 0.400000 0.454507 
0.895059 0.400000 -3.347901 
0.900059 0.400000 2.355711 
0.905059 0.400000 -5.249105 
0.910059 0.400000 -1.446697 
0.915059 0.400000 -5.249105 
0.920060 0.400000 0.454507 
0.925060 0.400000 -5.249105 
0.930060 0.400000 2.355711 
0.935060 0.400000 -3.347901 
0.940075 0.400000 -5.249105 
0.945075 0.400000 0.454507 
0.950076 0.400000 -1.446697 
0.955076 0.400000 0.454507 
0.960076 0.400000 -1.446697 
0.965076 0.400000 -1.446697 
0.970076 0.400000 -1.446697 
0.975076 0.400000 -5.249105 
0.980076 0.400000 2.355711 
0.985076 0.400000 -1.446697 
0.990077 0.400000 2.355711 
0.995077 0.400000 0.454507 
