0.000000 2.600000 -8.155738 
0.005000 2.600000 -2.452126 
0.010001 2.600000 5.152691 
0.015001 2.600000 10.856303 
0.020001 2.600000 26.065936 
0.025001 2.600000 41.275570 
0.030001 2.600000 48.880386 
0.035001 2.600000 58.386407 
0.040001 2.600000 62.188815 
0.045001 2.600000 60.287611 
0.050001 2.600000 69.793632 
0.055002 2.600000 79.299653 
0.060004 2.600000 79.299653 
0.065005 2.600000 83.102061 
0.070005 2.600000 79.299653 
0.075005 2.600000 86.904469 
0.080005 2.600000 83.102061 
0.085012 2.600000 90.706877 
0.090012 2.600000 98.311694 
0.095012 2.600000 98.311694 
0.100013 2.600000 104.015307 
0.105013 2.600000 96.410490 
0.110013 2.600000 96.410490 
0.115013 2.600000 96.410490 
0.120013 2.600000 107.817715 
0.125013 2.600000 102.114102 
0.130014 2.600000 107.817715 
0.135014 2.600000 111.620123 
0.140014 2.600000 107.817715 
0.145014 2.600000 107.817715 
0.150014 2.600000 107.817715 
0.155014 2.600000 105.916511 
0.160014 2.600000 113.521327 
0.165015 2.600000 115.422531 
0.170015 2.600000 117.323736 
0.175015 2.600000 113.521327 
0.180015 2.600000 115.422531 
0.185015 2.600000 117.323736 
0.190016 2.600000 115.422531 
0.195016 2.600000 117.323736 
0.200016 2.600000 117.323736 
0.205016 2.600000 109.718919 
0.210016 2.600000 117.323736 
0.215016 2.600000 119.224940 
0.220016 2.600000 113.521327 
0.225017 2.600000 115.422531 
0.230017 2.600000 119.224940 
0.235017 2.600000 111.620123 
0.240017 2.600000 115.422531 
0.245017 2.600000 123.027348 
0.250017 2.600000 117.323736 
0.255018 2.600000 121.126144 
0.260018 2.600000 121.126144 
0.265018 2.600000 115.422531 
0.270018 2.600000 117.323736 
0.275018 2.600000 121.126144 
0.280018 2.600000 111.620123 
0.285019 2.600000 111.620123 
0.290019 2.600000 113.521327 
0.295019 2.600000 113.521327 
0.300019 2.600000 107.817715 
0.305019 2.600000 109.718919 
0.310020 2.600000 123.027348 
0.315020 2.600000 121.126144 
0.320020 2.600000 121.126144 
0.325020 2.600000 107.817715 
0.330020 2.600000 111.620123 
0.335020 2.600000 117.323736 
0.340020 2.600000 109.718919 
0.345020 2.600000 115.422531 
0.350021 2.600000 113.521327 
0.355021 2.600000 107.817715 
0.360021 2.600000 111.620123 
0.365021 2.600000 117.323736 
0.370021 2.600000 107.817715 
0.375021 2.600000 111.620123 
0.380021 2.600000 111.620123 
0.385021 2.600000 104.015307 
0.390021 2.600000 105.916511 
0.395022 2.600000 111.620123 
0.400022 2.600000 109.718919 
0.405022 2.600000 107.817715 
0.410022 2.600000 113.521327 
0.415022 2.600000 109.718919 
0.420022 2.600000 107.817715 
0.425053 2.600000 109.718919 
0.430053 2.600000 107.817715 
0.435053 2.600000 107.817715 
0.440056 2.600000 102.114102 
0.445066 2.600000 102.114102 
0.450066 2.600000 105.916511 
0.455066 2.600000 109.718919 
0.460066 2.600000 104.015307 
0.465067 2.600000 109.718919 
0.470067 2.600000 109.718919 
0.475067 2.600000 104.015307 
0.480067 2.600000 105.916511 
0.485067 2.600000 107.817715 
0.490068 2.600000 109.718919 
0.495068 2.600000 100.212898 
0.500068 2.600000 104.015307 
0.505068 2.600000 109.718919 
0.510068 2.600000 104.015307 
0.515069 2.600000 102.114102 
0.520069 2.600000 105.916511 
0.525069 2.600000 104.015307 
0.530069 2.600000 104.015307 
0.535069 2.600000 98.311694 
0.540069 2.600000 107.817715 
0.545070 2.600000 105.916511 
0.550070 2.600000 105.916511 
0.555070 2.600000 102.114102 
0.560070 2.600000 100.212898 
0.565070 2.600000 102.114102 
0.570070 2.600000 100.212898 
0.575070 2.600000 105.916511 
0.580071 2.600000 100.212898 
0.585071 2.600000 100.212898 
0.590071 2.600000 102.114102 
0.595071 2.600000 98.311694 
0.600071 2.600000 100.212898 
0.605071 2.600000 98.311694 
0.610071 2.600000 96.410490 
0.615072 2.600000 90.706877 
0.620072 2.600000 96.410490 
0.625072 2.600000 104.015307 
0.630072 2.600000 94.509286 
0.635072 2.600000 90.706877 
0.640072 2.600000 94.509286 
0.645072 2.600000 98.311694 
0.650175 2.600000 98.311694 
0.655176 2.600000 105.916511 
0.660176 2.600000 98.311694 
0.665176 2.600000 102.114102 
0.670176 2.600000 96.410490 
0.675176 2.600000 88.805673 
0.680176 2.600000 96.410490 
0.685177 2.600000 100.212898 
0.690177 2.600000 98.311694 
0.695177 2.600000 96.410490 
0.700177 2.600000 98.311694 
0.705178 2.600000 90.706877 
0.710178 2.600000 98.311694 
0.715178 2.600000 90.706877 
0.720178 2.600000 94.509286 
0.725178 2.600000 94.509286 
0.730178 2.600000 90.706877 
0.735179 2.600000 94.509286 
0.740179 2.600000 88.805673 
0.745179 2.600000 90.706877 
0.750179 2.600000 98.311694 
0.755179 2.600000 86.904469 
0.760179 2.600000 94.509286 
0.765179 2.600000 98.311694 
0.770180 2.600000 94.509286 
0.775180 2.600000 98.311694 
0.780180 2.600000 86.904469 
0.785180 2.600000 98.311694 
0.790180 2.600000 94.509286 
0.795180 2.600000 98.311694 
0.800181 2.600000 92.608082 
0.805181 2.600000 98.311694 
0.810181 2.600000 86.904469 
0.815181 2.600000 90.706877 
0.820182 2.600000 88.805673 
0.825182 2.600000 90.706877 
0.830182 2.600000 90.706877 
0.835182 2.600000 90.706877 
0.840182 2.600000 90.706877 
0.845182 2.600000 90.706877 
0.850183 2.600000 92.608082 
0.855187 2.600000 90.706877 
0.860187 2.600000 88.805673 
0.865187 2.600000 88.805673 
0.870187 2.600000 86.904469 
0.875188 2.600000 92.608082 
0.880188 2.600000 90.706877 
0.885188 2.600000 90.706877 
0.890188 2.600000 92.608082 
0.895188 2.600000 83.102061 
0.900188 2.600000 88.805673 
0.905188 2.600000 90.706877 
0.910188 2.600000 90.706877 
0.915188 2.600000 83.102061 
0.920189 2.600000 88.805673 
0.925189 2.600000 92.608082 
0.930189 2.600000 90.706877 
0.935189 2.600000 88.805673 
0.940189 2.600000 90.706877 
0.945189 2.600000 98.311694 
0.950189 2.600000 90.706877 
0.955199 2.600000 94.509286 
0.960199 2.600000 88.805673 
0.965200 2.600000 86.904469 
0.970200 2.600000 88.805673 
0.975200 2.600000 96.410490 
0.980200 2.600000 92.608082 
0.985200 2.600000 88.805673 
0.990200 2.600000 85.003265 
0.995200 2.600000 85.003265 
