0.000001 2.500000 -3.087967 
0.005001 2.500000 -3.087967 
0.010001 2.500000 10.220462 
0.015001 2.500000 19.726482 
0.020001 2.500000 34.936116 
0.025002 2.500000 50.145749 
0.030002 2.500000 53.948157 
0.035002 2.500000 63.454178 
0.040002 2.500000 53.948157 
0.045002 2.500000 55.849361 
0.050003 2.500000 69.157790 
0.055003 2.500000 72.960199 
0.060017 2.500000 78.663811 
0.065017 2.500000 84.367424 
0.070017 2.500000 82.466219 
0.075018 2.500000 80.565015 
0.080018 2.500000 91.972240 
0.085018 2.500000 90.071036 
0.090018 2.500000 93.873444 
0.095019 2.500000 97.675853 
0.100019 2.500000 95.774648 
0.105019 2.500000 103.379465 
0.110019 2.500000 93.873444 
0.115020 2.500000 95.774648 
0.120020 2.500000 95.774648 
0.125020 2.500000 103.379465 
0.130020 2.500000 105.280669 
0.135020 2.500000 107.181873 
0.140020 2.500000 110.984282 
0.145020 2.500000 105.280669 
0.150021 2.500000 107.181873 
0.155021 2.500000 110.984282 
0.160021 2.500000 109.083077 
0.165022 2.500000 110.984282 
0.170022 2.500000 107.181873 
0.175022 2.500000 114.786690 
0.180022 2.500000 109.083077 
0.185023 2.500000 116.687894 
0.190023 2.500000 114.786690 
0.195023 2.500000 114.786690 
0.200024 2.500000 118.589098 
0.205024 2.500000 112.885486 
0.210024 2.500000 114.786690 
0.215024 2.500000 120.490302 
0.220024 2.500000 112.885486 
0.225025 2.500000 120.490302 
0.230025 2.500000 116.687894 
0.235025 2.500000 114.786690 
0.240025 2.500000 116.687894 
0.245026 2.500000 110.984282 
0.250026 2.500000 118.589098 
0.255026 2.500000 116.687894 
0.260026 2.500000 122.391507 
0.265026 2.500000 114.786690 
0.270027 2.500000 116.687894 
0.275027 2.500000 120.490302 
0.280027 2.500000 116.687894 
0.285027 2.500000 116.687894 
0.290027 2.500000 116.687894 
0.295028 2.500000 120.490302 
0.300028 2.500000 114.786690 
0.305028 2.500000 110.984282 
0.310028 2.500000 109.083077 
0.315029 2.500000 109.083077 
0.320029 2.500000 112.885486 
0.325029 2.500000 124.292711 
0.330029 2.500000 114.786690 
0.335029 2.500000 109.083077 
0.340030 2.500000 112.885486 
0.345030 2.500000 105.280669 
0.350030 2.500000 110.984282 
0.355030 2.500000 112.885486 
0.360030 2.500000 112.885486 
0.365031 2.500000 109.083077 
0.370031 2.500000 114.786690 
0.375031 2.500000 105.280669 
0.380032 2.500000 118.589098 
0.385032 2.500000 109.083077 
0.390032 2.500000 109.083077 
0.395032 2.500000 109.083077 
0.400032 2.500000 105.280669 
0.405032 2.500000 107.181873 
0.410033 2.500000 109.083077 
0.415033 2.500000 110.984282 
0.420034 2.500000 109.083077 
0.425034 2.500000 110.984282 
0.430034 2.500000 110.984282 
0.435034 2.500000 109.083077 
0.440035 2.500000 107.181873 
0.445035 2.500000 107.181873 
0.450035 2.500000 103.379465 
0.455035 2.500000 105.280669 
0.460035 2.500000 105.280669 
0.465035 2.500000 110.984282 
0.470036 2.500000 110.984282 
0.475036 2.500000 109.083077 
0.480036 2.500000 109.083077 
0.485036 2.500000 101.478261 
0.490037 2.500000 105.280669 
0.495037 2.500000 103.379465 
0.500037 2.500000 107.181873 
0.505037 2.500000 105.280669 
0.510038 2.500000 109.083077 
0.515038 2.500000 103.379465 
0.520038 2.500000 105.280669 
0.525039 2.500000 99.577057 
0.530039 2.500000 107.181873 
0.535039 2.500000 103.379465 
0.540039 2.500000 97.675853 
0.545039 2.500000 103.379465 
0.550040 2.500000 95.774648 
0.555040 2.500000 103.379465 
0.560040 2.500000 105.280669 
0.565040 2.500000 101.478261 
0.570040 2.500000 101.478261 
0.575041 2.500000 101.478261 
0.580041 2.500000 101.478261 
0.585041 2.500000 105.280669 
0.590041 2.500000 101.478261 
0.595041 2.500000 105.280669 
0.600041 2.500000 97.675853 
0.605042 2.500000 97.675853 
0.610042 2.500000 101.478261 
0.615042 2.500000 97.675853 
0.620042 2.500000 95.774648 
0.625042 2.500000 99.577057 
0.630043 2.500000 99.577057 
0.635043 2.500000 101.478261 
0.640043 2.500000 91.972240 
0.645043 2.500000 101.478261 
0.650044 2.500000 97.675853 
0.655044 2.500000 93.873444 
0.660044 2.500000 93.873444 
0.665044 2.500000 86.268628 
0.670045 2.500000 97.675853 
0.675045 2.500000 93.873444 
0.680045 2.500000 97.675853 
0.685045 2.500000 97.675853 
0.690045 2.500000 95.774648 
0.695046 2.500000 97.675853 
0.700046 2.500000 93.873444 
0.705046 2.500000 95.774648 
0.710046 2.500000 91.972240 
0.715046 2.500000 97.675853 
0.720046 2.500000 88.169832 
0.725047 2.500000 97.675853 
0.730047 2.500000 99.577057 
0.735047 2.500000 95.774648 
0.740047 2.500000 90.071036 
0.745047 2.500000 99.577057 
0.750047 2.500000 86.268628 
0.755047 2.500000 88.169832 
0.760048 2.500000 93.873444 
0.765048 2.500000 88.169832 
0.770048 2.500000 99.577057 
0.775048 2.500000 91.972240 
0.780048 2.500000 93.873444 
0.785048 2.500000 93.873444 
0.790048 2.500000 93.873444 
0.795058 2.500000 91.972240 
0.800058 2.500000 88.169832 
0.805058 2.500000 93.873444 
0.810058 2.500000 84.367424 
0.815059 2.500000 91.972240 
0.820059 2.500000 84.367424 
0.825059 2.500000 93.873444 
0.830059 2.500000 86.268628 
0.835059 2.500000 84.367424 
0.840060 2.500000 93.873444 
0.845060 2.500000 91.972240 
0.850060 2.500000 88.169832 
0.855060 2.500000 91.972240 
0.860060 2.500000 86.268628 
0.865061 2.500000 90.071036 
0.870061 2.500000 91.972240 
0.875061 2.500000 86.268628 
0.880061 2.500000 86.268628 
0.885061 2.500000 93.873444 
0.890062 2.500000 90.071036 
0.895062 2.500000 91.972240 
0.900062 2.500000 90.071036 
0.905062 2.500000 90.071036 
0.910063 2.500000 86.268628 
0.915063 2.500000 93.873444 
0.920063 2.500000 88.169832 
0.925063 2.500000 88.169832 
0.930064 2.500000 86.268628 
0.935064 2.500000 93.873444 
0.940064 2.500000 91.972240 
0.945064 2.500000 90.071036 
0.950065 2.500000 93.873444 
0.955065 2.500000 90.071036 
0.960065 2.500000 86.268628 
0.965066 2.500000 84.367424 
0.970066 2.500000 90.071036 
0.975066 2.500000 86.268628 
0.980066 2.500000 84.367424 
0.985066 2.500000 88.169832 
0.990067 2.500000 90.071036 
0.995067 2.500000 90.071036 
