0.000001 0.700000 -7.880627 
0.005001 0.700000 -5.979423 
0.010001 0.700000 3.526598 
0.015001 0.700000 -4.078219 
0.020002 0.700000 -4.078219 
0.025002 0.700000 1.625394 
0.030002 0.700000 7.329006 
0.035002 0.700000 5.427802 
0.040002 0.700000 5.427802 
0.045003 0.700000 14.933823 
0.050003 0.700000 14.933823 
0.055003 0.700000 14.933823 
0.060003 0.700000 26.341047 
0.065003 0.700000 18.736231 
0.070004 0.700000 20.637435 
0.075004 0.700000 16.835027 
0.080004 0.700000 28.242252 
0.085004 0.700000 30.143456 
0.090004 0.700000 20.637435 
0.095005 0.700000 30.143456 
0.100005 0.700000 26.341047 
0.105019 0.700000 26.341047 
0.110019 0.700000 22.538639 
0.115019 0.700000 32.044660 
0.120019 0.700000 30.143456 
0.125019 0.700000 28.242252 
0.130019 0.700000 26.341047 
0.135020 0.700000 28.242252 
0.140020 0.700000 26.341047 
0.145020 0.700000 35.847068 
0.150020 0.700000 28.242252 
0.155020 0.700000 32.044660 
0.160020 0.700000 33.945864 
0.165020 0.700000 32.044660 
0.170020 0.700000 30.143456 
0.175020 0.700000 33.945864 
0.180020 0.700000 32.044660 
0.185021 0.700000 35.847068 
0.190021 0.700000 37.748272 
0.195021 0.700000 28.242252 
0.200032 0.700000 28.242252 
0.205032 0.700000 33.945864 
0.210032 0.700000 32.044660 
0.215032 0.700000 32.044660 
0.220032 0.700000 37.748272 
0.225032 0.700000 28.242252 
0.230032 0.700000 37.748272 
0.235032 0.700000 33.945864 
0.240032 0.700000 33.945864 
0.245033 0.700000 33.945864 
0.250033 0.700000 33.945864 
0.255033 0.700000 33.945864 
0.260033 0.700000 37.748272 
0.265033 0.700000 32.044660 
0.270033 0.700000 43.451885 
0.275034 0.700000 32.044660 
0.280034 0.700000 35.847068 
0.285034 0.700000 33.945864 
0.290034 0.700000 30.143456 
0.295034 0.700000 32.044660 
0.300034 0.700000 32.044660 
0.305034 0.700000 33.945864 
0.310035 0.700000 35.847068 
0.315035 0.700000 30.143456 
0.320035 0.700000 37.748272 
0.325035 0.700000 37.748272 
0.330035 0.700000 28.242252 
0.335035 0.700000 33.945864 
0.340035 0.700000 32.044660 
0.345036 0.700000 32.044660 
0.350036 0.700000 35.847068 
0.355036 0.700000 30.143456 
0.360036 0.700000 28.242252 
0.365036 0.700000 35.847068 
0.370036 0.700000 35.847068 
0.375036 0.700000 28.242252 
0.380036 0.700000 37.748272 
0.385036 0.700000 37.748272 
0.390037 0.700000 28.242252 
0.395037 0.700000 37.748272 
0.400037 0.700000 32.044660 
0.405037 0.700000 30.143456 
0.410037 0.700000 32.044660 
0.415037 0.700000 26.341047 
0.420037 0.700000 30.143456 
0.425037 0.700000 30.143456 
0.430038 0.700000 32.044660 
0.435038 0.700000 32.044660 
0.440038 0.700000 30.143456 
0.445038 0.700000 32.044660 
0.450038 0.700000 26.341047 
0.455039 0.700000 33.945864 
0.460039 0.700000 24.439843 
0.465039 0.700000 32.044660 
0.470039 0.700000 30.143456 
0.475039 0.700000 30.143456 
0.480039 0.700000 33.945864 
0.485039 0.700000 28.242252 
0.490039 0.700000 32.044660 
0.495039 0.700000 32.044660 
0.500040 0.700000 26.341047 
0.505040 0.700000 33.945864 
0.510040 0.700000 26.341047 
0.515040 0.700000 30.143456 
0.520040 0.700000 30.143456 
0.525040 0.700000 28.242252 
0.530040 0.700000 33.945864 
0.535041 0.700000 24.439843 
0.540041 0.700000 28.242252 
0.545041 0.700000 28.242252 
0.550041 0.700000 26.341047 
0.555041 0.700000 22.538639 
0.560042 0.700000 28.242252 
0.565042 0.700000 30.143456 
0.570042 0.700000 33.945864 
0.575042 0.700000 22.538639 
0.580042 0.700000 30.143456 
0.585042 0.700000 18.736231 
0.590042 0.700000 26.341047 
0.595042 0.700000 28.242252 
0.600042 0.700000 22.538639 
0.605043 0.700000 30.143456 
0.610043 0.700000 28.242252 
0.615043 0.700000 30.143456 
0.620043 0.700000 24.439843 
0.625043 0.700000 32.044660 
0.630043 0.700000 26.341047 
0.635044 0.700000 26.341047 
0.640044 0.700000 26.341047 
0.645044 0.700000 24.439843 
0.650044 0.700000 28.242252 
0.655044 0.700000 20.637435 
0.660044 0.700000 24.439843 
0.665044 0.700000 26.341047 
0.670045 0.700000 24.439843 
0.675045 0.700000 28.242252 
0.680045 0.700000 18.736231 
0.685045 0.700000 30.143456 
0.690045 0.700000 24.439843 
0.695045 0.700000 26.341047 
0.700045 0.700000 26.341047 
0.705045 0.700000 26.341047 
0.710045 0.700000 28.242252 
0.715046 0.700000 24.439843 
0.720046 0.700000 24.439843 
0.725046 0.700000 22.538639 
0.730046 0.700000 20.637435 
0.735046 0.700000 24.439843 
0.740046 0.700000 24.439843 
0.745047 0.700000 20.637435 
0.750047 0.700000 24.439843 
0.755047 0.700000 24.439843 
0.760047 0.700000 20.637435 
0.765047 0.700000 26.341047 
0.770060 0.700000 26.341047 
0.775061 0.700000 20.637435 
0.780061 0.700000 30.143456 
0.785061 0.700000 20.637435 
0.790061 0.700000 28.242252 
0.795061 0.700000 16.835027 
0.800062 0.700000 22.538639 
0.805062 0.700000 24.439843 
0.810062 0.700000 18.736231 
0.815068 0.700000 20.637435 
0.820070 0.700000 18.736231 
0.825071 0.700000 18.736231 
0.830071 0.700000 26.341047 
0.835071 0.700000 18.736231 
0.840071 0.700000 16.835027 
0.845071 0.700000 20.637435 
0.850071 0.700000 20.637435 
0.855071 0.700000 24.439843 
0.860071 0.700000 14.933823 
0.865072 0.700000 24.439843 
0.870072 0.700000 18.736231 
0.875072 0.700000 20.637435 
0.880072 0.700000 20.637435 
0.885072 0.700000 26.341047 
0.890072 0.700000 20.637435 
0.895072 0.700000 22.538639 
0.900073 0.700000 18.736231 
0.905073 0.700000 26.341047 
0.910073 0.700000 16.835027 
0.915073 0.700000 20.637435 
0.920073 0.700000 22.538639 
0.925073 0.700000 14.933823 
0.930073 0.700000 18.736231 
0.935074 0.700000 22.538639 
0.940074 0.700000 22.538639 
0.945074 0.700000 26.341047 
0.950074 0.700000 18.736231 
0.955074 0.700000 22.538639 
0.960074 0.700000 24.439843 
0.965074 0.700000 22.538639 
0.970074 0.700000 16.835027 
0.975075 0.700000 18.736231 
0.980075 0.700000 20.637435 
0.985075 0.700000 20.637435 
0.990075 0.700000 20.637435 
0.995075 0.700000 16.835027 
