0.000000 2.200000 -3.179197 
0.005000 2.200000 0.623212 
0.010001 2.200000 -5.080401 
0.015001 2.200000 -1.277992 
0.020001 2.200000 2.524416 
0.025001 2.200000 8.228028 
0.030001 2.200000 19.635253 
0.035001 2.200000 32.943682 
0.040001 2.200000 38.647295 
0.045002 2.200000 50.054520 
0.050002 2.200000 51.955724 
0.055002 2.200000 59.560540 
0.060002 2.200000 61.461745 
0.065002 2.200000 59.560540 
0.070003 2.200000 70.967765 
0.075003 2.200000 74.770174 
0.080003 2.200000 69.066561 
0.085003 2.200000 74.770174 
0.090004 2.200000 78.572582 
0.095004 2.200000 74.770174 
0.100004 2.200000 76.671378 
0.105004 2.200000 78.572582 
0.110005 2.200000 88.078603 
0.115005 2.200000 86.177399 
0.120005 2.200000 93.782215 
0.125005 2.200000 88.078603 
0.130005 2.200000 89.979807 
0.135005 2.200000 88.078603 
0.140006 2.200000 95.683419 
0.145006 2.200000 91.881011 
0.150006 2.200000 93.782215 
0.155006 2.200000 88.078603 
0.160007 2.200000 91.881011 
0.165007 2.200000 91.881011 
0.170007 2.200000 95.683419 
0.175007 2.200000 103.288236 
0.180008 2.200000 101.387032 
0.185008 2.200000 103.288236 
0.190008 2.200000 95.683419 
0.195008 2.200000 101.387032 
0.200009 2.200000 97.584624 
0.205009 2.200000 101.387032 
0.210009 2.200000 105.189440 
0.215009 2.200000 97.584624 
0.220009 2.200000 95.683419 
0.225010 2.200000 93.782215 
0.230010 2.200000 99.485828 
0.235010 2.200000 105.189440 
0.240010 2.200000 97.584624 
0.245010 2.200000 103.288236 
0.250010 2.200000 99.485828 
0.255011 2.200000 99.485828 
0.260011 2.200000 107.090644 
0.265011 2.200000 103.288236 
0.270011 2.200000 101.387032 
0.275011 2.200000 99.485828 
0.280012 2.200000 101.387032 
0.285012 2.200000 95.683419 
0.290012 2.200000 105.189440 
0.295012 2.200000 97.584624 
0.300012 2.200000 99.485828 
0.305013 2.200000 101.387032 
0.310013 2.200000 91.881011 
0.315022 2.200000 97.584624 
0.320022 2.200000 97.584624 
0.325022 2.200000 99.485828 
0.330022 2.200000 99.485828 
0.335022 2.200000 99.485828 
0.340022 2.200000 101.387032 
0.345022 2.200000 97.584624 
0.350023 2.200000 101.387032 
0.355023 2.200000 95.683419 
0.360023 2.200000 91.881011 
0.365023 2.200000 93.782215 
0.370023 2.200000 95.683419 
0.375023 2.200000 97.584624 
0.380024 2.200000 101.387032 
0.385027 2.200000 93.782215 
0.390028 2.200000 91.881011 
0.395028 2.200000 91.881011 
0.400028 2.200000 91.881011 
0.405028 2.200000 95.683419 
0.410028 2.200000 89.979807 
0.415029 2.200000 89.979807 
0.420029 2.200000 93.782215 
0.425029 2.200000 97.584624 
0.430029 2.200000 93.782215 
0.435029 2.200000 95.683419 
0.440029 2.200000 93.782215 
0.445029 2.200000 91.881011 
0.450030 2.200000 89.979807 
0.455030 2.200000 93.782215 
0.460046 2.200000 97.584624 
0.465046 2.200000 91.881011 
0.470046 2.200000 89.979807 
0.475046 2.200000 91.881011 
0.480047 2.200000 89.979807 
0.485047 2.200000 93.782215 
0.490047 2.200000 93.782215 
0.495047 2.200000 86.177399 
0.500047 2.200000 93.782215 
0.505047 2.200000 84.276194 
0.510047 2.200000 89.979807 
0.515047 2.200000 88.078603 
0.520048 2.200000 88.078603 
0.525054 2.200000 93.782215 
0.530054 2.200000 88.078603 
0.535054 2.200000 82.374990 
0.540055 2.200000 89.979807 
0.545055 2.200000 89.979807 
0.550055 2.200000 84.276194 
0.555055 2.200000 84.276194 
0.560055 2.200000 80.473786 
0.565055 2.200000 86.177399 
0.570056 2.200000 80.473786 
0.575056 2.200000 88.078603 
0.580056 2.200000 88.078603 
0.585056 2.200000 86.177399 
0.590056 2.200000 84.276194 
0.595057 2.200000 84.276194 
0.600057 2.200000 82.374990 
0.605057 2.200000 84.276194 
0.610057 2.200000 86.177399 
0.615057 2.200000 80.473786 
0.620057 2.200000 86.177399 
0.625057 2.200000 82.374990 
0.630057 2.200000 80.473786 
0.635057 2.200000 78.572582 
0.640058 2.200000 82.374990 
0.645058 2.200000 82.374990 
0.650065 2.200000 82.374990 
0.655065 2.200000 82.374990 
0.660065 2.200000 76.671378 
0.665065 2.200000 80.473786 
0.670065 2.200000 84.276194 
0.675065 2.200000 80.473786 
0.680066 2.200000 80.473786 
0.685066 2.200000 76.671378 
0.690066 2.200000 78.572582 
0.695066 2.200000 78.572582 
0.700066 2.200000 78.572582 
0.705067 2.200000 76.671378 
0.710067 2.200000 82.374990 
0.715067 2.200000 78.572582 
0.720067 2.200000 69.066561 
0.725067 2.200000 82.374990 
0.730068 2.200000 72.868970 
0.735068 2.200000 80.473786 
0.740068 2.200000 74.770174 
0.745082 2.200000 76.671378 
0.750083 2.200000 78.572582 
0.755083 2.200000 76.671378 
0.760083 2.200000 74.770174 
0.765083 2.200000 80.473786 
0.770083 2.200000 70.967765 
0.775083 2.200000 76.671378 
0.780083 2.200000 74.770174 
0.785084 2.200000 72.868970 
0.790084 2.200000 78.572582 
0.795084 2.200000 72.868970 
0.800084 2.200000 74.770174 
0.805084 2.200000 78.572582 
0.810084 2.200000 74.770174 
0.815084 2.200000 74.770174 
0.820085 2.200000 70.967765 
0.825085 2.200000 80.473786 
0.830086 2.200000 74.770174 
0.835086 2.200000 74.770174 
0.840087 2.200000 70.967765 
0.845087 2.200000 70.967765 
0.850087 2.200000 72.868970 
0.855087 2.200000 67.165357 
0.860087 2.200000 72.868970 
0.865088 2.200000 78.572582 
0.870088 2.200000 70.967765 
0.875088 2.200000 76.671378 
0.880088 2.200000 69.066561 
0.885088 2.200000 76.671378 
0.890089 2.200000 69.066561 
0.895089 2.200000 74.770174 
0.900089 2.200000 65.264153 
0.905089 2.200000 74.770174 
0.910090 2.200000 76.671378 
0.915091 2.200000 76.671378 
0.920091 2.200000 69.066561 
0.925091 2.200000 74.770174 
0.930091 2.200000 70.967765 
0.935091 2.200000 70.967765 
0.940091 2.200000 69.066561 
0.945091 2.200000 72.868970 
0.950091 2.200000 65.264153 
0.955092 2.200000 70.967765 
0.960092 2.200000 65.264153 
0.965092 2.200000 70.967765 
0.970092 2.200000 69.066561 
0.975092 2.200000 70.967765 
0.980092 2.200000 74.770174 
0.985092 2.200000 69.066561 
0.990093 2.200000 74.770174 
0.995093 2.200000 74.770174 
