0.000001 3.300000 1.667476 
0.005001 3.300000 3.568680 
0.010001 3.300000 7.371089 
0.015001 3.300000 16.877109 
0.020001 3.300000 41.592763 
0.025001 3.300000 54.901192 
0.030014 3.300000 68.209622 
0.035014 3.300000 75.814438 
0.040014 3.300000 77.715642 
0.045014 3.300000 89.122867 
0.050014 3.300000 83.419255 
0.055015 3.300000 91.024071 
0.060015 3.300000 102.431296 
0.065015 3.300000 102.431296 
0.070015 3.300000 111.937317 
0.075015 3.300000 108.134909 
0.080016 3.300000 117.640929 
0.085016 3.300000 115.739725 
0.090016 3.300000 123.344542 
0.095017 3.300000 121.443338 
0.100017 3.300000 121.443338 
0.105017 3.300000 127.146950 
0.110017 3.300000 125.245746 
0.115017 3.300000 127.146950 
0.120017 3.300000 127.146950 
0.125017 3.300000 127.146950 
0.130018 3.300000 130.949359 
0.135018 3.300000 136.652971 
0.140018 3.300000 136.652971 
0.145018 3.300000 138.554175 
0.150018 3.300000 140.455379 
0.155018 3.300000 136.652971 
0.160019 3.300000 134.751767 
0.165019 3.300000 134.751767 
0.170019 3.300000 138.554175 
0.175019 3.300000 142.356583 
0.180019 3.300000 148.060196 
0.185020 3.300000 144.257788 
0.190020 3.300000 140.455379 
0.195020 3.300000 138.554175 
0.200020 3.300000 144.257788 
0.205020 3.300000 142.356583 
0.210020 3.300000 142.356583 
0.215020 3.300000 138.554175 
0.220021 3.300000 142.356583 
0.225021 3.300000 151.862604 
0.230021 3.300000 140.455379 
0.235021 3.300000 146.158992 
0.240022 3.300000 148.060196 
0.245022 3.300000 142.356583 
0.250022 3.300000 144.257788 
0.255022 3.300000 144.257788 
0.260022 3.300000 136.652971 
0.265023 3.300000 140.455379 
0.270023 3.300000 140.455379 
0.275023 3.300000 140.455379 
0.280023 3.300000 142.356583 
0.285023 3.300000 136.652971 
0.290024 3.300000 144.257788 
0.295024 3.300000 138.554175 
0.300024 3.300000 140.455379 
0.305024 3.300000 138.554175 
0.310025 3.300000 138.554175 
0.315025 3.300000 140.455379 
0.320025 3.300000 138.554175 
0.325025 3.300000 149.961400 
0.330026 3.300000 134.751767 
0.335026 3.300000 136.652971 
0.340026 3.300000 138.554175 
0.345026 3.300000 138.554175 
0.350026 3.300000 142.356583 
0.355026 3.300000 136.652971 
0.360027 3.300000 142.356583 
0.365027 3.300000 136.652971 
0.370027 3.300000 138.554175 
0.375027 3.300000 136.652971 
0.380027 3.300000 138.554175 
0.385028 3.300000 138.554175 
0.390028 3.300000 134.751767 
0.395028 3.300000 136.652971 
0.400028 3.300000 134.751767 
0.405028 3.300000 144.257788 
0.410028 3.300000 138.554175 
0.415029 3.300000 136.652971 
0.420029 3.300000 130.949359 
0.425029 3.300000 123.344542 
0.430029 3.300000 138.554175 
0.435029 3.300000 129.048154 
0.440029 3.300000 136.652971 
0.445029 3.300000 130.949359 
0.450030 3.300000 136.652971 
0.455030 3.300000 129.048154 
0.460030 3.300000 130.949359 
0.465030 3.300000 129.048154 
0.470030 3.300000 134.751767 
0.475030 3.300000 129.048154 
0.480030 3.300000 130.949359 
0.485031 3.300000 132.850563 
0.490031 3.300000 129.048154 
0.495031 3.300000 127.146950 
0.500031 3.300000 129.048154 
0.505031 3.300000 129.048154 
0.510031 3.300000 130.949359 
0.515031 3.300000 129.048154 
0.520031 3.300000 136.652971 
0.525031 3.300000 129.048154 
0.530031 3.300000 132.850563 
0.535032 3.300000 117.640929 
0.540032 3.300000 125.245746 
0.545032 3.300000 123.344542 
0.550032 3.300000 127.146950 
0.555032 3.300000 129.048154 
0.560032 3.300000 130.949359 
0.565043 3.300000 125.245746 
0.570043 3.300000 129.048154 
0.575043 3.300000 129.048154 
0.580043 3.300000 125.245746 
0.585046 3.300000 129.048154 
0.590046 3.300000 123.344542 
0.595046 3.300000 129.048154 
0.600046 3.300000 119.542134 
0.605046 3.300000 129.048154 
0.610047 3.300000 119.542134 
0.615047 3.300000 129.048154 
0.620047 3.300000 121.443338 
0.625047 3.300000 123.344542 
0.630047 3.300000 119.542134 
0.635047 3.300000 123.344542 
0.640047 3.300000 123.344542 
0.645048 3.300000 119.542134 
0.650048 3.300000 121.443338 
0.655048 3.300000 127.146950 
0.660048 3.300000 121.443338 
0.665048 3.300000 119.542134 
0.670049 3.300000 123.344542 
0.675049 3.300000 121.443338 
0.680049 3.300000 121.443338 
0.685049 3.300000 125.245746 
0.690049 3.300000 121.443338 
0.695050 3.300000 121.443338 
0.700050 3.300000 123.344542 
0.705050 3.300000 119.542134 
0.710050 3.300000 119.542134 
0.715050 3.300000 125.245746 
0.720050 3.300000 121.443338 
0.725050 3.300000 121.443338 
0.730050 3.300000 127.146950 
0.735051 3.300000 121.443338 
0.740051 3.300000 115.739725 
0.745051 3.300000 123.344542 
0.750051 3.300000 119.542134 
0.755051 3.300000 125.245746 
0.760051 3.300000 119.542134 
0.765051 3.300000 119.542134 
0.770052 3.300000 121.443338 
0.775052 3.300000 125.245746 
0.780052 3.300000 125.245746 
0.785052 3.300000 123.344542 
0.790052 3.300000 119.542134 
0.795052 3.300000 123.344542 
0.800052 3.300000 113.838521 
0.805053 3.300000 125.245746 
0.810053 3.300000 125.245746 
0.815053 3.300000 117.640929 
0.820053 3.300000 129.048154 
0.825054 3.300000 121.443338 
0.830054 3.300000 125.245746 
0.835054 3.300000 117.640929 
0.840054 3.300000 119.542134 
0.845054 3.300000 121.443338 
0.850054 3.300000 127.146950 
0.855054 3.300000 119.542134 
0.860055 3.300000 125.245746 
0.865055 3.300000 121.443338 
0.870055 3.300000 121.443338 
0.875055 3.300000 117.640929 
0.880055 3.300000 121.443338 
0.885055 3.300000 123.344542 
0.890055 3.300000 123.344542 
0.895055 3.300000 121.443338 
0.900056 3.300000 121.443338 
0.905056 3.300000 115.739725 
0.910056 3.300000 125.245746 
0.915056 3.300000 121.443338 
0.920056 3.300000 125.245746 
0.925056 3.300000 119.542134 
0.930056 3.300000 121.443338 
0.935056 3.300000 115.739725 
0.940057 3.300000 123.344542 
0.945057 3.300000 119.542134 
0.950070 3.300000 129.048154 
0.955070 3.300000 127.146950 
0.960070 3.300000 119.542134 
0.965070 3.300000 117.640929 
0.970070 3.300000 125.245746 
0.975070 3.300000 119.542134 
0.980070 3.300000 125.245746 
0.985070 3.300000 123.344542 
0.990071 3.300000 127.146950 
0.995071 3.300000 127.146950 
