0.000001 3.700000 0.267779 
0.005001 3.700000 -3.534630 
0.010001 3.700000 -1.633426 
0.015001 3.700000 2.168983 
0.020001 3.700000 7.872595 
0.025001 3.700000 30.687045 
0.030002 3.700000 45.896678 
0.035002 3.700000 61.106311 
0.040002 3.700000 78.217149 
0.045002 3.700000 99.130395 
0.050002 3.700000 106.735211 
0.055003 3.700000 106.735211 
0.060003 3.700000 110.537619 
0.065009 3.700000 112.438824 
0.070010 3.700000 120.043640 
0.075010 3.700000 120.043640 
0.080010 3.700000 118.142436 
0.085010 3.700000 121.944844 
0.090011 3.700000 129.549661 
0.095011 3.700000 133.352069 
0.100011 3.700000 137.154478 
0.105011 3.700000 139.055682 
0.110012 3.700000 140.956886 
0.115012 3.700000 146.660498 
0.120012 3.700000 148.561702 
0.125012 3.700000 139.055682 
0.130012 3.700000 140.956886 
0.135012 3.700000 135.253273 
0.140013 3.700000 144.759294 
0.145013 3.700000 152.364111 
0.150013 3.700000 159.968927 
0.155013 3.700000 156.166519 
0.160013 3.700000 152.364111 
0.165013 3.700000 150.462907 
0.170013 3.700000 146.660498 
0.175013 3.700000 158.067723 
0.180013 3.700000 152.364111 
0.185014 3.700000 156.166519 
0.190014 3.700000 156.166519 
0.195014 3.700000 158.067723 
0.200014 3.700000 156.166519 
0.205014 3.700000 161.870132 
0.210015 3.700000 159.968927 
0.215020 3.700000 159.968927 
0.220020 3.700000 156.166519 
0.225020 3.700000 159.968927 
0.230020 3.700000 150.462907 
0.235020 3.700000 159.968927 
0.240021 3.700000 158.067723 
0.245021 3.700000 159.968927 
0.250021 3.700000 150.462907 
0.255021 3.700000 159.968927 
0.260021 3.700000 154.265315 
0.265021 3.700000 159.968927 
0.270021 3.700000 158.067723 
0.275022 3.700000 156.166519 
0.280022 3.700000 156.166519 
0.285022 3.700000 150.462907 
0.290022 3.700000 158.067723 
0.295022 3.700000 154.265315 
0.300022 3.700000 152.364111 
0.305022 3.700000 152.364111 
0.310023 3.700000 148.561702 
0.315023 3.700000 154.265315 
0.320023 3.700000 152.364111 
0.325023 3.700000 154.265315 
0.330023 3.700000 150.462907 
0.335023 3.700000 152.364111 
0.340024 3.700000 152.364111 
0.345024 3.700000 146.660498 
0.350024 3.700000 154.265315 
0.355024 3.700000 152.364111 
0.360024 3.700000 148.561702 
0.365024 3.700000 146.660498 
0.370024 3.700000 150.462907 
0.375024 3.700000 150.462907 
0.380024 3.700000 148.561702 
0.385024 3.700000 142.858090 
0.390025 3.700000 154.265315 
0.395025 3.700000 148.561702 
0.400025 3.700000 146.660498 
0.405025 3.700000 150.462907 
0.410025 3.700000 144.759294 
0.415025 3.700000 152.364111 
0.420025 3.700000 144.759294 
0.425026 3.700000 144.759294 
0.430026 3.700000 144.759294 
0.435026 3.700000 137.154478 
0.440026 3.700000 142.858090 
0.445027 3.700000 142.858090 
0.450027 3.700000 144.759294 
0.455027 3.700000 148.561702 
0.460027 3.700000 139.055682 
0.465027 3.700000 144.759294 
0.470028 3.700000 140.956886 
0.475028 3.700000 140.956886 
0.480028 3.700000 140.956886 
0.485028 3.700000 144.759294 
0.490028 3.700000 133.352069 
0.495029 3.700000 148.561702 
0.500029 3.700000 139.055682 
0.505029 3.700000 148.561702 
0.510029 3.700000 140.956886 
0.515029 3.700000 142.858090 
0.520030 3.700000 137.154478 
0.525030 3.700000 135.253273 
0.530030 3.700000 140.956886 
0.535030 3.700000 140.956886 
0.540030 3.700000 146.660498 
0.545030 3.700000 139.055682 
0.550030 3.700000 140.956886 
0.555031 3.700000 135.253273 
0.560031 3.700000 137.154478 
0.565031 3.700000 137.154478 
0.570031 3.700000 137.154478 
0.575032 3.700000 139.055682 
0.580032 3.700000 140.956886 
0.585032 3.700000 140.956886 
0.590032 3.700000 137.154478 
0.595032 3.700000 135.253273 
0.600032 3.700000 135.253273 
0.605033 3.700000 137.154478 
0.610033 3.700000 144.759294 
0.615033 3.700000 139.055682 
0.620033 3.700000 137.154478 
0.625033 3.700000 135.253273 
0.630033 3.700000 139.055682 
0.635044 3.700000 135.253273 
0.640045 3.700000 139.055682 
0.645045 3.700000 137.154478 
0.650045 3.700000 142.858090 
0.655045 3.700000 139.055682 
0.660045 3.700000 142.858090 
0.665045 3.700000 137.154478 
0.670046 3.700000 127.648457 
0.675046 3.700000 140.956886 
0.680046 3.700000 133.352069 
0.685046 3.700000 142.858090 
0.690046 3.700000 144.759294 
0.695047 3.700000 140.956886 
0.700047 3.700000 133.352069 
0.705047 3.700000 133.352069 
0.710058 3.700000 135.253273 
0.715058 3.700000 129.549661 
0.720058 3.700000 133.352069 
0.725058 3.700000 133.352069 
0.730058 3.700000 142.858090 
0.735059 3.700000 139.055682 
0.740059 3.700000 140.956886 
0.745059 3.700000 135.253273 
0.750060 3.700000 131.450865 
0.755060 3.700000 135.253273 
0.760060 3.700000 137.154478 
0.765060 3.700000 140.956886 
0.770060 3.700000 137.154478 
0.775061 3.700000 140.956886 
0.780061 3.700000 137.154478 
0.785061 3.700000 133.352069 
0.790061 3.700000 142.858090 
0.795066 3.700000 144.759294 
0.800066 3.700000 142.858090 
0.805066 3.700000 129.549661 
0.810066 3.700000 139.055682 
0.815067 3.700000 135.253273 
0.820067 3.700000 135.253273 
0.825067 3.700000 139.055682 
0.830068 3.700000 137.154478 
0.835068 3.700000 137.154478 
0.840068 3.700000 131.450865 
0.845068 3.700000 140.956886 
0.850068 3.700000 139.055682 
0.855068 3.700000 140.956886 
0.860068 3.700000 140.956886 
0.865069 3.700000 129.549661 
0.870069 3.700000 135.253273 
0.875069 3.700000 142.858090 
0.880069 3.700000 140.956886 
0.885069 3.700000 144.759294 
0.890069 3.700000 133.352069 
0.895069 3.700000 137.154478 
0.900070 3.700000 142.858090 
0.905070 3.700000 139.055682 
0.910070 3.700000 150.462907 
0.915070 3.700000 140.956886 
0.920081 3.700000 137.154478 
0.925081 3.700000 133.352069 
0.930081 3.700000 148.561702 
0.935082 3.700000 142.858090 
0.940082 3.700000 144.759294 
0.945082 3.700000 133.352069 
0.950082 3.700000 140.956886 
0.955082 3.700000 142.858090 
0.960082 3.700000 144.759294 
0.965082 3.700000 142.858090 
0.970083 3.700000 142.858090 
0.975083 3.700000 139.055682 
0.980083 3.700000 142.858090 
0.985083 3.700000 150.462907 
0.990084 3.700000 152.364111 
0.995084 3.700000 142.858090 
