0.000001 4.200000 -3.504883 
0.005001 4.200000 0.297525 
0.010001 4.200000 2.198729 
0.015001 4.200000 11.704750 
0.020001 4.200000 30.716791 
0.025001 4.200000 44.025220 
0.030001 4.200000 57.333649 
0.035002 4.200000 72.543283 
0.040002 4.200000 85.851712 
0.045002 4.200000 104.863753 
0.050002 4.200000 121.974591 
0.055002 4.200000 131.480611 
0.060002 4.200000 129.579407 
0.065002 4.200000 129.579407 
0.070003 4.200000 135.283020 
0.075003 4.200000 139.085428 
0.080003 4.200000 140.986632 
0.085003 4.200000 142.887836 
0.090003 4.200000 152.393857 
0.095003 4.200000 154.295061 
0.100003 4.200000 158.097469 
0.105003 4.200000 156.196265 
0.110004 4.200000 163.801082 
0.115004 4.200000 163.801082 
0.120004 4.200000 163.801082 
0.125005 4.200000 165.702286 
0.130006 4.200000 163.801082 
0.135006 4.200000 173.307103 
0.140006 4.200000 165.702286 
0.145007 4.200000 179.010715 
0.150007 4.200000 163.801082 
0.155007 4.200000 167.603490 
0.160007 4.200000 173.307103 
0.165007 4.200000 175.208307 
0.170008 4.200000 177.109511 
0.175008 4.200000 180.911919 
0.180008 4.200000 171.405899 
0.185008 4.200000 179.010715 
0.190008 4.200000 173.307103 
0.195009 4.200000 182.813123 
0.200009 4.200000 177.109511 
0.205009 4.200000 180.911919 
0.210009 4.200000 169.504694 
0.215009 4.200000 175.208307 
0.220010 4.200000 171.405899 
0.225010 4.200000 173.307103 
0.230010 4.200000 179.010715 
0.235010 4.200000 177.109511 
0.240011 4.200000 171.405899 
0.245011 4.200000 163.801082 
0.250011 4.200000 167.603490 
0.255011 4.200000 177.109511 
0.260012 4.200000 177.109511 
0.265012 4.200000 171.405899 
0.270013 4.200000 171.405899 
0.275013 4.200000 167.603490 
0.280013 4.200000 165.702286 
0.285014 4.200000 167.603490 
0.290014 4.200000 175.208307 
0.295014 4.200000 175.208307 
0.300014 4.200000 171.405899 
0.305014 4.200000 167.603490 
0.310015 4.200000 171.405899 
0.315015 4.200000 171.405899 
0.320015 4.200000 177.109511 
0.325015 4.200000 169.504694 
0.330015 4.200000 167.603490 
0.335016 4.200000 169.504694 
0.340016 4.200000 161.899878 
0.345017 4.200000 173.307103 
0.350017 4.200000 171.405899 
0.355017 4.200000 171.405899 
0.360017 4.200000 167.603490 
0.365017 4.200000 167.603490 
0.370017 4.200000 171.405899 
0.375017 4.200000 169.504694 
0.380017 4.200000 175.208307 
0.385018 4.200000 169.504694 
0.390018 4.200000 169.504694 
0.395019 4.200000 163.801082 
0.400019 4.200000 161.899878 
0.405019 4.200000 165.702286 
0.410019 4.200000 173.307103 
0.415019 4.200000 167.603490 
0.420020 4.200000 165.702286 
0.425020 4.200000 159.998674 
0.430020 4.200000 159.998674 
0.435021 4.200000 159.998674 
0.440021 4.200000 161.899878 
0.445021 4.200000 167.603490 
0.450022 4.200000 171.405899 
0.455022 4.200000 165.702286 
0.460022 4.200000 165.702286 
0.465023 4.200000 154.295061 
0.470023 4.200000 163.801082 
0.475023 4.200000 159.998674 
0.480023 4.200000 161.899878 
0.485023 4.200000 167.603490 
0.490024 4.200000 158.097469 
0.495024 4.200000 159.998674 
0.500025 4.200000 154.295061 
0.505025 4.200000 159.998674 
0.510025 4.200000 159.998674 
0.515025 4.200000 154.295061 
0.520026 4.200000 163.801082 
0.525026 4.200000 156.196265 
0.530027 4.200000 163.801082 
0.535027 4.200000 154.295061 
0.540027 4.200000 163.801082 
0.545028 4.200000 159.998674 
0.550028 4.200000 154.295061 
0.555028 4.200000 159.998674 
0.560029 4.200000 156.196265 
0.565029 4.200000 156.196265 
0.570029 4.200000 158.097469 
0.575030 4.200000 158.097469 
0.580031 4.200000 159.998674 
0.585031 4.200000 159.998674 
0.590031 4.200000 163.801082 
0.595032 4.200000 154.295061 
0.600032 4.200000 161.899878 
0.605032 4.200000 152.393857 
0.610032 4.200000 156.196265 
0.615032 4.200000 154.295061 
0.620033 4.200000 159.998674 
0.625033 4.200000 158.097469 
0.630033 4.200000 161.899878 
0.635033 4.200000 152.393857 
0.640033 4.200000 161.899878 
0.645033 4.200000 158.097469 
0.650034 4.200000 159.998674 
0.655034 4.200000 158.097469 
0.660035 4.200000 161.899878 
0.665035 4.200000 158.097469 
0.670035 4.200000 158.097469 
0.675035 4.200000 163.801082 
0.680036 4.200000 163.801082 
0.685036 4.200000 163.801082 
0.690037 4.200000 159.998674 
0.695037 4.200000 161.899878 
0.700037 4.200000 154.295061 
0.705037 4.200000 154.295061 
0.710037 4.200000 163.801082 
0.715037 4.200000 163.801082 
0.720038 4.200000 158.097469 
0.725038 4.200000 163.801082 
0.730038 4.200000 158.097469 
0.735039 4.200000 158.097469 
0.740039 4.200000 158.097469 
0.745039 4.200000 159.998674 
0.750039 4.200000 161.899878 
0.755039 4.200000 159.998674 
0.760039 4.200000 165.702286 
0.765039 4.200000 161.899878 
0.770040 4.200000 158.097469 
0.775040 4.200000 161.899878 
0.780040 4.200000 161.899878 
0.785040 4.200000 158.097469 
0.790041 4.200000 163.801082 
0.795041 4.200000 161.899878 
0.800042 4.200000 154.295061 
0.805042 4.200000 159.998674 
0.810042 4.200000 163.801082 
0.815042 4.200000 159.998674 
0.820042 4.200000 163.801082 
0.825042 4.200000 167.603490 
0.830043 4.200000 161.899878 
0.835043 4.200000 159.998674 
0.840044 4.200000 167.603490 
0.845044 4.200000 159.998674 
0.850044 4.200000 171.405899 
0.855044 4.200000 163.801082 
0.860044 4.200000 165.702286 
0.865044 4.200000 159.998674 
0.870061 4.200000 165.702286 
0.875061 4.200000 171.405899 
0.880062 4.200000 161.899878 
0.885062 4.200000 167.603490 
0.890063 4.200000 169.504694 
0.895063 4.200000 163.801082 
0.900063 4.200000 163.801082 
0.905063 4.200000 159.998674 
0.910064 4.200000 171.405899 
0.915064 4.200000 171.405899 
0.920065 4.200000 171.405899 
0.925065 4.200000 167.603490 
0.930066 4.200000 171.405899 
0.935066 4.200000 161.899878 
0.940067 4.200000 171.405899 
0.945067 4.200000 165.702286 
0.950068 4.200000 179.010715 
0.955068 4.200000 173.307103 
0.960068 4.200000 169.504694 
0.965068 4.200000 173.307103 
0.970069 4.200000 161.899878 
0.975069 4.200000 171.405899 
0.980069 4.200000 173.307103 
0.985070 4.200000 171.405899 
0.990070 4.200000 171.405899 
0.995070 4.200000 171.405899 
