0.000001 3.200000 -0.410100 
0.005001 3.200000 1.491104 
0.010001 3.200000 9.095921 
0.015001 3.200000 20.503146 
0.020001 3.200000 30.009166 
0.025002 3.200000 50.922412 
0.030002 3.200000 66.132045 
0.035002 3.200000 71.835658 
0.040002 3.200000 83.242883 
0.045002 3.200000 83.242883 
0.050002 3.200000 83.242883 
0.055002 3.200000 100.353720 
0.060002 3.200000 90.847699 
0.065002 3.200000 104.156128 
0.070003 3.200000 109.859741 
0.075003 3.200000 104.156128 
0.080003 3.200000 107.958537 
0.085003 3.200000 113.662149 
0.090003 3.200000 111.760945 
0.095003 3.200000 119.365762 
0.100019 3.200000 121.266966 
0.105019 3.200000 113.662149 
0.110019 3.200000 123.168170 
0.115019 3.200000 119.365762 
0.120019 3.200000 126.970578 
0.125019 3.200000 132.674191 
0.130019 3.200000 134.575395 
0.135019 3.200000 130.772986 
0.140020 3.200000 130.772986 
0.145020 3.200000 125.069374 
0.150021 3.200000 126.970578 
0.155021 3.200000 138.377803 
0.160021 3.200000 140.279007 
0.165022 3.200000 136.476599 
0.170023 3.200000 140.279007 
0.175023 3.200000 130.772986 
0.180023 3.200000 132.674191 
0.185024 3.200000 136.476599 
0.190024 3.200000 136.476599 
0.195024 3.200000 136.476599 
0.200024 3.200000 142.180211 
0.205025 3.200000 136.476599 
0.210026 3.200000 132.674191 
0.215026 3.200000 140.279007 
0.220027 3.200000 144.081415 
0.225027 3.200000 136.476599 
0.230027 3.200000 145.982620 
0.235028 3.200000 138.377803 
0.240028 3.200000 140.279007 
0.245028 3.200000 140.279007 
0.250028 3.200000 145.982620 
0.255029 3.200000 145.982620 
0.260029 3.200000 130.772986 
0.265030 3.200000 136.476599 
0.270030 3.200000 140.279007 
0.275030 3.200000 144.081415 
0.280030 3.200000 145.982620 
0.285030 3.200000 140.279007 
0.290031 3.200000 128.871782 
0.295031 3.200000 136.476599 
0.300032 3.200000 138.377803 
0.305032 3.200000 144.081415 
0.310032 3.200000 142.180211 
0.315032 3.200000 134.575395 
0.320032 3.200000 138.377803 
0.325032 3.200000 136.476599 
0.330032 3.200000 138.377803 
0.335033 3.200000 136.476599 
0.340033 3.200000 140.279007 
0.345034 3.200000 136.476599 
0.350034 3.200000 128.871782 
0.355034 3.200000 136.476599 
0.360034 3.200000 140.279007 
0.365034 3.200000 136.476599 
0.370034 3.200000 140.279007 
0.375034 3.200000 130.772986 
0.380035 3.200000 130.772986 
0.385035 3.200000 132.674191 
0.390036 3.200000 134.575395 
0.395036 3.200000 140.279007 
0.400036 3.200000 134.575395 
0.405036 3.200000 128.871782 
0.410036 3.200000 128.871782 
0.415037 3.200000 126.970578 
0.420037 3.200000 128.871782 
0.425037 3.200000 132.674191 
0.430037 3.200000 138.377803 
0.435037 3.200000 132.674191 
0.440038 3.200000 123.168170 
0.445038 3.200000 132.674191 
0.450038 3.200000 126.970578 
0.455038 3.200000 130.772986 
0.460038 3.200000 130.772986 
0.465038 3.200000 126.970578 
0.470039 3.200000 134.575395 
0.475039 3.200000 123.168170 
0.480039 3.200000 123.168170 
0.485039 3.200000 126.970578 
0.490039 3.200000 130.772986 
0.495039 3.200000 126.970578 
0.500039 3.200000 125.069374 
0.505040 3.200000 130.772986 
0.510040 3.200000 134.575395 
0.515040 3.200000 128.871782 
0.520040 3.200000 121.266966 
0.525040 3.200000 125.069374 
0.530041 3.200000 123.168170 
0.535041 3.200000 123.168170 
0.540042 3.200000 125.069374 
0.545042 3.200000 126.970578 
0.550042 3.200000 125.069374 
0.555042 3.200000 128.871782 
0.560042 3.200000 125.069374 
0.565043 3.200000 123.168170 
0.570043 3.200000 119.365762 
0.575043 3.200000 128.871782 
0.580043 3.200000 119.365762 
0.585043 3.200000 125.069374 
0.590043 3.200000 119.365762 
0.595043 3.200000 126.970578 
0.600043 3.200000 126.970578 
0.605044 3.200000 121.266966 
0.610044 3.200000 119.365762 
0.615044 3.200000 121.266966 
0.620044 3.200000 121.266966 
0.625045 3.200000 117.464557 
0.630045 3.200000 117.464557 
0.635045 3.200000 117.464557 
0.640045 3.200000 126.970578 
0.645046 3.200000 117.464557 
0.650057 3.200000 123.168170 
0.655057 3.200000 121.266966 
0.660057 3.200000 125.069374 
0.665057 3.200000 119.365762 
0.670057 3.200000 117.464557 
0.675057 3.200000 113.662149 
0.680057 3.200000 123.168170 
0.685057 3.200000 119.365762 
0.690058 3.200000 119.365762 
0.695058 3.200000 123.168170 
0.700058 3.200000 119.365762 
0.705058 3.200000 117.464557 
0.710058 3.200000 119.365762 
0.715058 3.200000 119.365762 
0.720058 3.200000 125.069374 
0.725058 3.200000 119.365762 
0.730059 3.200000 123.168170 
0.735059 3.200000 123.168170 
0.740059 3.200000 111.760945 
0.745060 3.200000 117.464557 
0.750060 3.200000 119.365762 
0.755060 3.200000 113.662149 
0.760060 3.200000 117.464557 
0.765060 3.200000 113.662149 
0.770060 3.200000 119.365762 
0.775061 3.200000 119.365762 
0.780061 3.200000 117.464557 
0.785061 3.200000 119.365762 
0.790061 3.200000 121.266966 
0.795061 3.200000 119.365762 
0.800062 3.200000 117.464557 
0.805062 3.200000 121.266966 
0.810062 3.200000 117.464557 
0.815062 3.200000 115.563353 
0.820063 3.200000 121.266966 
0.825063 3.200000 115.563353 
0.830063 3.200000 121.266966 
0.835063 3.200000 123.168170 
0.840063 3.200000 121.266966 
0.845064 3.200000 121.266966 
0.850064 3.200000 119.365762 
0.855064 3.200000 117.464557 
0.860064 3.200000 121.266966 
0.865064 3.200000 123.168170 
0.870064 3.200000 123.168170 
0.875065 3.200000 115.563353 
0.880065 3.200000 121.266966 
0.885065 3.200000 115.563353 
0.890065 3.200000 119.365762 
0.895065 3.200000 123.168170 
0.900065 3.200000 115.563353 
0.905066 3.200000 113.662149 
0.910066 3.200000 121.266966 
0.915066 3.200000 121.266966 
0.920066 3.200000 125.069374 
0.925066 3.200000 123.168170 
0.930066 3.200000 121.266966 
0.935066 3.200000 111.760945 
0.940067 3.200000 115.563353 
0.945068 3.200000 123.168170 
0.950068 3.200000 126.970578 
0.955068 3.200000 125.069374 
0.960068 3.200000 121.266966 
0.965069 3.200000 121.266966 
0.970069 3.200000 115.563353 
0.975069 3.200000 119.365762 
0.980069 3.200000 121.266966 
0.985070 3.200000 123.168170 
0.990070 3.200000 123.168170 
0.995070 3.200000 119.365762 
