0.000000 4.800000 2.232833 
0.005001 4.800000 -5.371984 
0.010001 4.800000 4.134037 
0.015001 4.800000 21.244874 
0.020001 4.800000 36.454507 
0.025001 4.800000 47.861732 
0.030001 4.800000 72.577386 
0.035001 4.800000 83.984611 
0.040002 4.800000 108.700265 
0.045002 4.800000 114.403878 
0.050002 4.800000 135.317123 
0.055002 4.800000 141.020736 
0.060002 4.800000 146.724348 
0.065002 4.800000 146.724348 
0.070002 4.800000 152.427961 
0.075003 4.800000 156.230369 
0.080003 4.800000 156.230369 
0.085003 4.800000 167.637594 
0.090003 4.800000 165.736390 
0.095003 4.800000 175.242410 
0.100003 4.800000 173.341206 
0.105003 4.800000 171.440002 
0.110004 4.800000 177.143615 
0.115004 4.800000 179.044819 
0.120004 4.800000 173.341206 
0.125004 4.800000 179.044819 
0.130004 4.800000 184.748431 
0.135004 4.800000 188.550839 
0.140005 4.800000 182.847227 
0.145005 4.800000 186.649635 
0.150005 4.800000 180.946023 
0.155005 4.800000 186.649635 
0.160005 4.800000 188.550839 
0.165006 4.800000 188.550839 
0.170006 4.800000 192.353248 
0.175006 4.800000 184.748431 
0.180007 4.800000 190.452044 
0.185007 4.800000 196.155656 
0.190007 4.800000 190.452044 
0.195007 4.800000 188.550839 
0.200008 4.800000 186.649635 
0.205008 4.800000 190.452044 
0.210008 4.800000 196.155656 
0.215008 4.800000 190.452044 
0.220009 4.800000 184.748431 
0.225009 4.800000 186.649635 
0.230009 4.800000 180.946023 
0.235009 4.800000 192.353248 
0.240009 4.800000 186.649635 
0.245024 4.800000 184.748431 
0.250024 4.800000 190.452044 
0.255024 4.800000 179.044819 
0.260024 4.800000 190.452044 
0.265024 4.800000 186.649635 
0.270024 4.800000 188.550839 
0.275024 4.800000 188.550839 
0.280025 4.800000 184.748431 
0.285025 4.800000 184.748431 
0.290025 4.800000 182.847227 
0.295025 4.800000 184.748431 
0.300025 4.800000 188.550839 
0.305025 4.800000 182.847227 
0.310025 4.800000 188.550839 
0.315026 4.800000 175.242410 
0.320026 4.800000 179.044819 
0.325026 4.800000 184.748431 
0.330026 4.800000 184.748431 
0.335026 4.800000 177.143615 
0.340027 4.800000 180.946023 
0.345027 4.800000 184.748431 
0.350027 4.800000 186.649635 
0.355027 4.800000 184.748431 
0.360027 4.800000 182.847227 
0.365028 4.800000 182.847227 
0.370028 4.800000 175.242410 
0.375028 4.800000 177.143615 
0.380028 4.800000 179.044819 
0.385028 4.800000 188.550839 
0.390028 4.800000 179.044819 
0.395028 4.800000 173.341206 
0.400028 4.800000 179.044819 
0.405029 4.800000 169.538798 
0.410029 4.800000 173.341206 
0.415029 4.800000 184.748431 
0.420029 4.800000 182.847227 
0.425029 4.800000 180.946023 
0.430029 4.800000 173.341206 
0.435029 4.800000 169.538798 
0.440030 4.800000 177.143615 
0.445030 4.800000 179.044819 
0.450030 4.800000 180.946023 
0.455035 4.800000 184.748431 
0.460035 4.800000 171.440002 
0.465036 4.800000 177.143615 
0.470036 4.800000 171.440002 
0.475036 4.800000 175.242410 
0.480036 4.800000 175.242410 
0.485048 4.800000 177.143615 
0.490049 4.800000 171.440002 
0.495049 4.800000 173.341206 
0.500049 4.800000 171.440002 
0.505049 4.800000 180.946023 
0.510049 4.800000 179.044819 
0.515049 4.800000 177.143615 
0.520049 4.800000 173.341206 
0.525050 4.800000 171.440002 
0.530050 4.800000 175.242410 
0.535050 4.800000 184.748431 
0.540050 4.800000 171.440002 
0.545050 4.800000 182.847227 
0.550050 4.800000 167.637594 
0.555050 4.800000 169.538798 
0.560051 4.800000 173.341206 
0.565051 4.800000 180.946023 
0.570051 4.800000 180.946023 
0.575051 4.800000 180.946023 
0.580051 4.800000 169.538798 
0.585051 4.800000 169.538798 
0.590051 4.800000 171.440002 
0.595051 4.800000 180.946023 
0.600052 4.800000 182.847227 
0.605052 4.800000 180.946023 
0.610052 4.800000 173.341206 
0.615052 4.800000 177.143615 
0.620052 4.800000 169.538798 
0.625052 4.800000 179.044819 
0.630052 4.800000 180.946023 
0.635052 4.800000 171.440002 
0.640052 4.800000 171.440002 
0.645053 4.800000 171.440002 
0.650053 4.800000 177.143615 
0.655053 4.800000 184.748431 
0.660053 4.800000 180.946023 
0.665053 4.800000 175.242410 
0.670053 4.800000 175.242410 
0.675053 4.800000 175.242410 
0.680053 4.800000 169.538798 
0.685053 4.800000 177.143615 
0.690053 4.800000 182.847227 
0.695053 4.800000 179.044819 
0.700054 4.800000 173.341206 
0.705054 4.800000 175.242410 
0.710054 4.800000 167.637594 
0.715054 4.800000 179.044819 
0.720068 4.800000 186.649635 
0.725068 4.800000 173.341206 
0.730068 4.800000 175.242410 
0.735069 4.800000 167.637594 
0.740069 4.800000 182.847227 
0.745069 4.800000 184.748431 
0.750069 4.800000 182.847227 
0.755069 4.800000 184.748431 
0.760069 4.800000 175.242410 
0.765069 4.800000 179.044819 
0.770069 4.800000 179.044819 
0.775070 4.800000 182.847227 
0.780070 4.800000 184.748431 
0.785070 4.800000 184.748431 
0.790070 4.800000 182.847227 
0.795070 4.800000 175.242410 
0.800070 4.800000 184.748431 
0.805070 4.800000 188.550839 
0.810070 4.800000 182.847227 
0.815070 4.800000 184.748431 
0.820071 4.800000 184.748431 
0.825071 4.800000 173.341206 
0.830071 4.800000 184.748431 
0.835071 4.800000 186.649635 
0.840071 4.800000 188.550839 
0.845071 4.800000 180.946023 
0.850071 4.800000 184.748431 
0.855072 4.800000 184.748431 
0.860072 4.800000 177.143615 
0.865072 4.800000 186.649635 
0.870072 4.800000 192.353248 
0.875072 4.800000 186.649635 
0.880072 4.800000 186.649635 
0.885072 4.800000 177.143615 
0.890072 4.800000 190.452044 
0.895072 4.800000 192.353248 
0.900072 4.800000 192.353248 
0.905073 4.800000 192.353248 
0.910073 4.800000 184.748431 
0.915073 4.800000 182.847227 
0.920073 4.800000 182.847227 
0.925073 4.800000 188.550839 
0.930073 4.800000 194.254452 
0.935073 4.800000 192.353248 
0.940073 4.800000 196.155656 
0.945077 4.800000 186.649635 
0.950077 4.800000 196.155656 
0.955077 4.800000 196.155656 
0.960077 4.800000 186.649635 
0.965077 4.800000 194.254452 
0.970078 4.800000 190.452044 
0.975078 4.800000 192.353248 
0.980078 4.800000 190.452044 
0.985078 4.800000 196.155656 
0.990079 4.800000 199.958064 
0.995079 4.800000 192.353248 
