0.000001 1.700000 1.503927 
0.005001 1.700000 -2.298481 
0.010001 1.700000 7.207539 
0.015001 1.700000 -2.298481 
0.020001 1.700000 12.911152 
0.025001 1.700000 22.417172 
0.030001 1.700000 26.219581 
0.035002 1.700000 30.021989 
0.040002 1.700000 35.725602 
0.045002 1.700000 50.935235 
0.050002 1.700000 49.034031 
0.055002 1.700000 49.034031 
0.060002 1.700000 47.132826 
0.065002 1.700000 50.935235 
0.070002 1.700000 50.935235 
0.075002 1.700000 58.540051 
0.080003 1.700000 56.638847 
0.085003 1.700000 62.342460 
0.090003 1.700000 60.441256 
0.095003 1.700000 69.947276 
0.100003 1.700000 64.243664 
0.105003 1.700000 69.947276 
0.110003 1.700000 73.749685 
0.115004 1.700000 73.749685 
0.120004 1.700000 69.947276 
0.125004 1.700000 69.947276 
0.130004 1.700000 75.650889 
0.135004 1.700000 69.947276 
0.140005 1.700000 81.354501 
0.145005 1.700000 81.354501 
0.150005 1.700000 81.354501 
0.155005 1.700000 75.650889 
0.160005 1.700000 81.354501 
0.165005 1.700000 77.552093 
0.170006 1.700000 79.453297 
0.175006 1.700000 77.552093 
0.180006 1.700000 77.552093 
0.185006 1.700000 81.354501 
0.190007 1.700000 83.255705 
0.195007 1.700000 77.552093 
0.200007 1.700000 83.255705 
0.205007 1.700000 79.453297 
0.210007 1.700000 79.453297 
0.215008 1.700000 83.255705 
0.220008 1.700000 77.552093 
0.225008 1.700000 88.959318 
0.230008 1.700000 77.552093 
0.235008 1.700000 81.354501 
0.240008 1.700000 83.255705 
0.245008 1.700000 83.255705 
0.250009 1.700000 81.354501 
0.255009 1.700000 79.453297 
0.260009 1.700000 73.749685 
0.265009 1.700000 73.749685 
0.270009 1.700000 88.959318 
0.275009 1.700000 75.650889 
0.280010 1.700000 85.156909 
0.285010 1.700000 79.453297 
0.290010 1.700000 79.453297 
0.295010 1.700000 85.156909 
0.300010 1.700000 77.552093 
0.305010 1.700000 85.156909 
0.310010 1.700000 79.453297 
0.315011 1.700000 79.453297 
0.320011 1.700000 81.354501 
0.325011 1.700000 79.453297 
0.330011 1.700000 85.156909 
0.335011 1.700000 79.453297 
0.340011 1.700000 79.453297 
0.345011 1.700000 85.156909 
0.350012 1.700000 81.354501 
0.355012 1.700000 77.552093 
0.360012 1.700000 73.749685 
0.365012 1.700000 79.453297 
0.370013 1.700000 77.552093 
0.375013 1.700000 73.749685 
0.380013 1.700000 77.552093 
0.385013 1.700000 81.354501 
0.390013 1.700000 79.453297 
0.395014 1.700000 83.255705 
0.400014 1.700000 79.453297 
0.405014 1.700000 81.354501 
0.410014 1.700000 71.848480 
0.415014 1.700000 75.650889 
0.420014 1.700000 79.453297 
0.425015 1.700000 71.848480 
0.430015 1.700000 73.749685 
0.435015 1.700000 69.947276 
0.440015 1.700000 75.650889 
0.445015 1.700000 77.552093 
0.450015 1.700000 73.749685 
0.455016 1.700000 69.947276 
0.460016 1.700000 73.749685 
0.465017 1.700000 71.848480 
0.470017 1.700000 77.552093 
0.475017 1.700000 73.749685 
0.480017 1.700000 73.749685 
0.485017 1.700000 69.947276 
0.490018 1.700000 75.650889 
0.495018 1.700000 73.749685 
0.500018 1.700000 71.848480 
0.505018 1.700000 71.848480 
0.510018 1.700000 68.046072 
0.515018 1.700000 77.552093 
0.520020 1.700000 73.749685 
0.525020 1.700000 71.848480 
0.530020 1.700000 64.243664 
0.535020 1.700000 69.947276 
0.540020 1.700000 69.947276 
0.545021 1.700000 66.144868 
0.550021 1.700000 69.947276 
0.555021 1.700000 64.243664 
0.560021 1.700000 66.144868 
0.565021 1.700000 68.046072 
0.570021 1.700000 68.046072 
0.575021 1.700000 73.749685 
0.580022 1.700000 69.947276 
0.585022 1.700000 66.144868 
0.590022 1.700000 68.046072 
0.595022 1.700000 69.947276 
0.600023 1.700000 71.848480 
0.605023 1.700000 68.046072 
0.610023 1.700000 68.046072 
0.615023 1.700000 60.441256 
0.620023 1.700000 64.243664 
0.625024 1.700000 62.342460 
0.630024 1.700000 68.046072 
0.635024 1.700000 60.441256 
0.640024 1.700000 71.848480 
0.645024 1.700000 68.046072 
0.650024 1.700000 69.947276 
0.655030 1.700000 64.243664 
0.660030 1.700000 66.144868 
0.665031 1.700000 62.342460 
0.670031 1.700000 68.046072 
0.675031 1.700000 60.441256 
0.680031 1.700000 66.144868 
0.685032 1.700000 69.947276 
0.690032 1.700000 62.342460 
0.695032 1.700000 64.243664 
0.700032 1.700000 58.540051 
0.705032 1.700000 60.441256 
0.710032 1.700000 69.947276 
0.715033 1.700000 56.638847 
0.720033 1.700000 64.243664 
0.725033 1.700000 64.243664 
0.730033 1.700000 60.441256 
0.735033 1.700000 54.737643 
0.740033 1.700000 62.342460 
0.745033 1.700000 60.441256 
0.750034 1.700000 56.638847 
0.755034 1.700000 68.046072 
0.760034 1.700000 54.737643 
0.765034 1.700000 62.342460 
0.770034 1.700000 60.441256 
0.775034 1.700000 56.638847 
0.780034 1.700000 62.342460 
0.785035 1.700000 62.342460 
0.790035 1.700000 68.046072 
0.795035 1.700000 64.243664 
0.800035 1.700000 62.342460 
0.805035 1.700000 62.342460 
0.810036 1.700000 62.342460 
0.815036 1.700000 54.737643 
0.820036 1.700000 62.342460 
0.825036 1.700000 56.638847 
0.830036 1.700000 60.441256 
0.835037 1.700000 56.638847 
0.840037 1.700000 58.540051 
0.845037 1.700000 56.638847 
0.850038 1.700000 56.638847 
0.855038 1.700000 54.737643 
0.860038 1.700000 60.441256 
0.865038 1.700000 58.540051 
0.870038 1.700000 52.836439 
0.875038 1.700000 54.737643 
0.880039 1.700000 60.441256 
0.885039 1.700000 50.935235 
0.890039 1.700000 58.540051 
0.895039 1.700000 56.638847 
0.900040 1.700000 52.836439 
0.905040 1.700000 60.441256 
0.910040 1.700000 62.342460 
0.915040 1.700000 60.441256 
0.920040 1.700000 49.034031 
0.925041 1.700000 54.737643 
0.930041 1.700000 52.836439 
0.935041 1.700000 54.737643 
0.940041 1.700000 56.638847 
0.945041 1.700000 52.836439 
0.950041 1.700000 58.540051 
0.955041 1.700000 58.540051 
0.960042 1.700000 58.540051 
0.965042 1.700000 54.737643 
0.970042 1.700000 54.737643 
0.975042 1.700000 54.737643 
0.980042 1.700000 52.836439 
0.985043 1.700000 56.638847 
0.990043 1.700000 52.836439 
0.995043 1.700000 54.737643 
