0.000001 4.500000 1.204328 
0.005001 4.500000 3.105533 
0.010001 4.500000 -4.499284 
0.015002 4.500000 10.710349 
0.020002 4.500000 25.919982 
0.025003 4.500000 39.228411 
0.030003 4.500000 65.845270 
0.035004 4.500000 71.548882 
0.040004 4.500000 94.363332 
0.045004 4.500000 109.572965 
0.050004 4.500000 126.683802 
0.055005 4.500000 132.387415 
0.060005 4.500000 136.189823 
0.065005 4.500000 145.695844 
0.070006 4.500000 141.893436 
0.075006 4.500000 141.893436 
0.080006 4.500000 151.399456 
0.085006 4.500000 153.300661 
0.090006 4.500000 159.004273 
0.095006 4.500000 166.609090 
0.100007 4.500000 160.905477 
0.105007 4.500000 170.411498 
0.110007 4.500000 166.609090 
0.115007 4.500000 174.213906 
0.120007 4.500000 168.510294 
0.125007 4.500000 166.609090 
0.130007 4.500000 178.016314 
0.135007 4.500000 172.312702 
0.140007 4.500000 178.016314 
0.145008 4.500000 174.213906 
0.150008 4.500000 172.312702 
0.155008 4.500000 181.818723 
0.160008 4.500000 185.621131 
0.165009 4.500000 183.719927 
0.170009 4.500000 179.917519 
0.175009 4.500000 183.719927 
0.180009 4.500000 187.522335 
0.185009 4.500000 178.016314 
0.190009 4.500000 185.621131 
0.195009 4.500000 181.818723 
0.200009 4.500000 181.818723 
0.205010 4.500000 176.115110 
0.210010 4.500000 181.818723 
0.215010 4.500000 181.818723 
0.220010 4.500000 185.621131 
0.225010 4.500000 181.818723 
0.230010 4.500000 181.818723 
0.235010 4.500000 181.818723 
0.240010 4.500000 181.818723 
0.245011 4.500000 183.719927 
0.250011 4.500000 185.621131 
0.255011 4.500000 183.719927 
0.260011 4.500000 174.213906 
0.265011 4.500000 179.917519 
0.270011 4.500000 176.115110 
0.275011 4.500000 181.818723 
0.280011 4.500000 189.423539 
0.285011 4.500000 179.917519 
0.290012 4.500000 183.719927 
0.295012 4.500000 170.411498 
0.300012 4.500000 174.213906 
0.305012 4.500000 179.917519 
0.310012 4.500000 181.818723 
0.315012 4.500000 181.818723 
0.320012 4.500000 183.719927 
0.325012 4.500000 168.510294 
0.330013 4.500000 178.016314 
0.335013 4.500000 178.016314 
0.340013 4.500000 178.016314 
0.345013 4.500000 178.016314 
0.350013 4.500000 176.115110 
0.355013 4.500000 172.312702 
0.360013 4.500000 174.213906 
0.365014 4.500000 178.016314 
0.370014 4.500000 176.115110 
0.375014 4.500000 179.917519 
0.380014 4.500000 166.609090 
0.385014 4.500000 170.411498 
0.390014 4.500000 170.411498 
0.395014 4.500000 178.016314 
0.400015 4.500000 179.917519 
0.405015 4.500000 176.115110 
0.410015 4.500000 170.411498 
0.415015 4.500000 170.411498 
0.420015 4.500000 162.806681 
0.425015 4.500000 176.115110 
0.430015 4.500000 172.312702 
0.435015 4.500000 176.115110 
0.440015 4.500000 172.312702 
0.445016 4.500000 162.806681 
0.450016 4.500000 170.411498 
0.455016 4.500000 168.510294 
0.460016 4.500000 178.016314 
0.465016 4.500000 164.707885 
0.470016 4.500000 176.115110 
0.475016 4.500000 166.609090 
0.480016 4.500000 166.609090 
0.485016 4.500000 168.510294 
0.490016 4.500000 162.806681 
0.495017 4.500000 176.115110 
0.500017 4.500000 166.609090 
0.505017 4.500000 168.510294 
0.510017 4.500000 162.806681 
0.515017 4.500000 166.609090 
0.520017 4.500000 162.806681 
0.525018 4.500000 164.707885 
0.530018 4.500000 170.411498 
0.535018 4.500000 160.905477 
0.540018 4.500000 168.510294 
0.545018 4.500000 159.004273 
0.550018 4.500000 166.609090 
0.555018 4.500000 166.609090 
0.560019 4.500000 172.312702 
0.565019 4.500000 168.510294 
0.570019 4.500000 159.004273 
0.575019 4.500000 164.707885 
0.580019 4.500000 159.004273 
0.585020 4.500000 162.806681 
0.590020 4.500000 176.115110 
0.595020 4.500000 162.806681 
0.600020 4.500000 172.312702 
0.605020 4.500000 162.806681 
0.610020 4.500000 160.905477 
0.615021 4.500000 162.806681 
0.620021 4.500000 168.510294 
0.625021 4.500000 172.312702 
0.630021 4.500000 170.411498 
0.635021 4.500000 166.609090 
0.640021 4.500000 164.707885 
0.645021 4.500000 166.609090 
0.650021 4.500000 168.510294 
0.655022 4.500000 170.411498 
0.660022 4.500000 168.510294 
0.665022 4.500000 164.707885 
0.670022 4.500000 166.609090 
0.675022 4.500000 164.707885 
0.680022 4.500000 174.213906 
0.685022 4.500000 174.213906 
0.690022 4.500000 170.411498 
0.695022 4.500000 164.707885 
0.700023 4.500000 160.905477 
0.705023 4.500000 164.707885 
0.710023 4.500000 164.707885 
0.715023 4.500000 176.115110 
0.720023 4.500000 172.312702 
0.725023 4.500000 168.510294 
0.730023 4.500000 155.201865 
0.735024 4.500000 162.806681 
0.740024 4.500000 174.213906 
0.745024 4.500000 170.411498 
0.750024 4.500000 174.213906 
0.755024 4.500000 170.411498 
0.760024 4.500000 172.312702 
0.765024 4.500000 160.905477 
0.770024 4.500000 168.510294 
0.775025 4.500000 174.213906 
0.780025 4.500000 178.016314 
0.785025 4.500000 170.411498 
0.790025 4.500000 168.510294 
0.795025 4.500000 168.510294 
0.800025 4.500000 172.312702 
0.805025 4.500000 174.213906 
0.810026 4.500000 174.213906 
0.815026 4.500000 176.115110 
0.820026 4.500000 168.510294 
0.825026 4.500000 174.213906 
0.830026 4.500000 168.510294 
0.835026 4.500000 176.115110 
0.840026 4.500000 172.312702 
0.845026 4.500000 181.818723 
0.850026 4.500000 174.213906 
0.855026 4.500000 170.411498 
0.860027 4.500000 170.411498 
0.865027 4.500000 170.411498 
0.870027 4.500000 183.719927 
0.875027 4.500000 176.115110 
0.880027 4.500000 178.016314 
0.885027 4.500000 170.411498 
0.890027 4.500000 176.115110 
0.895027 4.500000 174.213906 
0.900027 4.500000 174.213906 
0.905028 4.500000 187.522335 
0.910028 4.500000 183.719927 
0.915028 4.500000 178.016314 
0.920028 4.500000 178.016314 
0.925028 4.500000 174.213906 
0.930028 4.500000 185.621131 
0.935029 4.500000 185.621131 
0.940029 4.500000 183.719927 
0.945029 4.500000 179.917519 
0.950029 4.500000 176.115110 
0.955029 4.500000 179.917519 
0.960029 4.500000 176.115110 
0.965029 4.500000 183.719927 
0.970030 4.500000 185.621131 
0.975030 4.500000 185.621131 
0.980030 4.500000 185.621131 
0.985030 4.500000 176.115110 
0.990030 4.500000 187.522335 
0.995030 4.500000 187.522335 
