0.000001 4.900000 -1.647781 
0.005001 4.900000 0.253423 
0.010001 4.900000 9.759444 
0.015001 4.900000 7.858240 
0.020001 4.900000 34.475098 
0.025002 4.900000 49.684731 
0.030004 4.900000 74.400385 
0.035007 4.900000 85.807610 
0.040007 4.900000 99.116039 
0.045008 4.900000 127.634101 
0.050008 4.900000 144.744938 
0.055008 4.900000 148.547347 
0.060008 4.900000 156.152163 
0.065008 4.900000 158.053368 
0.070009 4.900000 158.053368 
0.075009 4.900000 158.053368 
0.080009 4.900000 165.658184 
0.085009 4.900000 171.361797 
0.090009 4.900000 171.361797 
0.095010 4.900000 182.769021 
0.100010 4.900000 178.966613 
0.105010 4.900000 180.867817 
0.110010 4.900000 177.065409 
0.115077 4.900000 186.571430 
0.120077 4.900000 184.670226 
0.125077 4.900000 184.670226 
0.130077 4.900000 190.373838 
0.135077 4.900000 190.373838 
0.140078 4.900000 188.472634 
0.145078 4.900000 190.373838 
0.150078 4.900000 186.571430 
0.155078 4.900000 199.879859 
0.160078 4.900000 197.978655 
0.165078 4.900000 196.077451 
0.170078 4.900000 201.781063 
0.175078 4.900000 194.176246 
0.180078 4.900000 194.176246 
0.185079 4.900000 196.077451 
0.190079 4.900000 196.077451 
0.195079 4.900000 196.077451 
0.200079 4.900000 196.077451 
0.205079 4.900000 196.077451 
0.210079 4.900000 196.077451 
0.215079 4.900000 197.978655 
0.220091 4.900000 192.275042 
0.225091 4.900000 186.571430 
0.230091 4.900000 196.077451 
0.235091 4.900000 199.879859 
0.240091 4.900000 192.275042 
0.245092 4.900000 196.077451 
0.250092 4.900000 192.275042 
0.255092 4.900000 190.373838 
0.260092 4.900000 192.275042 
0.265092 4.900000 194.176246 
0.270092 4.900000 197.978655 
0.275093 4.900000 194.176246 
0.280103 4.900000 190.373838 
0.285103 4.900000 188.472634 
0.290103 4.900000 194.176246 
0.295103 4.900000 188.472634 
0.300103 4.900000 197.978655 
0.305104 4.900000 186.571430 
0.310104 4.900000 190.373838 
0.315104 4.900000 180.867817 
0.320104 4.900000 194.176246 
0.325104 4.900000 184.670226 
0.330104 4.900000 186.571430 
0.335104 4.900000 190.373838 
0.340104 4.900000 182.769021 
0.345105 4.900000 188.472634 
0.350105 4.900000 188.472634 
0.355105 4.900000 192.275042 
0.360105 4.900000 188.472634 
0.365105 4.900000 186.571430 
0.370106 4.900000 184.670226 
0.375106 4.900000 190.373838 
0.380106 4.900000 190.373838 
0.385106 4.900000 196.077451 
0.390106 4.900000 184.670226 
0.395107 4.900000 177.065409 
0.400107 4.900000 182.769021 
0.405107 4.900000 188.472634 
0.410107 4.900000 190.373838 
0.415108 4.900000 194.176246 
0.420108 4.900000 186.571430 
0.425108 4.900000 177.065409 
0.430108 4.900000 178.966613 
0.435108 4.900000 186.571430 
0.440108 4.900000 184.670226 
0.445108 4.900000 188.472634 
0.450108 4.900000 188.472634 
0.455109 4.900000 182.769021 
0.460109 4.900000 180.867817 
0.465109 4.900000 175.164205 
0.470109 4.900000 184.670226 
0.475109 4.900000 180.867817 
0.480109 4.900000 177.065409 
0.485109 4.900000 175.164205 
0.490109 4.900000 186.571430 
0.495109 4.900000 188.472634 
0.500110 4.900000 186.571430 
0.505110 4.900000 184.670226 
0.510110 4.900000 173.263001 
0.515110 4.900000 184.670226 
0.520110 4.900000 177.065409 
0.525110 4.900000 182.769021 
0.530110 4.900000 188.472634 
0.535110 4.900000 178.966613 
0.540110 4.900000 188.472634 
0.545110 4.900000 177.065409 
0.550111 4.900000 173.263001 
0.555111 4.900000 184.670226 
0.560111 4.900000 184.670226 
0.565111 4.900000 182.769021 
0.570111 4.900000 186.571430 
0.575111 4.900000 180.867817 
0.580111 4.900000 173.263001 
0.585112 4.900000 184.670226 
0.590112 4.900000 178.966613 
0.595112 4.900000 178.966613 
0.600112 4.900000 188.472634 
0.605112 4.900000 178.966613 
0.610112 4.900000 178.966613 
0.615112 4.900000 177.065409 
0.620113 4.900000 184.670226 
0.625113 4.900000 184.670226 
0.630113 4.900000 184.670226 
0.635124 4.900000 178.966613 
0.640124 4.900000 175.164205 
0.645124 4.900000 188.472634 
0.650124 4.900000 186.571430 
0.655124 4.900000 180.867817 
0.660125 4.900000 184.670226 
0.665125 4.900000 171.361797 
0.670125 4.900000 180.867817 
0.675125 4.900000 177.065409 
0.680125 4.900000 192.275042 
0.685140 4.900000 184.670226 
0.690140 4.900000 182.769021 
0.695140 4.900000 178.966613 
0.700140 4.900000 186.571430 
0.705141 4.900000 178.966613 
0.710141 4.900000 190.373838 
0.715141 4.900000 186.571430 
0.720141 4.900000 180.867817 
0.725141 4.900000 178.966613 
0.730141 4.900000 184.670226 
0.735141 4.900000 188.472634 
0.740141 4.900000 190.373838 
0.745142 4.900000 192.275042 
0.750142 4.900000 180.867817 
0.755142 4.900000 182.769021 
0.760142 4.900000 182.769021 
0.765142 4.900000 186.571430 
0.770154 4.900000 194.176246 
0.775154 4.900000 196.077451 
0.780176 4.900000 186.571430 
0.785176 4.900000 182.769021 
0.790176 4.900000 188.472634 
0.795176 4.900000 184.670226 
0.800176 4.900000 197.978655 
0.805176 4.900000 188.472634 
0.810176 4.900000 188.472634 
0.815176 4.900000 186.571430 
0.820176 4.900000 186.571430 
0.825177 4.900000 196.077451 
0.830177 4.900000 188.472634 
0.835177 4.900000 192.275042 
0.840177 4.900000 188.472634 
0.845177 4.900000 188.472634 
0.850177 4.900000 192.275042 
0.855177 4.900000 192.275042 
0.860177 4.900000 199.879859 
0.865177 4.900000 190.373838 
0.870178 4.900000 188.472634 
0.875178 4.900000 188.472634 
0.880178 4.900000 190.373838 
0.885178 4.900000 201.781063 
0.890178 4.900000 194.176246 
0.895178 4.900000 196.077451 
0.900178 4.900000 188.472634 
0.905178 4.900000 192.275042 
0.910178 4.900000 199.879859 
0.915178 4.900000 201.781063 
0.920179 4.900000 196.077451 
0.925179 4.900000 192.275042 
0.930179 4.900000 199.879859 
0.935179 4.900000 190.373838 
0.940179 4.900000 196.077451 
0.945179 4.900000 201.781063 
0.950179 4.900000 197.978655 
0.955180 4.900000 201.781063 
0.960180 4.900000 192.275042 
0.965180 4.900000 203.682267 
0.970180 4.900000 201.781063 
0.975180 4.900000 203.682267 
0.980180 4.900000 209.385880 
0.985180 4.900000 201.781063 
0.990181 4.900000 203.682267 
0.995181 4.900000 201.781063 
