0.000000 2.000000 -1.446220 
0.005001 2.000000 -3.347424 
0.010001 2.000000 -1.446220 
0.015001 2.000000 -3.347424 
0.020001 2.000000 -1.446220 
0.025001 2.000000 9.961005 
0.030001 2.000000 11.862210 
0.035002 2.000000 27.071843 
0.040002 2.000000 36.577864 
0.045002 2.000000 46.083884 
0.050002 2.000000 51.787497 
0.055003 2.000000 63.194722 
0.060003 2.000000 51.787497 
0.065003 2.000000 63.194722 
0.070003 2.000000 55.589905 
0.075004 2.000000 63.194722 
0.080004 2.000000 65.095926 
0.085004 2.000000 74.601947 
0.090004 2.000000 72.700742 
0.095004 2.000000 70.799538 
0.100004 2.000000 72.700742 
0.105004 2.000000 70.799538 
0.110005 2.000000 80.305559 
0.115005 2.000000 76.503151 
0.120005 2.000000 78.404355 
0.125005 2.000000 80.305559 
0.130005 2.000000 78.404355 
0.135006 2.000000 89.811580 
0.140006 2.000000 80.305559 
0.145006 2.000000 86.009171 
0.150006 2.000000 84.107967 
0.155006 2.000000 84.107967 
0.160006 2.000000 89.811580 
0.165006 2.000000 82.206763 
0.170006 2.000000 91.712784 
0.175006 2.000000 87.910376 
0.180007 2.000000 91.712784 
0.185007 2.000000 89.811580 
0.190007 2.000000 86.009171 
0.195007 2.000000 95.515192 
0.200007 2.000000 91.712784 
0.205007 2.000000 97.416396 
0.210007 2.000000 87.910376 
0.215008 2.000000 95.515192 
0.220008 2.000000 91.712784 
0.225008 2.000000 91.712784 
0.230008 2.000000 87.910376 
0.235009 2.000000 91.712784 
0.240009 2.000000 89.811580 
0.245009 2.000000 89.811580 
0.250009 2.000000 95.515192 
0.255009 2.000000 89.811580 
0.260009 2.000000 91.712784 
0.265010 2.000000 95.515192 
0.270010 2.000000 87.910376 
0.275010 2.000000 97.416396 
0.280010 2.000000 91.712784 
0.285010 2.000000 97.416396 
0.290010 2.000000 89.811580 
0.295010 2.000000 89.811580 
0.300011 2.000000 95.515192 
0.305011 2.000000 91.712784 
0.310011 2.000000 97.416396 
0.315011 2.000000 91.712784 
0.320011 2.000000 91.712784 
0.325011 2.000000 86.009171 
0.330011 2.000000 93.613988 
0.335011 2.000000 87.910376 
0.340012 2.000000 86.009171 
0.345012 2.000000 91.712784 
0.350012 2.000000 84.107967 
0.355012 2.000000 87.910376 
0.360012 2.000000 91.712784 
0.365012 2.000000 84.107967 
0.370012 2.000000 86.009171 
0.375012 2.000000 91.712784 
0.380012 2.000000 87.910376 
0.385013 2.000000 87.910376 
0.390013 2.000000 80.305559 
0.395013 2.000000 87.910376 
0.400013 2.000000 89.811580 
0.405013 2.000000 84.107967 
0.410014 2.000000 86.009171 
0.415014 2.000000 82.206763 
0.420014 2.000000 86.009171 
0.425014 2.000000 89.811580 
0.430014 2.000000 87.910376 
0.435014 2.000000 80.305559 
0.440015 2.000000 87.910376 
0.445015 2.000000 78.404355 
0.450015 2.000000 87.910376 
0.455015 2.000000 78.404355 
0.460016 2.000000 86.009171 
0.465016 2.000000 76.503151 
0.470016 2.000000 86.009171 
0.475016 2.000000 82.206763 
0.480016 2.000000 82.206763 
0.485016 2.000000 87.910376 
0.490016 2.000000 74.601947 
0.495017 2.000000 74.601947 
0.500017 2.000000 82.206763 
0.505017 2.000000 82.206763 
0.510017 2.000000 82.206763 
0.515017 2.000000 80.305559 
0.520017 2.000000 82.206763 
0.525018 2.000000 74.601947 
0.530018 2.000000 86.009171 
0.535018 2.000000 78.404355 
0.540018 2.000000 84.107967 
0.545018 2.000000 84.107967 
0.550018 2.000000 86.009171 
0.555018 2.000000 74.601947 
0.560018 2.000000 72.700742 
0.565018 2.000000 82.206763 
0.570019 2.000000 70.799538 
0.575019 2.000000 82.206763 
0.580019 2.000000 76.503151 
0.585019 2.000000 70.799538 
0.590019 2.000000 78.404355 
0.595019 2.000000 76.503151 
0.600019 2.000000 76.503151 
0.605020 2.000000 70.799538 
0.610020 2.000000 78.404355 
0.615020 2.000000 80.305559 
0.620020 2.000000 78.404355 
0.625020 2.000000 74.601947 
0.630021 2.000000 76.503151 
0.635021 2.000000 74.601947 
0.640021 2.000000 72.700742 
0.645021 2.000000 72.700742 
0.650022 2.000000 80.305559 
0.655022 2.000000 66.997130 
0.660022 2.000000 74.601947 
0.665022 2.000000 70.799538 
0.670022 2.000000 72.700742 
0.675023 2.000000 70.799538 
0.680023 2.000000 72.700742 
0.685023 2.000000 70.799538 
0.690023 2.000000 70.799538 
0.695023 2.000000 72.700742 
0.700023 2.000000 68.898334 
0.705024 2.000000 74.601947 
0.710024 2.000000 65.095926 
0.715024 2.000000 74.601947 
0.720024 2.000000 70.799538 
0.725024 2.000000 70.799538 
0.730024 2.000000 68.898334 
0.735024 2.000000 65.095926 
0.740024 2.000000 66.997130 
0.745024 2.000000 72.700742 
0.750024 2.000000 65.095926 
0.755025 2.000000 74.601947 
0.760025 2.000000 68.898334 
0.765025 2.000000 68.898334 
0.770025 2.000000 68.898334 
0.775025 2.000000 63.194722 
0.780026 2.000000 68.898334 
0.785026 2.000000 65.095926 
0.790026 2.000000 61.293517 
0.795026 2.000000 70.799538 
0.800026 2.000000 59.392313 
0.805026 2.000000 66.997130 
0.810026 2.000000 61.293517 
0.815026 2.000000 70.799538 
0.820027 2.000000 66.997130 
0.825027 2.000000 65.095926 
0.830027 2.000000 66.997130 
0.835027 2.000000 65.095926 
0.840028 2.000000 66.997130 
0.845028 2.000000 70.799538 
0.850028 2.000000 68.898334 
0.855028 2.000000 57.491109 
0.860029 2.000000 68.898334 
0.865029 2.000000 66.997130 
0.870029 2.000000 66.997130 
0.875029 2.000000 65.095926 
0.880029 2.000000 61.293517 
0.885029 2.000000 63.194722 
0.890029 2.000000 63.194722 
0.895029 2.000000 65.095926 
0.900030 2.000000 59.392313 
0.905030 2.000000 65.095926 
0.910030 2.000000 57.491109 
0.915030 2.000000 66.997130 
0.920030 2.000000 59.392313 
0.925030 2.000000 65.095926 
0.930030 2.000000 63.194722 
0.935030 2.000000 63.194722 
0.940030 2.000000 65.095926 
0.945031 2.000000 59.392313 
0.950031 2.000000 68.898334 
0.955031 2.000000 55.589905 
0.960031 2.000000 70.799538 
0.965031 2.000000 57.491109 
0.970031 2.000000 63.194722 
0.975031 2.000000 66.997130 
0.980031 2.000000 63.194722 
0.985032 2.000000 65.095926 
0.990032 2.000000 59.392313 
0.995032 2.000000 61.293517 
