0.000001 2.300000 -3.773576 
0.005001 2.300000 -1.872372 
0.010001 2.300000 -7.575984 
0.015001 2.300000 0.028833 
0.020001 2.300000 -3.773576 
0.025002 2.300000 11.436058 
0.030002 2.300000 20.942078 
0.035002 2.300000 26.645691 
0.040002 2.300000 43.756528 
0.045002 2.300000 47.558936 
0.050003 2.300000 60.867365 
0.055003 2.300000 64.669774 
0.060003 2.300000 68.472182 
0.065003 2.300000 62.768570 
0.070003 2.300000 72.274590 
0.075003 2.300000 68.472182 
0.080003 2.300000 74.175795 
0.085004 2.300000 77.978203 
0.090004 2.300000 81.780611 
0.095004 2.300000 79.879407 
0.100004 2.300000 79.879407 
0.105004 2.300000 89.385428 
0.110004 2.300000 81.780611 
0.115004 2.300000 93.187836 
0.120005 2.300000 91.286632 
0.125005 2.300000 98.891449 
0.130005 2.300000 91.286632 
0.135005 2.300000 89.385428 
0.140005 2.300000 93.187836 
0.145005 2.300000 87.484224 
0.150005 2.300000 89.385428 
0.155006 2.300000 96.990244 
0.160006 2.300000 96.990244 
0.165006 2.300000 93.187836 
0.170006 2.300000 98.891449 
0.175006 2.300000 100.792653 
0.180006 2.300000 96.990244 
0.185007 2.300000 108.397469 
0.190007 2.300000 102.693857 
0.195008 2.300000 104.595061 
0.200008 2.300000 100.792653 
0.205008 2.300000 100.792653 
0.210014 2.300000 102.693857 
0.215014 2.300000 104.595061 
0.220014 2.300000 98.891449 
0.225014 2.300000 106.496265 
0.230014 2.300000 104.595061 
0.235014 2.300000 106.496265 
0.240014 2.300000 96.990244 
0.245015 2.300000 102.693857 
0.250015 2.300000 108.397469 
0.255015 2.300000 102.693857 
0.260015 2.300000 102.693857 
0.265015 2.300000 96.990244 
0.270015 2.300000 102.693857 
0.275015 2.300000 98.891449 
0.280016 2.300000 104.595061 
0.285016 2.300000 96.990244 
0.290016 2.300000 100.792653 
0.295016 2.300000 106.496265 
0.300016 2.300000 96.990244 
0.305016 2.300000 104.595061 
0.310016 2.300000 100.792653 
0.315017 2.300000 106.496265 
0.320017 2.300000 98.891449 
0.325017 2.300000 108.397469 
0.330017 2.300000 100.792653 
0.335017 2.300000 106.496265 
0.340017 2.300000 98.891449 
0.345018 2.300000 100.792653 
0.350018 2.300000 102.693857 
0.355018 2.300000 95.089040 
0.360018 2.300000 106.496265 
0.365022 2.300000 95.089040 
0.370022 2.300000 100.792653 
0.375022 2.300000 96.990244 
0.380022 2.300000 100.792653 
0.385022 2.300000 100.792653 
0.390022 2.300000 95.089040 
0.395022 2.300000 98.891449 
0.400023 2.300000 96.990244 
0.405023 2.300000 96.990244 
0.410023 2.300000 98.891449 
0.415023 2.300000 95.089040 
0.420023 2.300000 96.990244 
0.425035 2.300000 93.187836 
0.430036 2.300000 96.990244 
0.435036 2.300000 95.089040 
0.440036 2.300000 98.891449 
0.445072 2.300000 96.990244 
0.450075 2.300000 89.385428 
0.455075 2.300000 100.792653 
0.460075 2.300000 87.484224 
0.465075 2.300000 91.286632 
0.470075 2.300000 89.385428 
0.475075 2.300000 91.286632 
0.480076 2.300000 95.089040 
0.485076 2.300000 93.187836 
0.490076 2.300000 96.990244 
0.495076 2.300000 91.286632 
0.500076 2.300000 93.187836 
0.505076 2.300000 87.484224 
0.510080 2.300000 89.385428 
0.515080 2.300000 77.978203 
0.520080 2.300000 87.484224 
0.525080 2.300000 96.990244 
0.530081 2.300000 89.385428 
0.535081 2.300000 93.187836 
0.540081 2.300000 95.089040 
0.545081 2.300000 91.286632 
0.550081 2.300000 89.385428 
0.555081 2.300000 81.780611 
0.560082 2.300000 93.187836 
0.565082 2.300000 79.879407 
0.570082 2.300000 89.385428 
0.575082 2.300000 83.681815 
0.580082 2.300000 89.385428 
0.585082 2.300000 91.286632 
0.590082 2.300000 85.583019 
0.595083 2.300000 81.780611 
0.600083 2.300000 91.286632 
0.605083 2.300000 85.583019 
0.610083 2.300000 83.681815 
0.615083 2.300000 79.879407 
0.620083 2.300000 83.681815 
0.625083 2.300000 89.385428 
0.630083 2.300000 81.780611 
0.635083 2.300000 83.681815 
0.640084 2.300000 81.780611 
0.645084 2.300000 89.385428 
0.650084 2.300000 83.681815 
0.655084 2.300000 87.484224 
0.660084 2.300000 79.879407 
0.665084 2.300000 81.780611 
0.670084 2.300000 87.484224 
0.675084 2.300000 76.076999 
0.680084 2.300000 89.385428 
0.685084 2.300000 81.780611 
0.690085 2.300000 74.175795 
0.695085 2.300000 77.978203 
0.700085 2.300000 77.978203 
0.705085 2.300000 76.076999 
0.710085 2.300000 83.681815 
0.715085 2.300000 77.978203 
0.720085 2.300000 81.780611 
0.725085 2.300000 85.583019 
0.730085 2.300000 76.076999 
0.735086 2.300000 81.780611 
0.740086 2.300000 77.978203 
0.745086 2.300000 79.879407 
0.750086 2.300000 74.175795 
0.755086 2.300000 74.175795 
0.760086 2.300000 74.175795 
0.765086 2.300000 79.879407 
0.770086 2.300000 77.978203 
0.775087 2.300000 76.076999 
0.780087 2.300000 74.175795 
0.785087 2.300000 72.274590 
0.790087 2.300000 85.583019 
0.795087 2.300000 77.978203 
0.800087 2.300000 79.879407 
0.805087 2.300000 77.978203 
0.810088 2.300000 70.373386 
0.815088 2.300000 81.780611 
0.820088 2.300000 72.274590 
0.825088 2.300000 76.076999 
0.830088 2.300000 81.780611 
0.835088 2.300000 74.175795 
0.840088 2.300000 81.780611 
0.845088 2.300000 72.274590 
0.850089 2.300000 76.076999 
0.855089 2.300000 77.978203 
0.860089 2.300000 72.274590 
0.865089 2.300000 74.175795 
0.870089 2.300000 76.076999 
0.875089 2.300000 74.175795 
0.880089 2.300000 79.879407 
0.885089 2.300000 76.076999 
0.890089 2.300000 72.274590 
0.895090 2.300000 77.978203 
0.900090 2.300000 77.978203 
0.905090 2.300000 74.175795 
0.910090 2.300000 74.175795 
0.915090 2.300000 76.076999 
0.920090 2.300000 76.076999 
0.925090 2.300000 72.274590 
0.930090 2.300000 77.978203 
0.935091 2.300000 70.373386 
0.940091 2.300000 72.274590 
0.945091 2.300000 76.076999 
0.950091 2.300000 74.175795 
0.955091 2.300000 76.076999 
0.960091 2.300000 74.175795 
0.965091 2.300000 70.373386 
0.970091 2.300000 74.175795 
0.975092 2.300000 68.472182 
0.980092 2.300000 74.175795 
0.985092 2.300000 74.175795 
0.990092 2.300000 76.076999 
0.995092 2.300000 77.978203 
