0.000001 0.300000 -1.584223 
0.005001 0.300000 6.020594 
0.010001 0.300000 -1.584223 
0.015001 0.300000 6.020594 
0.020002 0.300000 2.218186 
0.025002 0.300000 4.119390 
0.030002 0.300000 4.119390 
0.035003 0.300000 -1.584223 
0.040003 0.300000 6.020594 
0.045003 0.300000 2.218186 
0.050003 0.300000 2.218186 
0.055003 0.300000 2.218186 
0.060004 0.300000 4.119390 
0.065004 0.300000 2.218186 
0.070004 0.300000 2.218186 
0.075004 0.300000 -3.485427 
0.080005 0.300000 4.119390 
0.085005 0.300000 2.218186 
0.090005 0.300000 2.218186 
0.095005 0.300000 2.218186 
0.100006 0.300000 6.020594 
0.105006 0.300000 2.218186 
0.110006 0.300000 2.218186 
0.115006 0.300000 2.218186 
0.120006 0.300000 7.921798 
0.125007 0.300000 2.218186 
0.130007 0.300000 -3.485427 
0.135007 0.300000 7.921798 
0.140007 0.300000 7.921798 
0.145007 0.300000 -1.584223 
0.150007 0.300000 7.921798 
0.155007 0.300000 2.218186 
0.160008 0.300000 2.218186 
0.165008 0.300000 4.119390 
0.170008 0.300000 7.921798 
0.175008 0.300000 -1.584223 
0.180008 0.300000 2.218186 
0.185009 0.300000 -1.584223 
0.190009 0.300000 2.218186 
0.195009 0.300000 2.218186 
0.200009 0.300000 4.119390 
0.205009 0.300000 2.218186 
0.210009 0.300000 6.020594 
0.215010 0.300000 -1.584223 
0.220010 0.300000 2.218186 
0.225010 0.300000 0.316981 
0.230011 0.300000 2.218186 
0.235011 0.300000 2.218186 
0.240011 0.300000 4.119390 
0.245011 0.300000 2.218186 
0.250011 0.300000 4.119390 
0.255018 0.300000 4.119390 
0.260018 0.300000 6.020594 
0.265018 0.300000 2.218186 
0.270018 0.300000 2.218186 
0.275019 0.300000 6.020594 
0.280019 0.300000 -3.485427 
0.285019 0.300000 6.020594 
0.290019 0.300000 6.020594 
0.295019 0.300000 7.921798 
0.300020 0.300000 6.020594 
0.305020 0.300000 4.119390 
0.310020 0.300000 6.020594 
0.315020 0.300000 4.119390 
0.320020 0.300000 0.316981 
0.325020 0.300000 6.020594 
0.330021 0.300000 4.119390 
0.335021 0.300000 2.218186 
0.340021 0.300000 -3.485427 
0.345021 0.300000 -3.485427 
0.350021 0.300000 2.218186 
0.355021 0.300000 4.119390 
0.360021 0.300000 0.316981 
0.365022 0.300000 6.020594 
0.370022 0.300000 -1.584223 
0.375022 0.300000 -3.485427 
0.380022 0.300000 2.218186 
0.385022 0.300000 6.020594 
0.390022 0.300000 -1.584223 
0.395022 0.300000 -1.584223 
0.400023 0.300000 2.218186 
0.405023 0.300000 0.316981 
0.410049 0.300000 0.316981 
0.415049 0.300000 2.218186 
0.420049 0.300000 2.218186 
0.425049 0.300000 6.020594 
0.430049 0.300000 2.218186 
0.435049 0.300000 2.218186 
0.440050 0.300000 7.921798 
0.445050 0.300000 2.218186 
0.450050 0.300000 6.020594 
0.455050 0.300000 2.218186 
0.460050 0.300000 2.218186 
0.465050 0.300000 6.020594 
0.470050 0.300000 2.218186 
0.475052 0.300000 2.218186 
0.480052 0.300000 -1.584223 
0.485052 0.300000 -3.485427 
0.490053 0.300000 2.218186 
0.495053 0.300000 -1.584223 
0.500053 0.300000 7.921798 
0.505053 0.300000 2.218186 
0.510054 0.300000 0.316981 
0.515054 0.300000 2.218186 
0.520054 0.300000 2.218186 
0.525054 0.300000 7.921798 
0.530054 0.300000 2.218186 
0.535054 0.300000 2.218186 
0.540054 0.300000 2.218186 
0.545055 0.300000 -1.584223 
0.550055 0.300000 0.316981 
0.555055 0.300000 4.119390 
0.560055 0.300000 2.218186 
0.565055 0.300000 2.218186 
0.570055 0.300000 2.218186 
0.575055 0.300000 -1.584223 
0.580055 0.300000 6.020594 
0.585056 0.300000 -3.485427 
0.590056 0.300000 2.218186 
0.595056 0.300000 2.218186 
0.600056 0.300000 2.218186 
0.605056 0.300000 6.020594 
0.610056 0.300000 -1.584223 
0.615056 0.300000 2.218186 
0.620057 0.300000 2.218186 
0.625057 0.300000 2.218186 
0.630057 0.300000 4.119390 
0.635057 0.300000 7.921798 
0.640057 0.300000 0.316981 
0.645057 0.300000 6.020594 
0.650057 0.300000 2.218186 
0.655057 0.300000 2.218186 
0.660057 0.300000 2.218186 
0.665058 0.300000 -1.584223 
0.670058 0.300000 6.020594 
0.675058 0.300000 -3.485427 
0.680058 0.300000 2.218186 
0.685058 0.300000 2.218186 
0.690058 0.300000 2.218186 
0.695058 0.300000 -1.584223 
0.700059 0.300000 6.020594 
0.705059 0.300000 6.020594 
0.710059 0.300000 2.218186 
0.715059 0.300000 -1.584223 
0.720059 0.300000 7.921798 
0.725060 0.300000 6.020594 
0.730060 0.300000 2.218186 
0.735060 0.300000 4.119390 
0.740060 0.300000 6.020594 
0.745071 0.300000 -3.485427 
0.750072 0.300000 2.218186 
0.755072 0.300000 4.119390 
0.760072 0.300000 2.218186 
0.765072 0.300000 6.020594 
0.770072 0.300000 -1.584223 
0.775072 0.300000 6.020594 
0.780076 0.300000 4.119390 
0.785076 0.300000 2.218186 
0.790076 0.300000 4.119390 
0.795076 0.300000 7.921798 
0.800077 0.300000 0.316981 
0.805077 0.300000 -3.485427 
0.810077 0.300000 2.218186 
0.815077 0.300000 4.119390 
0.820077 0.300000 2.218186 
0.825078 0.300000 4.119390 
0.830078 0.300000 6.020594 
0.835078 0.300000 4.119390 
0.840078 0.300000 0.316981 
0.845078 0.300000 6.020594 
0.850078 0.300000 2.218186 
0.855079 0.300000 6.020594 
0.860079 0.300000 2.218186 
0.865079 0.300000 -1.584223 
0.870079 0.300000 -3.485427 
0.875079 0.300000 -1.584223 
0.880080 0.300000 -3.485427 
0.885080 0.300000 4.119390 
0.890080 0.300000 2.218186 
0.895080 0.300000 0.316981 
0.900080 0.300000 2.218186 
0.905081 0.300000 6.020594 
0.910081 0.300000 4.119390 
0.915081 0.300000 -1.584223 
0.920081 0.300000 -1.584223 
0.925081 0.300000 -1.584223 
0.930082 0.300000 6.020594 
0.935082 0.300000 2.218186 
0.940082 0.300000 -1.584223 
0.945082 0.300000 -3.485427 
0.950082 0.300000 2.218186 
0.955083 0.300000 0.316981 
0.960083 0.300000 -3.485427 
0.965083 0.300000 2.218186 
0.970083 0.300000 6.020594 
0.975083 0.300000 4.119390 
0.980083 0.300000 4.119390 
0.985083 0.300000 6.020594 
0.990083 0.300000 -1.584223 
0.995083 0.300000 7.921798 
