0.000000 2.900000 -6.219064 
0.005000 2.900000 -4.317860 
0.010001 2.900000 12.792977 
0.015001 2.900000 18.496590 
0.020001 2.900000 39.409836 
0.025001 2.900000 52.718265 
0.030001 2.900000 60.323081 
0.035001 2.900000 73.631510 
0.040001 2.900000 69.829102 
0.045002 2.900000 73.631510 
0.050002 2.900000 86.939939 
0.055002 2.900000 81.236327 
0.060002 2.900000 96.445960 
0.065003 2.900000 88.841143 
0.070003 2.900000 94.544756 
0.075003 2.900000 94.544756 
0.080003 2.900000 102.149573 
0.085003 2.900000 100.248368 
0.090003 2.900000 107.853185 
0.095004 2.900000 107.853185 
0.100004 2.900000 111.655593 
0.105004 2.900000 107.853185 
0.110005 2.900000 107.853185 
0.115005 2.900000 111.655593 
0.120005 2.900000 121.161614 
0.125005 2.900000 121.161614 
0.130005 2.900000 121.161614 
0.135006 2.900000 113.556797 
0.140006 2.900000 119.260410 
0.145006 2.900000 121.161614 
0.150007 2.900000 119.260410 
0.155007 2.900000 124.964022 
0.160007 2.900000 124.964022 
0.165007 2.900000 130.667635 
0.170007 2.900000 126.865226 
0.175008 2.900000 126.865226 
0.180008 2.900000 128.766431 
0.185008 2.900000 123.062818 
0.190008 2.900000 124.964022 
0.195009 2.900000 134.470043 
0.200009 2.900000 123.062818 
0.205009 2.900000 128.766431 
0.210009 2.900000 128.766431 
0.215009 2.900000 126.865226 
0.220025 2.900000 134.470043 
0.225025 2.900000 123.062818 
0.230025 2.900000 136.371247 
0.235026 2.900000 128.766431 
0.240026 2.900000 130.667635 
0.245026 2.900000 130.667635 
0.250026 2.900000 124.964022 
0.255026 2.900000 132.568839 
0.260026 2.900000 123.062818 
0.265027 2.900000 128.766431 
0.270027 2.900000 123.062818 
0.275027 2.900000 130.667635 
0.280028 2.900000 126.865226 
0.285028 2.900000 128.766431 
0.290029 2.900000 132.568839 
0.295029 2.900000 123.062818 
0.300029 2.900000 128.766431 
0.305029 2.900000 123.062818 
0.310030 2.900000 128.766431 
0.315030 2.900000 126.865226 
0.320030 2.900000 124.964022 
0.325030 2.900000 134.470043 
0.330030 2.900000 119.260410 
0.335031 2.900000 130.667635 
0.340031 2.900000 124.964022 
0.345031 2.900000 124.964022 
0.350031 2.900000 123.062818 
0.355032 2.900000 119.260410 
0.360032 2.900000 117.359206 
0.365032 2.900000 126.865226 
0.370032 2.900000 124.964022 
0.375033 2.900000 123.062818 
0.380033 2.900000 130.667635 
0.385033 2.900000 123.062818 
0.390033 2.900000 119.260410 
0.395033 2.900000 115.458002 
0.400033 2.900000 121.161614 
0.405034 2.900000 126.865226 
0.410034 2.900000 117.359206 
0.415034 2.900000 123.062818 
0.420034 2.900000 126.865226 
0.425034 2.900000 117.359206 
0.430034 2.900000 121.161614 
0.435034 2.900000 119.260410 
0.440034 2.900000 119.260410 
0.445035 2.900000 123.062818 
0.450035 2.900000 113.556797 
0.455035 2.900000 119.260410 
0.460036 2.900000 123.062818 
0.465036 2.900000 119.260410 
0.470036 2.900000 119.260410 
0.475036 2.900000 119.260410 
0.480036 2.900000 111.655593 
0.485036 2.900000 119.260410 
0.490036 2.900000 117.359206 
0.495037 2.900000 111.655593 
0.500037 2.900000 121.161614 
0.505037 2.900000 115.458002 
0.510037 2.900000 115.458002 
0.515037 2.900000 115.458002 
0.520037 2.900000 113.556797 
0.525037 2.900000 115.458002 
0.530037 2.900000 111.655593 
0.535038 2.900000 113.556797 
0.540038 2.900000 109.754389 
0.545038 2.900000 109.754389 
0.550038 2.900000 107.853185 
0.555038 2.900000 113.556797 
0.560038 2.900000 111.655593 
0.565038 2.900000 105.951981 
0.570044 2.900000 107.853185 
0.575044 2.900000 104.050777 
0.580045 2.900000 111.655593 
0.585045 2.900000 104.050777 
0.590045 2.900000 109.754389 
0.595045 2.900000 115.458002 
0.600045 2.900000 105.951981 
0.605046 2.900000 119.260410 
0.610046 2.900000 107.853185 
0.615046 2.900000 105.951981 
0.620046 2.900000 113.556797 
0.625046 2.900000 115.458002 
0.630047 2.900000 104.050777 
0.635047 2.900000 111.655593 
0.640047 2.900000 113.556797 
0.645047 2.900000 111.655593 
0.650047 2.900000 109.754389 
0.655047 2.900000 113.556797 
0.660047 2.900000 105.951981 
0.665047 2.900000 111.655593 
0.670047 2.900000 113.556797 
0.675047 2.900000 100.248368 
0.680048 2.900000 109.754389 
0.685048 2.900000 107.853185 
0.690048 2.900000 104.050777 
0.695048 2.900000 109.754389 
0.700048 2.900000 107.853185 
0.705048 2.900000 107.853185 
0.710048 2.900000 105.951981 
0.715052 2.900000 100.248368 
0.720052 2.900000 109.754389 
0.725052 2.900000 98.347164 
0.730053 2.900000 104.050777 
0.735053 2.900000 105.951981 
0.740053 2.900000 102.149573 
0.745053 2.900000 105.951981 
0.750053 2.900000 100.248368 
0.755053 2.900000 105.951981 
0.760054 2.900000 98.347164 
0.765054 2.900000 105.951981 
0.770054 2.900000 104.050777 
0.775054 2.900000 109.754389 
0.780054 2.900000 100.248368 
0.785054 2.900000 104.050777 
0.790055 2.900000 109.754389 
0.795055 2.900000 104.050777 
0.800055 2.900000 111.655593 
0.805055 2.900000 107.853185 
0.810055 2.900000 104.050777 
0.815055 2.900000 104.050777 
0.820056 2.900000 105.951981 
0.825056 2.900000 105.951981 
0.830056 2.900000 100.248368 
0.835056 2.900000 102.149573 
0.840056 2.900000 111.655593 
0.845056 2.900000 100.248368 
0.850056 2.900000 102.149573 
0.855057 2.900000 109.754389 
0.860057 2.900000 107.853185 
0.865057 2.900000 104.050777 
0.870057 2.900000 102.149573 
0.875057 2.900000 104.050777 
0.880057 2.900000 100.248368 
0.885057 2.900000 104.050777 
0.890057 2.900000 102.149573 
0.895058 2.900000 102.149573 
0.900058 2.900000 102.149573 
0.905058 2.900000 107.853185 
0.910058 2.900000 111.655593 
0.915058 2.900000 102.149573 
0.920058 2.900000 107.853185 
0.925058 2.900000 94.544756 
0.930059 2.900000 105.951981 
0.935059 2.900000 113.556797 
0.940061 2.900000 102.149573 
0.945061 2.900000 109.754389 
0.950061 2.900000 107.853185 
0.955061 2.900000 102.149573 
0.960061 2.900000 107.853185 
0.965061 2.900000 100.248368 
0.970062 2.900000 107.853185 
0.975062 2.900000 107.853185 
0.980062 2.900000 107.853185 
0.985062 2.900000 104.050777 
0.990062 2.900000 104.050777 
0.995062 2.900000 107.853185 
