0.000001 4.600000 1.718275 
0.005001 4.600000 3.619479 
0.010001 4.600000 3.619479 
0.015001 4.600000 11.224296 
0.020008 4.600000 34.038745 
0.025009 4.600000 47.347174 
0.030009 4.600000 70.161624 
0.035009 4.600000 83.470053 
0.040009 4.600000 102.482095 
0.045009 4.600000 117.691728 
0.050009 4.600000 131.000157 
0.055010 4.600000 142.407382 
0.060010 4.600000 140.506178 
0.065010 4.600000 146.209790 
0.070010 4.600000 150.012199 
0.075010 4.600000 153.814607 
0.080011 4.600000 155.715811 
0.085011 4.600000 163.320628 
0.090011 4.600000 169.024240 
0.095011 4.600000 170.925444 
0.100011 4.600000 178.530261 
0.105011 4.600000 172.826648 
0.110012 4.600000 174.727853 
0.115012 4.600000 180.431465 
0.120012 4.600000 170.925444 
0.125012 4.600000 178.530261 
0.130012 4.600000 182.332669 
0.135012 4.600000 182.332669 
0.140013 4.600000 182.332669 
0.145013 4.600000 178.530261 
0.150013 4.600000 182.332669 
0.155013 4.600000 184.233873 
0.160013 4.600000 189.937486 
0.165013 4.600000 189.937486 
0.170014 4.600000 189.937486 
0.175014 4.600000 188.036282 
0.180014 4.600000 191.838690 
0.185014 4.600000 186.135077 
0.190014 4.600000 191.838690 
0.195014 4.600000 195.641098 
0.200015 4.600000 188.036282 
0.205015 4.600000 184.233873 
0.210015 4.600000 184.233873 
0.215015 4.600000 189.937486 
0.220015 4.600000 184.233873 
0.225015 4.600000 193.739894 
0.230030 4.600000 186.135077 
0.235030 4.600000 184.233873 
0.240031 4.600000 189.937486 
0.245031 4.600000 186.135077 
0.250031 4.600000 188.036282 
0.255031 4.600000 186.135077 
0.260031 4.600000 180.431465 
0.265031 4.600000 188.036282 
0.270031 4.600000 180.431465 
0.275031 4.600000 193.739894 
0.280031 4.600000 189.937486 
0.285031 4.600000 186.135077 
0.290032 4.600000 182.332669 
0.295032 4.600000 178.530261 
0.300032 4.600000 188.036282 
0.305032 4.600000 180.431465 
0.310032 4.600000 186.135077 
0.315032 4.600000 180.431465 
0.320032 4.600000 184.233873 
0.325033 4.600000 176.629057 
0.330033 4.600000 180.431465 
0.335033 4.600000 180.431465 
0.340033 4.600000 184.233873 
0.345033 4.600000 178.530261 
0.350033 4.600000 178.530261 
0.355033 4.600000 180.431465 
0.360044 4.600000 188.036282 
0.365044 4.600000 184.233873 
0.370044 4.600000 184.233873 
0.375044 4.600000 172.826648 
0.380051 4.600000 174.727853 
0.385051 4.600000 182.332669 
0.390051 4.600000 176.629057 
0.395051 4.600000 188.036282 
0.400051 4.600000 178.530261 
0.405051 4.600000 178.530261 
0.410052 4.600000 167.123036 
0.415052 4.600000 169.024240 
0.420052 4.600000 182.332669 
0.425052 4.600000 176.629057 
0.430052 4.600000 180.431465 
0.435052 4.600000 176.629057 
0.440052 4.600000 174.727853 
0.445052 4.600000 172.826648 
0.450052 4.600000 170.925444 
0.455052 4.600000 176.629057 
0.460053 4.600000 184.233873 
0.465053 4.600000 170.925444 
0.470053 4.600000 178.530261 
0.475053 4.600000 172.826648 
0.480053 4.600000 167.123036 
0.485053 4.600000 180.431465 
0.490053 4.600000 172.826648 
0.495054 4.600000 172.826648 
0.500054 4.600000 172.826648 
0.505054 4.600000 163.320628 
0.510054 4.600000 178.530261 
0.515054 4.600000 167.123036 
0.520054 4.600000 174.727853 
0.525054 4.600000 174.727853 
0.530072 4.600000 172.826648 
0.535072 4.600000 167.123036 
0.540072 4.600000 174.727853 
0.545072 4.600000 172.826648 
0.550072 4.600000 174.727853 
0.555072 4.600000 174.727853 
0.560073 4.600000 174.727853 
0.565073 4.600000 172.826648 
0.570073 4.600000 172.826648 
0.575073 4.600000 174.727853 
0.580073 4.600000 178.530261 
0.585073 4.600000 178.530261 
0.590074 4.600000 174.727853 
0.595074 4.600000 170.925444 
0.600074 4.600000 169.024240 
0.605074 4.600000 172.826648 
0.610074 4.600000 169.024240 
0.615074 4.600000 182.332669 
0.620075 4.600000 176.629057 
0.625075 4.600000 167.123036 
0.630092 4.600000 170.925444 
0.635092 4.600000 167.123036 
0.640092 4.600000 176.629057 
0.645093 4.600000 174.727853 
0.650093 4.600000 178.530261 
0.655093 4.600000 174.727853 
0.660093 4.600000 174.727853 
0.665093 4.600000 172.826648 
0.670093 4.600000 172.826648 
0.675093 4.600000 180.431465 
0.680093 4.600000 174.727853 
0.685094 4.600000 172.826648 
0.690094 4.600000 165.221832 
0.695094 4.600000 169.024240 
0.700094 4.600000 170.925444 
0.705094 4.600000 184.233873 
0.710094 4.600000 178.530261 
0.715094 4.600000 172.826648 
0.720095 4.600000 170.925444 
0.725095 4.600000 169.024240 
0.730095 4.600000 174.727853 
0.735095 4.600000 178.530261 
0.740095 4.600000 184.233873 
0.745095 4.600000 174.727853 
0.750095 4.600000 174.727853 
0.755096 4.600000 170.925444 
0.760096 4.600000 172.826648 
0.765096 4.600000 184.233873 
0.770096 4.600000 178.530261 
0.775096 4.600000 176.629057 
0.780096 4.600000 176.629057 
0.785096 4.600000 174.727853 
0.790097 4.600000 174.727853 
0.795097 4.600000 178.530261 
0.800097 4.600000 178.530261 
0.805098 4.600000 182.332669 
0.810098 4.600000 178.530261 
0.815098 4.600000 176.629057 
0.820098 4.600000 184.233873 
0.825098 4.600000 186.135077 
0.830098 4.600000 186.135077 
0.835100 4.600000 178.530261 
0.840100 4.600000 178.530261 
0.845100 4.600000 180.431465 
0.850100 4.600000 178.530261 
0.855101 4.600000 184.233873 
0.860101 4.600000 189.937486 
0.865101 4.600000 186.135077 
0.870101 4.600000 178.530261 
0.875101 4.600000 178.530261 
0.880102 4.600000 180.431465 
0.885102 4.600000 184.233873 
0.890102 4.600000 186.135077 
0.895102 4.600000 188.036282 
0.900102 4.600000 182.332669 
0.905102 4.600000 186.135077 
0.910102 4.600000 178.530261 
0.915103 4.600000 184.233873 
0.920103 4.600000 184.233873 
0.925103 4.600000 195.641098 
0.930103 4.600000 189.937486 
0.935103 4.600000 184.233873 
0.940103 4.600000 178.530261 
0.945104 4.600000 184.233873 
0.950104 4.600000 186.135077 
0.955104 4.600000 195.641098 
0.960104 4.600000 186.135077 
0.965104 4.600000 182.332669 
0.970104 4.600000 191.838690 
0.975104 4.600000 184.233873 
0.980105 4.600000 191.838690 
0.985105 4.600000 197.542302 
0.990105 4.600000 191.838690 
0.995105 4.600000 186.135077 
