0.000000 1.300000 -3.490709 
0.005000 1.300000 0.311700 
0.010001 1.300000 6.015312 
0.015001 1.300000 -1.589504 
0.020001 1.300000 7.916516 
0.025002 1.300000 0.311700 
0.030002 1.300000 7.916516 
0.035002 1.300000 13.620129 
0.040002 1.300000 25.027354 
0.045002 1.300000 26.928558 
0.050002 1.300000 44.039395 
0.055002 1.300000 36.434579 
0.060003 1.300000 44.039395 
0.065003 1.300000 36.434579 
0.070003 1.300000 40.236987 
0.075003 1.300000 38.335783 
0.080003 1.300000 45.940599 
0.085003 1.300000 51.644212 
0.090003 1.300000 49.743008 
0.095011 1.300000 45.940599 
0.100011 1.300000 49.743008 
0.105011 1.300000 47.841804 
0.110011 1.300000 47.841804 
0.115012 1.300000 61.150233 
0.120012 1.300000 51.644212 
0.125012 1.300000 59.249028 
0.130012 1.300000 55.446620 
0.135012 1.300000 57.347824 
0.140012 1.300000 57.347824 
0.145013 1.300000 53.545416 
0.150013 1.300000 59.249028 
0.155013 1.300000 61.150233 
0.160013 1.300000 63.051437 
0.165014 1.300000 63.051437 
0.170014 1.300000 57.347824 
0.175014 1.300000 64.952641 
0.180014 1.300000 57.347824 
0.185014 1.300000 66.853845 
0.190014 1.300000 61.150233 
0.195014 1.300000 66.853845 
0.200015 1.300000 66.853845 
0.205015 1.300000 64.952641 
0.210015 1.300000 66.853845 
0.215015 1.300000 59.249028 
0.220015 1.300000 66.853845 
0.225015 1.300000 59.249028 
0.230015 1.300000 66.853845 
0.235015 1.300000 66.853845 
0.240015 1.300000 70.656253 
0.245016 1.300000 64.952641 
0.250016 1.300000 59.249028 
0.255016 1.300000 70.656253 
0.260016 1.300000 68.755049 
0.265016 1.300000 64.952641 
0.270016 1.300000 61.150233 
0.275016 1.300000 68.755049 
0.280016 1.300000 64.952641 
0.285016 1.300000 64.952641 
0.290016 1.300000 64.952641 
0.295017 1.300000 61.150233 
0.300017 1.300000 70.656253 
0.305017 1.300000 61.150233 
0.310034 1.300000 63.051437 
0.315034 1.300000 64.952641 
0.320034 1.300000 57.347824 
0.325034 1.300000 68.755049 
0.330034 1.300000 63.051437 
0.335034 1.300000 63.051437 
0.340034 1.300000 70.656253 
0.345035 1.300000 57.347824 
0.350035 1.300000 66.853845 
0.355035 1.300000 66.853845 
0.360035 1.300000 63.051437 
0.365035 1.300000 64.952641 
0.370035 1.300000 59.249028 
0.375035 1.300000 64.952641 
0.380036 1.300000 64.952641 
0.385036 1.300000 59.249028 
0.390036 1.300000 61.150233 
0.395036 1.300000 66.853845 
0.400036 1.300000 63.051437 
0.405036 1.300000 63.051437 
0.410040 1.300000 55.446620 
0.415045 1.300000 61.150233 
0.420045 1.300000 63.051437 
0.425047 1.300000 66.853845 
0.430047 1.300000 57.347824 
0.435047 1.300000 61.150233 
0.440048 1.300000 55.446620 
0.445048 1.300000 61.150233 
0.450048 1.300000 61.150233 
0.455048 1.300000 59.249028 
0.460048 1.300000 55.446620 
0.465048 1.300000 61.150233 
0.470048 1.300000 61.150233 
0.475049 1.300000 55.446620 
0.480049 1.300000 63.051437 
0.485049 1.300000 59.249028 
0.490049 1.300000 57.347824 
0.495049 1.300000 61.150233 
0.500049 1.300000 59.249028 
0.505049 1.300000 61.150233 
0.510049 1.300000 59.249028 
0.515049 1.300000 59.249028 
0.520060 1.300000 57.347824 
0.525060 1.300000 55.446620 
0.530060 1.300000 59.249028 
0.535060 1.300000 51.644212 
0.540060 1.300000 61.150233 
0.545060 1.300000 53.545416 
0.550060 1.300000 53.545416 
0.555061 1.300000 55.446620 
0.560061 1.300000 53.545416 
0.565061 1.300000 55.446620 
0.570061 1.300000 53.545416 
0.575061 1.300000 55.446620 
0.580061 1.300000 49.743008 
0.585061 1.300000 51.644212 
0.590061 1.300000 47.841804 
0.595062 1.300000 55.446620 
0.600062 1.300000 55.446620 
0.605062 1.300000 53.545416 
0.610062 1.300000 53.545416 
0.615062 1.300000 55.446620 
0.620062 1.300000 51.644212 
0.625062 1.300000 55.446620 
0.630063 1.300000 55.446620 
0.635063 1.300000 47.841804 
0.640063 1.300000 51.644212 
0.645063 1.300000 55.446620 
0.650063 1.300000 45.940599 
0.655063 1.300000 51.644212 
0.660063 1.300000 49.743008 
0.665063 1.300000 55.446620 
0.670063 1.300000 49.743008 
0.675063 1.300000 49.743008 
0.680064 1.300000 49.743008 
0.685064 1.300000 51.644212 
0.690064 1.300000 45.940599 
0.695064 1.300000 55.446620 
0.700064 1.300000 47.841804 
0.705064 1.300000 53.545416 
0.710064 1.300000 49.743008 
0.715064 1.300000 53.545416 
0.720064 1.300000 44.039395 
0.725065 1.300000 51.644212 
0.730065 1.300000 45.940599 
0.735065 1.300000 47.841804 
0.740065 1.300000 45.940599 
0.745065 1.300000 47.841804 
0.750065 1.300000 47.841804 
0.755065 1.300000 47.841804 
0.760066 1.300000 47.841804 
0.765066 1.300000 45.940599 
0.770066 1.300000 53.545416 
0.775066 1.300000 44.039395 
0.780066 1.300000 53.545416 
0.785066 1.300000 40.236987 
0.790066 1.300000 44.039395 
0.795067 1.300000 42.138191 
0.800067 1.300000 53.545416 
0.805067 1.300000 45.940599 
0.810067 1.300000 45.940599 
0.815067 1.300000 45.940599 
0.820067 1.300000 40.236987 
0.825067 1.300000 47.841804 
0.830067 1.300000 40.236987 
0.835067 1.300000 44.039395 
0.840067 1.300000 42.138191 
0.845068 1.300000 51.644212 
0.850068 1.300000 47.841804 
0.855068 1.300000 47.841804 
0.860068 1.300000 45.940599 
0.865068 1.300000 44.039395 
0.870068 1.300000 51.644212 
0.875068 1.300000 40.236987 
0.880068 1.300000 45.940599 
0.885068 1.300000 44.039395 
0.890069 1.300000 42.138191 
0.895069 1.300000 45.940599 
0.900069 1.300000 44.039395 
0.905069 1.300000 45.940599 
0.910069 1.300000 38.335783 
0.915069 1.300000 44.039395 
0.920069 1.300000 45.940599 
0.925069 1.300000 47.841804 
0.930069 1.300000 42.138191 
0.935069 1.300000 44.039395 
0.940070 1.300000 47.841804 
0.945070 1.300000 45.940599 
0.950070 1.300000 45.940599 
0.955070 1.300000 40.236987 
0.960071 1.300000 47.841804 
0.965071 1.300000 42.138191 
0.970071 1.300000 44.039395 
0.975072 1.300000 38.335783 
0.980072 1.300000 44.039395 
0.985072 1.300000 40.236987 
0.990072 1.300000 40.236987 
0.995072 1.300000 40.236987 
