0.000001 3.500000 -0.735633 
0.005001 3.500000 4.967980 
0.010001 3.500000 -4.538041 
0.015001 3.500000 3.066775 
0.020001 3.500000 18.276409 
0.025571 3.500000 35.387246 
0.030571 3.500000 44.893267 
0.035571 3.500000 69.608921 
0.040571 3.500000 82.917350 
0.045572 3.500000 90.522166 
0.050572 3.500000 101.929391 
0.055572 3.500000 92.423371 
0.060572 3.500000 103.830595 
0.065572 3.500000 103.830595 
0.070573 3.500000 113.336616 
0.075573 3.500000 122.842637 
0.080573 3.500000 119.040229 
0.085573 3.500000 119.040229 
0.090573 3.500000 126.645045 
0.095573 3.500000 124.743841 
0.100573 3.500000 124.743841 
0.105574 3.500000 134.249862 
0.110574 3.500000 130.447454 
0.115574 3.500000 141.854678 
0.120574 3.500000 132.348658 
0.125574 3.500000 139.953474 
0.130574 3.500000 143.755883 
0.135575 3.500000 143.755883 
0.140575 3.500000 136.151066 
0.145579 3.500000 136.151066 
0.150580 3.500000 143.755883 
0.155580 3.500000 151.360699 
0.160580 3.500000 151.360699 
0.165580 3.500000 147.558291 
0.170580 3.500000 145.657087 
0.175581 3.500000 143.755883 
0.180581 3.500000 149.459495 
0.185581 3.500000 145.657087 
0.190581 3.500000 151.360699 
0.195581 3.500000 153.261903 
0.200581 3.500000 149.459495 
0.205582 3.500000 147.558291 
0.210583 3.500000 157.064312 
0.215583 3.500000 155.163108 
0.220583 3.500000 157.064312 
0.225583 3.500000 151.360699 
0.230583 3.500000 151.360699 
0.235584 3.500000 149.459495 
0.240584 3.500000 145.657087 
0.245585 3.500000 153.261903 
0.250597 3.500000 145.657087 
0.255597 3.500000 151.360699 
0.260598 3.500000 151.360699 
0.265598 3.500000 155.163108 
0.270598 3.500000 145.657087 
0.275599 3.500000 155.163108 
0.280599 3.500000 145.657087 
0.285599 3.500000 141.854678 
0.290600 3.500000 147.558291 
0.295612 3.500000 145.657087 
0.300612 3.500000 149.459495 
0.305613 3.500000 145.657087 
0.310613 3.500000 151.360699 
0.315614 3.500000 143.755883 
0.320614 3.500000 141.854678 
0.325614 3.500000 145.657087 
0.330614 3.500000 143.755883 
0.335614 3.500000 149.459495 
0.340615 3.500000 145.657087 
0.345615 3.500000 139.953474 
0.350615 3.500000 151.360699 
0.355615 3.500000 147.558291 
0.360615 3.500000 138.052270 
0.365616 3.500000 143.755883 
0.370616 3.500000 138.052270 
0.375617 3.500000 149.459495 
0.380617 3.500000 143.755883 
0.385618 3.500000 143.755883 
0.390618 3.500000 141.854678 
0.395619 3.500000 139.953474 
0.400619 3.500000 141.854678 
0.405620 3.500000 141.854678 
0.410620 3.500000 139.953474 
0.415620 3.500000 141.854678 
0.420621 3.500000 138.052270 
0.425621 3.500000 136.151066 
0.430622 3.500000 145.657087 
0.435622 3.500000 141.854678 
0.440622 3.500000 139.953474 
0.445623 3.500000 138.052270 
0.450623 3.500000 132.348658 
0.455624 3.500000 132.348658 
0.460624 3.500000 141.854678 
0.465624 3.500000 134.249862 
0.470625 3.500000 138.052270 
0.475625 3.500000 132.348658 
0.480626 3.500000 139.953474 
0.485626 3.500000 132.348658 
0.490626 3.500000 141.854678 
0.495627 3.500000 130.447454 
0.500627 3.500000 132.348658 
0.505628 3.500000 134.249862 
0.510628 3.500000 134.249862 
0.515628 3.500000 130.447454 
0.520629 3.500000 138.052270 
0.525629 3.500000 139.953474 
0.530629 3.500000 132.348658 
0.535630 3.500000 126.645045 
0.540630 3.500000 130.447454 
0.545630 3.500000 124.743841 
0.550631 3.500000 134.249862 
0.555631 3.500000 134.249862 
0.560632 3.500000 138.052270 
0.565632 3.500000 132.348658 
0.570632 3.500000 134.249862 
0.575633 3.500000 138.052270 
0.580633 3.500000 126.645045 
0.585633 3.500000 136.151066 
0.590634 3.500000 124.743841 
0.595634 3.500000 132.348658 
0.600635 3.500000 130.447454 
0.605635 3.500000 138.052270 
0.610635 3.500000 130.447454 
0.615636 3.500000 130.447454 
0.620636 3.500000 122.842637 
0.625637 3.500000 130.447454 
0.630637 3.500000 122.842637 
0.635637 3.500000 122.842637 
0.640638 3.500000 138.052270 
0.645638 3.500000 126.645045 
0.650639 3.500000 134.249862 
0.655639 3.500000 128.546249 
0.660640 3.500000 124.743841 
0.665640 3.500000 128.546249 
0.670641 3.500000 130.447454 
0.675641 3.500000 126.645045 
0.680641 3.500000 134.249862 
0.685642 3.500000 138.052270 
0.690642 3.500000 132.348658 
0.695643 3.500000 134.249862 
0.700643 3.500000 122.842637 
0.705643 3.500000 126.645045 
0.710643 3.500000 128.546249 
0.715644 3.500000 128.546249 
0.720644 3.500000 134.249862 
0.725645 3.500000 128.546249 
0.730645 3.500000 134.249862 
0.735645 3.500000 132.348658 
0.740646 3.500000 128.546249 
0.745646 3.500000 126.645045 
0.750647 3.500000 124.743841 
0.755647 3.500000 130.447454 
0.760647 3.500000 128.546249 
0.765648 3.500000 130.447454 
0.770648 3.500000 134.249862 
0.775649 3.500000 132.348658 
0.780649 3.500000 134.249862 
0.785649 3.500000 122.842637 
0.790650 3.500000 128.546249 
0.795650 3.500000 124.743841 
0.800651 3.500000 136.151066 
0.805651 3.500000 134.249862 
0.810651 3.500000 136.151066 
0.815652 3.500000 130.447454 
0.820652 3.500000 126.645045 
0.825653 3.500000 134.249862 
0.830653 3.500000 126.645045 
0.835653 3.500000 134.249862 
0.840654 3.500000 132.348658 
0.845654 3.500000 130.447454 
0.850655 3.500000 136.151066 
0.855655 3.500000 126.645045 
0.860655 3.500000 136.151066 
0.865655 3.500000 132.348658 
0.870656 3.500000 130.447454 
0.875657 3.500000 128.546249 
0.880657 3.500000 128.546249 
0.885657 3.500000 132.348658 
0.890658 3.500000 134.249862 
0.895658 3.500000 141.854678 
0.900658 3.500000 128.546249 
0.905658 3.500000 132.348658 
0.910659 3.500000 130.447454 
0.915660 3.500000 130.447454 
0.920660 3.500000 136.151066 
0.925660 3.500000 128.546249 
0.930661 3.500000 136.151066 
0.935661 3.500000 130.447454 
0.940661 3.500000 136.151066 
0.945662 3.500000 126.645045 
0.950662 3.500000 130.447454 
0.955662 3.500000 136.151066 
0.960662 3.500000 132.348658 
0.965662 3.500000 138.052270 
0.970663 3.500000 134.249862 
0.975663 3.500000 134.249862 
0.980663 3.500000 136.151066 
0.985664 3.500000 139.953474 
0.990664 3.500000 138.052270 
0.995665 3.500000 134.249862 
