0.000001 4.300000 -3.990223 
0.005001 4.300000 3.614594 
0.010001 4.300000 3.614594 
0.015001 4.300000 5.515798 
0.020001 4.300000 22.626635 
0.025001 4.300000 30.231452 
0.030001 4.300000 54.947106 
0.035002 4.300000 68.255535 
0.040002 4.300000 87.267576 
0.045002 4.300000 106.279618 
0.050002 4.300000 123.390455 
0.055002 4.300000 127.192864 
0.060002 4.300000 129.094068 
0.065002 4.300000 123.390455 
0.070003 4.300000 138.600088 
0.075003 4.300000 132.896476 
0.080003 4.300000 142.402497 
0.085003 4.300000 151.908517 
0.090003 4.300000 150.007313 
0.095004 4.300000 150.007313 
0.100004 4.300000 157.612130 
0.105004 4.300000 159.513334 
0.110004 4.300000 163.315742 
0.115004 4.300000 153.809722 
0.120005 4.300000 159.513334 
0.125005 4.300000 163.315742 
0.130005 4.300000 163.315742 
0.135005 4.300000 170.920559 
0.140005 4.300000 170.920559 
0.145005 4.300000 167.118151 
0.150009 4.300000 169.019355 
0.155009 4.300000 165.216947 
0.160010 4.300000 169.019355 
0.165010 4.300000 174.722967 
0.170010 4.300000 174.722967 
0.175010 4.300000 176.624171 
0.180011 4.300000 170.920559 
0.185011 4.300000 172.821763 
0.190011 4.300000 174.722967 
0.195011 4.300000 176.624171 
0.200011 4.300000 180.426580 
0.205012 4.300000 170.920559 
0.210012 4.300000 174.722967 
0.215012 4.300000 172.821763 
0.220012 4.300000 174.722967 
0.225012 4.300000 170.920559 
0.230012 4.300000 176.624171 
0.235012 4.300000 172.821763 
0.240012 4.300000 167.118151 
0.245013 4.300000 172.821763 
0.250013 4.300000 170.920559 
0.255013 4.300000 180.426580 
0.260013 4.300000 170.920559 
0.265013 4.300000 170.920559 
0.270013 4.300000 169.019355 
0.275013 4.300000 167.118151 
0.280013 4.300000 176.624171 
0.285014 4.300000 169.019355 
0.290014 4.300000 178.525376 
0.295014 4.300000 172.821763 
0.300014 4.300000 172.821763 
0.305014 4.300000 163.315742 
0.310014 4.300000 169.019355 
0.315014 4.300000 170.920559 
0.320014 4.300000 172.821763 
0.325015 4.300000 169.019355 
0.330015 4.300000 163.315742 
0.335015 4.300000 161.414538 
0.340015 4.300000 161.414538 
0.345015 4.300000 169.019355 
0.350015 4.300000 174.722967 
0.355016 4.300000 170.920559 
0.360016 4.300000 165.216947 
0.365016 4.300000 163.315742 
0.370017 4.300000 167.118151 
0.375017 4.300000 169.019355 
0.380017 4.300000 169.019355 
0.385018 4.300000 167.118151 
0.390018 4.300000 157.612130 
0.395018 4.300000 157.612130 
0.400018 4.300000 165.216947 
0.405018 4.300000 170.920559 
0.410019 4.300000 169.019355 
0.415019 4.300000 170.920559 
0.420019 4.300000 155.710926 
0.425019 4.300000 159.513334 
0.430019 4.300000 153.809722 
0.435020 4.300000 167.118151 
0.440020 4.300000 161.414538 
0.445020 4.300000 167.118151 
0.450020 4.300000 163.315742 
0.455020 4.300000 157.612130 
0.460020 4.300000 161.414538 
0.465021 4.300000 159.513334 
0.470021 4.300000 155.710926 
0.475021 4.300000 161.414538 
0.480021 4.300000 159.513334 
0.485021 4.300000 155.710926 
0.490022 4.300000 159.513334 
0.495022 4.300000 161.414538 
0.500022 4.300000 159.513334 
0.505022 4.300000 163.315742 
0.510022 4.300000 155.710926 
0.515023 4.300000 161.414538 
0.520023 4.300000 159.513334 
0.525023 4.300000 159.513334 
0.530023 4.300000 159.513334 
0.535023 4.300000 163.315742 
0.540023 4.300000 159.513334 
0.545023 4.300000 159.513334 
0.550024 4.300000 151.908517 
0.555024 4.300000 153.809722 
0.560024 4.300000 151.908517 
0.565024 4.300000 159.513334 
0.570024 4.300000 165.216947 
0.575024 4.300000 155.710926 
0.580025 4.300000 153.809722 
0.585025 4.300000 153.809722 
0.590025 4.300000 155.710926 
0.595025 4.300000 151.908517 
0.600025 4.300000 159.513334 
0.605026 4.300000 159.513334 
0.610026 4.300000 159.513334 
0.615026 4.300000 159.513334 
0.620026 4.300000 157.612130 
0.625026 4.300000 157.612130 
0.630026 4.300000 155.710926 
0.635027 4.300000 155.710926 
0.640027 4.300000 159.513334 
0.645027 4.300000 161.414538 
0.650027 4.300000 153.809722 
0.655027 4.300000 155.710926 
0.660027 4.300000 155.710926 
0.665028 4.300000 159.513334 
0.670028 4.300000 163.315742 
0.675028 4.300000 157.612130 
0.680028 4.300000 161.414538 
0.685029 4.300000 155.710926 
0.690029 4.300000 155.710926 
0.695029 4.300000 150.007313 
0.700030 4.300000 159.513334 
0.705030 4.300000 159.513334 
0.710030 4.300000 165.216947 
0.715030 4.300000 153.809722 
0.720030 4.300000 157.612130 
0.725030 4.300000 155.710926 
0.730030 4.300000 151.908517 
0.735031 4.300000 153.809722 
0.740031 4.300000 165.216947 
0.745031 4.300000 161.414538 
0.750031 4.300000 165.216947 
0.755031 4.300000 159.513334 
0.760031 4.300000 153.809722 
0.765031 4.300000 161.414538 
0.770031 4.300000 161.414538 
0.775032 4.300000 163.315742 
0.780032 4.300000 161.414538 
0.785032 4.300000 161.414538 
0.790032 4.300000 150.007313 
0.795033 4.300000 151.908517 
0.800033 4.300000 165.216947 
0.805033 4.300000 161.414538 
0.810033 4.300000 167.118151 
0.815033 4.300000 163.315742 
0.820034 4.300000 153.809722 
0.825034 4.300000 157.612130 
0.830034 4.300000 161.414538 
0.835034 4.300000 161.414538 
0.840034 4.300000 163.315742 
0.845047 4.300000 165.216947 
0.850047 4.300000 159.513334 
0.855047 4.300000 163.315742 
0.860047 4.300000 165.216947 
0.865047 4.300000 167.118151 
0.870047 4.300000 163.315742 
0.875047 4.300000 170.920559 
0.880048 4.300000 157.612130 
0.885048 4.300000 159.513334 
0.890048 4.300000 167.118151 
0.895048 4.300000 159.513334 
0.900048 4.300000 165.216947 
0.905048 4.300000 174.722967 
0.910048 4.300000 165.216947 
0.915049 4.300000 159.513334 
0.920049 4.300000 165.216947 
0.925049 4.300000 161.414538 
0.930049 4.300000 169.019355 
0.935049 4.300000 176.624171 
0.940049 4.300000 167.118151 
0.945050 4.300000 167.118151 
0.950050 4.300000 169.019355 
0.955050 4.300000 165.216947 
0.960050 4.300000 174.722967 
0.965050 4.300000 170.920559 
0.970050 4.300000 174.722967 
0.975050 4.300000 172.821763 
0.980051 4.300000 172.821763 
0.985051 4.300000 169.019355 
0.990051 4.300000 172.821763 
0.995051 4.300000 180.426580 
