0.000000 0.500000 2.820177 
0.005001 0.500000 6.622585 
0.010001 0.500000 0.918973 
0.015001 0.500000 -4.784640 
0.020001 0.500000 2.820177 
0.025001 0.500000 0.918973 
0.030002 0.500000 -2.883435 
0.035002 0.500000 -0.982231 
0.040002 0.500000 8.523789 
0.045002 0.500000 8.523789 
0.050002 0.500000 4.721381 
0.055003 0.500000 16.128606 
0.060003 0.500000 18.029810 
0.065003 0.500000 14.227402 
0.070003 0.500000 23.733423 
0.075003 0.500000 12.326198 
0.080003 0.500000 16.128606 
0.085004 0.500000 23.733423 
0.090004 0.500000 21.832218 
0.095004 0.500000 23.733423 
0.100004 0.500000 19.931014 
0.105008 0.500000 25.634627 
0.110008 0.500000 27.535831 
0.115008 0.500000 21.832218 
0.120008 0.500000 23.733423 
0.125008 0.500000 19.931014 
0.130009 0.500000 29.437035 
0.135009 0.500000 16.128606 
0.140009 0.500000 16.128606 
0.145009 0.500000 27.535831 
0.150009 0.500000 23.733423 
0.155009 0.500000 21.832218 
0.160009 0.500000 23.733423 
0.165009 0.500000 25.634627 
0.170009 0.500000 25.634627 
0.175010 0.500000 23.733423 
0.180010 0.500000 27.535831 
0.185010 0.500000 27.535831 
0.190010 0.500000 23.733423 
0.195011 0.500000 21.832218 
0.200011 0.500000 23.733423 
0.205011 0.500000 29.437035 
0.210011 0.500000 23.733423 
0.215011 0.500000 27.535831 
0.220011 0.500000 27.535831 
0.225011 0.500000 25.634627 
0.230011 0.500000 31.338239 
0.235012 0.500000 21.832218 
0.240012 0.500000 27.535831 
0.245012 0.500000 31.338239 
0.250012 0.500000 21.832218 
0.255012 0.500000 23.733423 
0.260012 0.500000 21.832218 
0.265012 0.500000 27.535831 
0.270013 0.500000 29.437035 
0.275013 0.500000 21.832218 
0.280013 0.500000 23.733423 
0.285013 0.500000 23.733423 
0.290013 0.500000 23.733423 
0.295013 0.500000 23.733423 
0.300013 0.500000 31.338239 
0.305014 0.500000 27.535831 
0.310014 0.500000 23.733423 
0.315014 0.500000 21.832218 
0.320014 0.500000 29.437035 
0.325014 0.500000 27.535831 
0.330014 0.500000 27.535831 
0.335014 0.500000 27.535831 
0.340014 0.500000 27.535831 
0.345014 0.500000 31.338239 
0.350014 0.500000 31.338239 
0.355015 0.500000 25.634627 
0.360015 0.500000 31.338239 
0.365015 0.500000 19.931014 
0.370015 0.500000 25.634627 
0.375015 0.500000 23.733423 
0.380015 0.500000 27.535831 
0.385015 0.500000 21.832218 
0.390015 0.500000 29.437035 
0.395016 0.500000 23.733423 
0.400016 0.500000 21.832218 
0.405016 0.500000 18.029810 
0.410016 0.500000 19.931014 
0.415016 0.500000 23.733423 
0.420029 0.500000 21.832218 
0.425029 0.500000 23.733423 
0.430039 0.500000 16.128606 
0.435040 0.500000 23.733423 
0.440043 0.500000 27.535831 
0.445043 0.500000 23.733423 
0.450043 0.500000 21.832218 
0.455043 0.500000 25.634627 
0.460043 0.500000 18.029810 
0.465043 0.500000 27.535831 
0.470043 0.500000 23.733423 
0.475043 0.500000 21.832218 
0.480043 0.500000 23.733423 
0.485043 0.500000 19.931014 
0.490044 0.500000 21.832218 
0.495044 0.500000 23.733423 
0.500044 0.500000 29.437035 
0.505044 0.500000 23.733423 
0.510044 0.500000 21.832218 
0.515044 0.500000 27.535831 
0.520044 0.500000 18.029810 
0.525044 0.500000 23.733423 
0.530044 0.500000 27.535831 
0.535044 0.500000 16.128606 
0.540045 0.500000 25.634627 
0.545045 0.500000 25.634627 
0.550045 0.500000 16.128606 
0.555045 0.500000 21.832218 
0.560045 0.500000 21.832218 
0.565045 0.500000 19.931014 
0.570045 0.500000 16.128606 
0.575045 0.500000 23.733423 
0.580045 0.500000 21.832218 
0.585046 0.500000 19.931014 
0.590046 0.500000 21.832218 
0.595046 0.500000 25.634627 
0.600046 0.500000 16.128606 
0.605056 0.500000 16.128606 
0.610056 0.500000 25.634627 
0.615056 0.500000 19.931014 
0.620056 0.500000 19.931014 
0.625056 0.500000 16.128606 
0.630057 0.500000 25.634627 
0.635057 0.500000 16.128606 
0.640057 0.500000 18.029810 
0.645057 0.500000 23.733423 
0.650057 0.500000 19.931014 
0.655057 0.500000 18.029810 
0.660057 0.500000 23.733423 
0.665057 0.500000 27.535831 
0.670057 0.500000 19.931014 
0.675058 0.500000 23.733423 
0.680058 0.500000 19.931014 
0.685058 0.500000 19.931014 
0.690058 0.500000 18.029810 
0.695058 0.500000 16.128606 
0.700058 0.500000 23.733423 
0.705058 0.500000 16.128606 
0.710058 0.500000 16.128606 
0.715058 0.500000 18.029810 
0.720058 0.500000 18.029810 
0.725059 0.500000 14.227402 
0.730059 0.500000 23.733423 
0.735059 0.500000 18.029810 
0.740059 0.500000 18.029810 
0.745059 0.500000 18.029810 
0.750059 0.500000 18.029810 
0.755059 0.500000 16.128606 
0.760060 0.500000 19.931014 
0.765060 0.500000 19.931014 
0.770060 0.500000 19.931014 
0.775060 0.500000 16.128606 
0.780060 0.500000 8.523789 
0.785060 0.500000 16.128606 
0.790060 0.500000 12.326198 
0.795060 0.500000 12.326198 
0.800061 0.500000 21.832218 
0.805061 0.500000 16.128606 
0.810061 0.500000 16.128606 
0.815061 0.500000 14.227402 
0.820061 0.500000 16.128606 
0.825061 0.500000 16.128606 
0.830061 0.500000 16.128606 
0.835062 0.500000 21.832218 
0.840062 0.500000 12.326198 
0.845062 0.500000 21.832218 
0.850062 0.500000 16.128606 
0.855062 0.500000 18.029810 
0.860062 0.500000 16.128606 
0.865062 0.500000 14.227402 
0.870063 0.500000 19.931014 
0.875063 0.500000 14.227402 
0.880063 0.500000 16.128606 
0.885063 0.500000 16.128606 
0.890063 0.500000 16.128606 
0.895063 0.500000 21.832218 
0.900063 0.500000 12.326198 
0.905064 0.500000 21.832218 
0.910075 0.500000 16.128606 
0.915075 0.500000 16.128606 
0.920075 0.500000 21.832218 
0.925075 0.500000 12.326198 
0.930075 0.500000 19.931014 
0.935076 0.500000 18.029810 
0.940076 0.500000 16.128606 
0.945076 0.500000 19.931014 
0.950076 0.500000 14.227402 
0.955076 0.500000 16.128606 
0.960076 0.500000 19.931014 
0.965076 0.500000 12.326198 
0.970076 0.500000 19.931014 
0.975076 0.500000 21.832218 
0.980076 0.500000 10.424994 
0.985076 0.500000 12.326198 
0.990077 0.500000 19.931014 
0.995077 0.500000 8.523789 
