0.000001 1.800000 0.722177 
0.005001 1.800000 -6.882640 
0.010001 1.800000 6.425789 
0.015001 1.800000 -4.981436 
0.020001 1.800000 8.326993 
0.025002 1.800000 8.326993 
0.030002 1.800000 14.030606 
0.035002 1.800000 31.141443 
0.040002 1.800000 29.240239 
0.045003 1.800000 42.548668 
0.050003 1.800000 50.153485 
0.055003 1.800000 46.351076 
0.060003 1.800000 59.659505 
0.065004 1.800000 53.955893 
0.070004 1.800000 61.560709 
0.075004 1.800000 57.758301 
0.080004 1.800000 57.758301 
0.085005 1.800000 67.264322 
0.090005 1.800000 63.461914 
0.095005 1.800000 67.264322 
0.100005 1.800000 72.967934 
0.105005 1.800000 69.165526 
0.110006 1.800000 72.967934 
0.115006 1.800000 74.869139 
0.120006 1.800000 67.264322 
0.125006 1.800000 78.671547 
0.130006 1.800000 72.967934 
0.135006 1.800000 78.671547 
0.140006 1.800000 80.572751 
0.145007 1.800000 86.276363 
0.150007 1.800000 82.473955 
0.155007 1.800000 78.671547 
0.160008 1.800000 74.869139 
0.165008 1.800000 74.869139 
0.170008 1.800000 82.473955 
0.175009 1.800000 76.770343 
0.180009 1.800000 88.177568 
0.185009 1.800000 76.770343 
0.190009 1.800000 86.276363 
0.195009 1.800000 78.671547 
0.200009 1.800000 88.177568 
0.205009 1.800000 80.572751 
0.210010 1.800000 91.979976 
0.215010 1.800000 80.572751 
0.220010 1.800000 86.276363 
0.225010 1.800000 78.671547 
0.230010 1.800000 82.473955 
0.235011 1.800000 90.078772 
0.240011 1.800000 90.078772 
0.245011 1.800000 82.473955 
0.250011 1.800000 84.375159 
0.255011 1.800000 80.572751 
0.260012 1.800000 84.375159 
0.265012 1.800000 84.375159 
0.270012 1.800000 88.177568 
0.275012 1.800000 90.078772 
0.280012 1.800000 82.473955 
0.285013 1.800000 88.177568 
0.290013 1.800000 84.375159 
0.295013 1.800000 86.276363 
0.300013 1.800000 84.375159 
0.305013 1.800000 88.177568 
0.310014 1.800000 86.276363 
0.315014 1.800000 82.473955 
0.320014 1.800000 88.177568 
0.325014 1.800000 82.473955 
0.330014 1.800000 84.375159 
0.335014 1.800000 86.276363 
0.340014 1.800000 84.375159 
0.345014 1.800000 78.671547 
0.350015 1.800000 80.572751 
0.355015 1.800000 76.770343 
0.360015 1.800000 86.276363 
0.365015 1.800000 82.473955 
0.370016 1.800000 78.671547 
0.375016 1.800000 76.770343 
0.380016 1.800000 82.473955 
0.385016 1.800000 78.671547 
0.390016 1.800000 84.375159 
0.395017 1.800000 82.473955 
0.400017 1.800000 76.770343 
0.405017 1.800000 80.572751 
0.410017 1.800000 76.770343 
0.415017 1.800000 80.572751 
0.420018 1.800000 80.572751 
0.425018 1.800000 80.572751 
0.430018 1.800000 82.473955 
0.435018 1.800000 84.375159 
0.440019 1.800000 76.770343 
0.445019 1.800000 78.671547 
0.450019 1.800000 82.473955 
0.455019 1.800000 72.967934 
0.460019 1.800000 78.671547 
0.465019 1.800000 80.572751 
0.470019 1.800000 82.473955 
0.475019 1.800000 72.967934 
0.480020 1.800000 76.770343 
0.485020 1.800000 72.967934 
0.490020 1.800000 80.572751 
0.495020 1.800000 80.572751 
0.500020 1.800000 69.165526 
0.505020 1.800000 76.770343 
0.510020 1.800000 78.671547 
0.515020 1.800000 78.671547 
0.520021 1.800000 72.967934 
0.525021 1.800000 80.572751 
0.530021 1.800000 76.770343 
0.535021 1.800000 71.066730 
0.540021 1.800000 74.869139 
0.545022 1.800000 72.967934 
0.550022 1.800000 74.869139 
0.555022 1.800000 74.869139 
0.560022 1.800000 65.363118 
0.565022 1.800000 72.967934 
0.570022 1.800000 69.165526 
0.575022 1.800000 71.066730 
0.580022 1.800000 71.066730 
0.585023 1.800000 69.165526 
0.590023 1.800000 72.967934 
0.595023 1.800000 69.165526 
0.600023 1.800000 71.066730 
0.605023 1.800000 74.869139 
0.610023 1.800000 69.165526 
0.615023 1.800000 67.264322 
0.620023 1.800000 74.869139 
0.625024 1.800000 69.165526 
0.630024 1.800000 72.967934 
0.635024 1.800000 71.066730 
0.640024 1.800000 74.869139 
0.645024 1.800000 65.363118 
0.650024 1.800000 69.165526 
0.655024 1.800000 67.264322 
0.660025 1.800000 71.066730 
0.665025 1.800000 72.967934 
0.670025 1.800000 69.165526 
0.675025 1.800000 72.967934 
0.680025 1.800000 67.264322 
0.685025 1.800000 65.363118 
0.690025 1.800000 67.264322 
0.695027 1.800000 63.461914 
0.700027 1.800000 65.363118 
0.705027 1.800000 63.461914 
0.710027 1.800000 71.066730 
0.715027 1.800000 67.264322 
0.720027 1.800000 67.264322 
0.725027 1.800000 59.659505 
0.730027 1.800000 71.066730 
0.735028 1.800000 65.363118 
0.740028 1.800000 65.363118 
0.745028 1.800000 63.461914 
0.750028 1.800000 65.363118 
0.755028 1.800000 61.560709 
0.760028 1.800000 67.264322 
0.765028 1.800000 63.461914 
0.770029 1.800000 61.560709 
0.775029 1.800000 63.461914 
0.780029 1.800000 65.363118 
0.785029 1.800000 65.363118 
0.790029 1.800000 69.165526 
0.795030 1.800000 57.758301 
0.800030 1.800000 61.560709 
0.805030 1.800000 55.857097 
0.810030 1.800000 67.264322 
0.815030 1.800000 61.560709 
0.820030 1.800000 65.363118 
0.825031 1.800000 61.560709 
0.830031 1.800000 61.560709 
0.835031 1.800000 61.560709 
0.840031 1.800000 57.758301 
0.845031 1.800000 65.363118 
0.850032 1.800000 59.659505 
0.855032 1.800000 67.264322 
0.860032 1.800000 57.758301 
0.865032 1.800000 63.461914 
0.870032 1.800000 61.560709 
0.875032 1.800000 57.758301 
0.880032 1.800000 57.758301 
0.885032 1.800000 53.955893 
0.890033 1.800000 63.461914 
0.895033 1.800000 63.461914 
0.900033 1.800000 63.461914 
0.905034 1.800000 61.560709 
0.910034 1.800000 61.560709 
0.915034 1.800000 61.560709 
0.920034 1.800000 63.461914 
0.925034 1.800000 59.659505 
0.930035 1.800000 59.659505 
0.935035 1.800000 59.659505 
0.940035 1.800000 59.659505 
0.945035 1.800000 59.659505 
0.950035 1.800000 57.758301 
0.955035 1.800000 52.054689 
0.960035 1.800000 57.758301 
0.965035 1.800000 61.560709 
0.970035 1.800000 52.054689 
0.975036 1.800000 61.560709 
0.980036 1.800000 59.659505 
0.985036 1.800000 63.461914 
0.990036 1.800000 57.758301 
0.995036 1.800000 59.659505 
