0.000000 2.700000 -2.655775 
0.005001 2.700000 4.949041 
0.010001 2.700000 8.751450 
0.015001 2.700000 25.862287 
0.020001 2.700000 39.170716 
0.025002 2.700000 50.577941 
0.030002 2.700000 58.182758 
0.035002 2.700000 63.886370 
0.040002 2.700000 67.688778 
0.045003 2.700000 73.392391 
0.050003 2.700000 77.194799 
0.055003 2.700000 80.997207 
0.060003 2.700000 90.503228 
0.065004 2.700000 84.799616 
0.070004 2.700000 94.305636 
0.075004 2.700000 96.206841 
0.080004 2.700000 96.206841 
0.085005 2.700000 103.811657 
0.090005 2.700000 100.009249 
0.095005 2.700000 111.416474 
0.100005 2.700000 103.811657 
0.105006 2.700000 107.614066 
0.110006 2.700000 101.910453 
0.115006 2.700000 107.614066 
0.120006 2.700000 119.021290 
0.125006 2.700000 111.416474 
0.130007 2.700000 120.922495 
0.135007 2.700000 113.317678 
0.140007 2.700000 115.218882 
0.145007 2.700000 117.120086 
0.150007 2.700000 117.120086 
0.155007 2.700000 126.626107 
0.160007 2.700000 115.218882 
0.165007 2.700000 126.626107 
0.170007 2.700000 126.626107 
0.175007 2.700000 117.120086 
0.180008 2.700000 120.922495 
0.185008 2.700000 122.823699 
0.190008 2.700000 124.724903 
0.195008 2.700000 128.527311 
0.200008 2.700000 119.021290 
0.205009 2.700000 128.527311 
0.210009 2.700000 124.724903 
0.215009 2.700000 128.527311 
0.220009 2.700000 120.922495 
0.225010 2.700000 124.724903 
0.230010 2.700000 126.626107 
0.235010 2.700000 126.626107 
0.240010 2.700000 132.329719 
0.245010 2.700000 122.823699 
0.250010 2.700000 132.329719 
0.255010 2.700000 124.724903 
0.260010 2.700000 124.724903 
0.265011 2.700000 122.823699 
0.270011 2.700000 120.922495 
0.275011 2.700000 126.626107 
0.280011 2.700000 126.626107 
0.285011 2.700000 126.626107 
0.290011 2.700000 119.021290 
0.295012 2.700000 126.626107 
0.300012 2.700000 128.527311 
0.305012 2.700000 128.527311 
0.310012 2.700000 126.626107 
0.315013 2.700000 122.823699 
0.320013 2.700000 126.626107 
0.325013 2.700000 120.922495 
0.330013 2.700000 126.626107 
0.335013 2.700000 124.724903 
0.340013 2.700000 119.021290 
0.345013 2.700000 126.626107 
0.350014 2.700000 119.021290 
0.355014 2.700000 117.120086 
0.360014 2.700000 122.823699 
0.365015 2.700000 122.823699 
0.370015 2.700000 122.823699 
0.375015 2.700000 122.823699 
0.380015 2.700000 115.218882 
0.385016 2.700000 119.021290 
0.390016 2.700000 119.021290 
0.395016 2.700000 120.922495 
0.400016 2.700000 120.922495 
0.405016 2.700000 122.823699 
0.410016 2.700000 113.317678 
0.415017 2.700000 124.724903 
0.420017 2.700000 115.218882 
0.425017 2.700000 111.416474 
0.430017 2.700000 117.120086 
0.435017 2.700000 117.120086 
0.440017 2.700000 117.120086 
0.445018 2.700000 120.922495 
0.450018 2.700000 113.317678 
0.455018 2.700000 115.218882 
0.460018 2.700000 109.515270 
0.465018 2.700000 119.021290 
0.470018 2.700000 109.515270 
0.475018 2.700000 117.120086 
0.480019 2.700000 119.021290 
0.485019 2.700000 119.021290 
0.490019 2.700000 115.218882 
0.495019 2.700000 107.614066 
0.500019 2.700000 109.515270 
0.505020 2.700000 113.317678 
0.510020 2.700000 115.218882 
0.515020 2.700000 111.416474 
0.520020 2.700000 115.218882 
0.525020 2.700000 113.317678 
0.530020 2.700000 111.416474 
0.535020 2.700000 111.416474 
0.540021 2.700000 103.811657 
0.545021 2.700000 107.614066 
0.550021 2.700000 105.712861 
0.555021 2.700000 107.614066 
0.560021 2.700000 111.416474 
0.565021 2.700000 111.416474 
0.570021 2.700000 109.515270 
0.575022 2.700000 105.712861 
0.580022 2.700000 111.416474 
0.585022 2.700000 111.416474 
0.590022 2.700000 103.811657 
0.595022 2.700000 109.515270 
0.600022 2.700000 100.009249 
0.605022 2.700000 111.416474 
0.610022 2.700000 101.910453 
0.615023 2.700000 100.009249 
0.620023 2.700000 105.712861 
0.625023 2.700000 105.712861 
0.630023 2.700000 109.515270 
0.635023 2.700000 107.614066 
0.640023 2.700000 105.712861 
0.645023 2.700000 105.712861 
0.650024 2.700000 98.108045 
0.655024 2.700000 105.712861 
0.660024 2.700000 103.811657 
0.665024 2.700000 101.910453 
0.670024 2.700000 105.712861 
0.675025 2.700000 98.108045 
0.680025 2.700000 103.811657 
0.685025 2.700000 101.910453 
0.690025 2.700000 103.811657 
0.695026 2.700000 105.712861 
0.700026 2.700000 107.614066 
0.705026 2.700000 103.811657 
0.710026 2.700000 96.206841 
0.715026 2.700000 98.108045 
0.720026 2.700000 100.009249 
0.725027 2.700000 103.811657 
0.730027 2.700000 100.009249 
0.735027 2.700000 103.811657 
0.740027 2.700000 105.712861 
0.745027 2.700000 96.206841 
0.750027 2.700000 103.811657 
0.755027 2.700000 94.305636 
0.760027 2.700000 101.910453 
0.765028 2.700000 96.206841 
0.770028 2.700000 101.910453 
0.775028 2.700000 101.910453 
0.780028 2.700000 101.910453 
0.785028 2.700000 98.108045 
0.790028 2.700000 103.811657 
0.795028 2.700000 94.305636 
0.800028 2.700000 105.712861 
0.805028 2.700000 96.206841 
0.810029 2.700000 92.404432 
0.815029 2.700000 94.305636 
0.820029 2.700000 101.910453 
0.825029 2.700000 96.206841 
0.830029 2.700000 96.206841 
0.835030 2.700000 100.009249 
0.840030 2.700000 96.206841 
0.845030 2.700000 103.811657 
0.850030 2.700000 101.910453 
0.855030 2.700000 105.712861 
0.860030 2.700000 100.009249 
0.865030 2.700000 105.712861 
0.870031 2.700000 94.305636 
0.875031 2.700000 101.910453 
0.880031 2.700000 100.009249 
0.885031 2.700000 100.009249 
0.890031 2.700000 98.108045 
0.895031 2.700000 100.009249 
0.900031 2.700000 96.206841 
0.905031 2.700000 98.108045 
0.910032 2.700000 94.305636 
0.915032 2.700000 101.910453 
0.920032 2.700000 101.910453 
0.925032 2.700000 100.009249 
0.930032 2.700000 103.811657 
0.935033 2.700000 92.404432 
0.940033 2.700000 100.009249 
0.945033 2.700000 101.910453 
0.950033 2.700000 94.305636 
0.955033 2.700000 98.108045 
0.960034 2.700000 94.305636 
0.965034 2.700000 96.206841 
0.970034 2.700000 103.811657 
0.975034 2.700000 101.910453 
0.980034 2.700000 96.206841 
0.985034 2.700000 103.811657 
0.990034 2.700000 92.404432 
0.995034 2.700000 103.811657 
