0.000001 3.600000 -3.984871 
0.005001 3.600000 3.619945 
0.010001 3.600000 1.718741 
0.015001 3.600000 5.521149 
0.020001 3.600000 13.125966 
0.025002 3.600000 30.236803 
0.030002 3.600000 51.150049 
0.035002 3.600000 62.557274 
0.040010 3.600000 85.371724 
0.045010 3.600000 92.976540 
0.050010 3.600000 110.087378 
0.055011 3.600000 102.482561 
0.060011 3.600000 102.482561 
0.065011 3.600000 115.790990 
0.070011 3.600000 111.988582 
0.075012 3.600000 121.494603 
0.080026 3.600000 127.198215 
0.085026 3.600000 129.099419 
0.090027 3.600000 132.901827 
0.095027 3.600000 132.901827 
0.100027 3.600000 129.099419 
0.105027 3.600000 136.704236 
0.110027 3.600000 140.506644 
0.115027 3.600000 140.506644 
0.120028 3.600000 148.111461 
0.125028 3.600000 140.506644 
0.130028 3.600000 148.111461 
0.135032 3.600000 142.407848 
0.140032 3.600000 142.407848 
0.145032 3.600000 148.111461 
0.150032 3.600000 155.716277 
0.155032 3.600000 153.815073 
0.160033 3.600000 151.913869 
0.165033 3.600000 151.913869 
0.170033 3.600000 155.716277 
0.175033 3.600000 148.111461 
0.180033 3.600000 159.518686 
0.185034 3.600000 163.321094 
0.190034 3.600000 157.617481 
0.195034 3.600000 151.913869 
0.200034 3.600000 157.617481 
0.205034 3.600000 148.111461 
0.210034 3.600000 157.617481 
0.215034 3.600000 157.617481 
0.220035 3.600000 161.419890 
0.225039 3.600000 159.518686 
0.230040 3.600000 153.815073 
0.235040 3.600000 151.913869 
0.240040 3.600000 153.815073 
0.245040 3.600000 155.716277 
0.250040 3.600000 163.321094 
0.255040 3.600000 155.716277 
0.260040 3.600000 157.617481 
0.265040 3.600000 155.716277 
0.270040 3.600000 155.716277 
0.275041 3.600000 151.913869 
0.280041 3.600000 157.617481 
0.285041 3.600000 163.321094 
0.290041 3.600000 151.913869 
0.295041 3.600000 157.617481 
0.300041 3.600000 151.913869 
0.305041 3.600000 157.617481 
0.310042 3.600000 148.111461 
0.315042 3.600000 151.913869 
0.320042 3.600000 150.012665 
0.325042 3.600000 148.111461 
0.330042 3.600000 155.716277 
0.335042 3.600000 148.111461 
0.340042 3.600000 148.111461 
0.345042 3.600000 155.716277 
0.350043 3.600000 148.111461 
0.355043 3.600000 150.012665 
0.360043 3.600000 153.815073 
0.365043 3.600000 153.815073 
0.370043 3.600000 151.913869 
0.375043 3.600000 151.913869 
0.380043 3.600000 144.309052 
0.385043 3.600000 150.012665 
0.390043 3.600000 142.407848 
0.395043 3.600000 148.111461 
0.400044 3.600000 151.913869 
0.405044 3.600000 146.210256 
0.410044 3.600000 146.210256 
0.415044 3.600000 151.913869 
0.420044 3.600000 146.210256 
0.425044 3.600000 144.309052 
0.430044 3.600000 146.210256 
0.435045 3.600000 142.407848 
0.440045 3.600000 142.407848 
0.445045 3.600000 142.407848 
0.450045 3.600000 136.704236 
0.455045 3.600000 142.407848 
0.460045 3.600000 140.506644 
0.465045 3.600000 146.210256 
0.470046 3.600000 144.309052 
0.475047 3.600000 140.506644 
0.480047 3.600000 148.111461 
0.485048 3.600000 144.309052 
0.490048 3.600000 138.605440 
0.495048 3.600000 142.407848 
0.500048 3.600000 132.901827 
0.505049 3.600000 144.309052 
0.510049 3.600000 144.309052 
0.515049 3.600000 150.012665 
0.520049 3.600000 134.803032 
0.525049 3.600000 140.506644 
0.530049 3.600000 136.704236 
0.535050 3.600000 136.704236 
0.540050 3.600000 140.506644 
0.545050 3.600000 136.704236 
0.550050 3.600000 146.210256 
0.555050 3.600000 132.901827 
0.560050 3.600000 138.605440 
0.565050 3.600000 136.704236 
0.570050 3.600000 136.704236 
0.575051 3.600000 136.704236 
0.580051 3.600000 132.901827 
0.585051 3.600000 142.407848 
0.590051 3.600000 140.506644 
0.595051 3.600000 134.803032 
0.600051 3.600000 132.901827 
0.605052 3.600000 138.605440 
0.610052 3.600000 132.901827 
0.615052 3.600000 140.506644 
0.620052 3.600000 138.605440 
0.625052 3.600000 144.309052 
0.630052 3.600000 132.901827 
0.635053 3.600000 132.901827 
0.640053 3.600000 136.704236 
0.645053 3.600000 134.803032 
0.650053 3.600000 140.506644 
0.655053 3.600000 136.704236 
0.660064 3.600000 140.506644 
0.665064 3.600000 136.704236 
0.670064 3.600000 144.309052 
0.675064 3.600000 132.901827 
0.680065 3.600000 136.704236 
0.685065 3.600000 127.198215 
0.690065 3.600000 140.506644 
0.695065 3.600000 131.000623 
0.700065 3.600000 138.605440 
0.705065 3.600000 138.605440 
0.710065 3.600000 136.704236 
0.715065 3.600000 140.506644 
0.720065 3.600000 131.000623 
0.725065 3.600000 132.901827 
0.730066 3.600000 134.803032 
0.735066 3.600000 140.506644 
0.740066 3.600000 134.803032 
0.745066 3.600000 136.704236 
0.750066 3.600000 138.605440 
0.755066 3.600000 131.000623 
0.760066 3.600000 140.506644 
0.765067 3.600000 131.000623 
0.770067 3.600000 136.704236 
0.775067 3.600000 138.605440 
0.780067 3.600000 140.506644 
0.785067 3.600000 140.506644 
0.790067 3.600000 136.704236 
0.795067 3.600000 136.704236 
0.800067 3.600000 129.099419 
0.805067 3.600000 140.506644 
0.810067 3.600000 132.901827 
0.815068 3.600000 138.605440 
0.820068 3.600000 136.704236 
0.825068 3.600000 134.803032 
0.830068 3.600000 132.901827 
0.835068 3.600000 138.605440 
0.840068 3.600000 132.901827 
0.845068 3.600000 134.803032 
0.850069 3.600000 132.901827 
0.855069 3.600000 138.605440 
0.860069 3.600000 134.803032 
0.865069 3.600000 142.407848 
0.870069 3.600000 138.605440 
0.875069 3.600000 140.506644 
0.880069 3.600000 136.704236 
0.885069 3.600000 132.901827 
0.890070 3.600000 140.506644 
0.895070 3.600000 134.803032 
0.900070 3.600000 142.407848 
0.905070 3.600000 142.407848 
0.910079 3.600000 142.407848 
0.915079 3.600000 132.901827 
0.920079 3.600000 134.803032 
0.925079 3.600000 140.506644 
0.930080 3.600000 144.309052 
0.935080 3.600000 148.111461 
0.940080 3.600000 140.506644 
0.945080 3.600000 140.506644 
0.950080 3.600000 140.506644 
0.955080 3.600000 146.210256 
0.960080 3.600000 140.506644 
0.965080 3.600000 146.210256 
0.970080 3.600000 132.901827 
0.975081 3.600000 140.506644 
0.980081 3.600000 142.407848 
0.985081 3.600000 140.506644 
0.990081 3.600000 146.210256 
0.995081 3.600000 138.605440 
