0.000001 4.700000 3.319574 
0.005003 4.700000 1.418369 
0.010003 4.700000 -2.384039 
0.015004 4.700000 10.924390 
0.020004 4.700000 28.035227 
0.025004 4.700000 43.244861 
0.030004 4.700000 56.553290 
0.035004 4.700000 85.071352 
0.040005 4.700000 104.083394 
0.045005 4.700000 113.589414 
0.050005 4.700000 124.996639 
0.055005 4.700000 134.502660 
0.060005 4.700000 144.008681 
0.065006 4.700000 140.206272 
0.070006 4.700000 151.613497 
0.075006 4.700000 153.514701 
0.080006 4.700000 155.415906 
0.085006 4.700000 161.119518 
0.090006 4.700000 168.724335 
0.095006 4.700000 170.625539 
0.100007 4.700000 170.625539 
0.105007 4.700000 174.427947 
0.110007 4.700000 166.823131 
0.115007 4.700000 176.329151 
0.120007 4.700000 168.724335 
0.125008 4.700000 174.427947 
0.130008 4.700000 182.032764 
0.135008 4.700000 176.329151 
0.140008 4.700000 185.835172 
0.145008 4.700000 172.526743 
0.150008 4.700000 182.032764 
0.155008 4.700000 180.131560 
0.160009 4.700000 185.835172 
0.165009 4.700000 185.835172 
0.170009 4.700000 185.835172 
0.175009 4.700000 182.032764 
0.180009 4.700000 183.933968 
0.185009 4.700000 187.736376 
0.190009 4.700000 189.637580 
0.195009 4.700000 189.637580 
0.200010 4.700000 185.835172 
0.205010 4.700000 187.736376 
0.210010 4.700000 185.835172 
0.215010 4.700000 187.736376 
0.220010 4.700000 189.637580 
0.225010 4.700000 183.933968 
0.230010 4.700000 183.933968 
0.235010 4.700000 182.032764 
0.240011 4.700000 182.032764 
0.245011 4.700000 185.835172 
0.250011 4.700000 187.736376 
0.255011 4.700000 183.933968 
0.260011 4.700000 183.933968 
0.265012 4.700000 178.230355 
0.270012 4.700000 185.835172 
0.275012 4.700000 187.736376 
0.280012 4.700000 182.032764 
0.285012 4.700000 183.933968 
0.290012 4.700000 180.131560 
0.295012 4.700000 182.032764 
0.300012 4.700000 187.736376 
0.305012 4.700000 183.933968 
0.310013 4.700000 182.032764 
0.315013 4.700000 180.131560 
0.320013 4.700000 172.526743 
0.325013 4.700000 180.131560 
0.330013 4.700000 185.835172 
0.335013 4.700000 185.835172 
0.340013 4.700000 180.131560 
0.345013 4.700000 170.625539 
0.350014 4.700000 174.427947 
0.355014 4.700000 180.131560 
0.360014 4.700000 185.835172 
0.365014 4.700000 178.230355 
0.370014 4.700000 176.329151 
0.375014 4.700000 176.329151 
0.380015 4.700000 172.526743 
0.385015 4.700000 187.736376 
0.390015 4.700000 180.131560 
0.395015 4.700000 180.131560 
0.400015 4.700000 176.329151 
0.405015 4.700000 170.625539 
0.410015 4.700000 168.724335 
0.415016 4.700000 174.427947 
0.420016 4.700000 180.131560 
0.425016 4.700000 180.131560 
0.430016 4.700000 176.329151 
0.435016 4.700000 178.230355 
0.440017 4.700000 164.921926 
0.445017 4.700000 170.625539 
0.450017 4.700000 180.131560 
0.455017 4.700000 170.625539 
0.460017 4.700000 182.032764 
0.465019 4.700000 164.921926 
0.470019 4.700000 176.329151 
0.475019 4.700000 174.427947 
0.480019 4.700000 170.625539 
0.485019 4.700000 172.526743 
0.490020 4.700000 176.329151 
0.495020 4.700000 166.823131 
0.500020 4.700000 166.823131 
0.505020 4.700000 180.131560 
0.510020 4.700000 166.823131 
0.515020 4.700000 180.131560 
0.520020 4.700000 170.625539 
0.525021 4.700000 168.724335 
0.530021 4.700000 172.526743 
0.535021 4.700000 168.724335 
0.540021 4.700000 176.329151 
0.545021 4.700000 168.724335 
0.550021 4.700000 182.032764 
0.555021 4.700000 164.921926 
0.560021 4.700000 166.823131 
0.565022 4.700000 164.921926 
0.570022 4.700000 172.526743 
0.575022 4.700000 170.625539 
0.580022 4.700000 176.329151 
0.585022 4.700000 178.230355 
0.590023 4.700000 168.724335 
0.595023 4.700000 170.625539 
0.600023 4.700000 172.526743 
0.605024 4.700000 176.329151 
0.610024 4.700000 174.427947 
0.615024 4.700000 170.625539 
0.620024 4.700000 170.625539 
0.625024 4.700000 168.724335 
0.630025 4.700000 178.230355 
0.635025 4.700000 176.329151 
0.640025 4.700000 178.230355 
0.645025 4.700000 166.823131 
0.650026 4.700000 170.625539 
0.655026 4.700000 170.625539 
0.660026 4.700000 170.625539 
0.665027 4.700000 176.329151 
0.670027 4.700000 168.724335 
0.675027 4.700000 170.625539 
0.680027 4.700000 174.427947 
0.685027 4.700000 164.921926 
0.690027 4.700000 172.526743 
0.695027 4.700000 174.427947 
0.700028 4.700000 183.933968 
0.705028 4.700000 174.427947 
0.710028 4.700000 170.625539 
0.715028 4.700000 170.625539 
0.720028 4.700000 174.427947 
0.725029 4.700000 172.526743 
0.730029 4.700000 178.230355 
0.735029 4.700000 176.329151 
0.740029 4.700000 170.625539 
0.745030 4.700000 166.823131 
0.750030 4.700000 176.329151 
0.755030 4.700000 178.230355 
0.760030 4.700000 180.131560 
0.765030 4.700000 172.526743 
0.770031 4.700000 176.329151 
0.775032 4.700000 166.823131 
0.780032 4.700000 176.329151 
0.785032 4.700000 183.933968 
0.790032 4.700000 183.933968 
0.795033 4.700000 176.329151 
0.800033 4.700000 176.329151 
0.805033 4.700000 178.230355 
0.810033 4.700000 176.329151 
0.815034 4.700000 182.032764 
0.820034 4.700000 180.131560 
0.825035 4.700000 178.230355 
0.830035 4.700000 176.329151 
0.835035 4.700000 174.427947 
0.840035 4.700000 180.131560 
0.845035 4.700000 183.933968 
0.850035 4.700000 182.032764 
0.855035 4.700000 178.230355 
0.860036 4.700000 176.329151 
0.865036 4.700000 180.131560 
0.870036 4.700000 182.032764 
0.875037 4.700000 178.230355 
0.880037 4.700000 183.933968 
0.885037 4.700000 187.736376 
0.890037 4.700000 180.131560 
0.895038 4.700000 176.329151 
0.900038 4.700000 178.230355 
0.905038 4.700000 191.538785 
0.910038 4.700000 189.637580 
0.915038 4.700000 191.538785 
0.920038 4.700000 182.032764 
0.925038 4.700000 183.933968 
0.930038 4.700000 180.131560 
0.935038 4.700000 182.032764 
0.940038 4.700000 191.538785 
0.945038 4.700000 191.538785 
0.950039 4.700000 185.835172 
0.955039 4.700000 191.538785 
0.960039 4.700000 185.835172 
0.965039 4.700000 189.637580 
0.970039 4.700000 195.341193 
0.975039 4.700000 187.736376 
0.980040 4.700000 191.538785 
0.985040 4.700000 183.933968 
0.990040 4.700000 187.736376 
0.995040 4.700000 191.538785 
