0.000001 1.400000 -6.358904 
0.005001 1.400000 -2.556496 
0.010001 1.400000 1.245912 
0.015002 1.400000 -2.556496 
0.020002 1.400000 -0.655292 
0.025002 1.400000 5.048320 
0.030002 1.400000 5.048320 
0.035002 1.400000 20.257954 
0.040003 1.400000 20.257954 
0.045003 1.400000 31.665179 
0.050003 1.400000 43.072404 
0.055003 1.400000 44.973608 
0.060003 1.400000 44.973608 
0.065003 1.400000 35.467587 
0.070003 1.400000 43.072404 
0.075004 1.400000 44.973608 
0.080004 1.400000 48.776016 
0.085004 1.400000 48.776016 
0.090004 1.400000 56.380833 
0.095004 1.400000 50.677220 
0.100005 1.400000 46.874812 
0.105005 1.400000 46.874812 
0.110005 1.400000 56.380833 
0.115005 1.400000 52.578424 
0.120005 1.400000 52.578424 
0.125005 1.400000 62.084445 
0.130005 1.400000 60.183241 
0.135005 1.400000 62.084445 
0.140006 1.400000 58.282037 
0.145006 1.400000 60.183241 
0.150006 1.400000 58.282037 
0.155015 1.400000 62.084445 
0.160015 1.400000 69.689262 
0.165015 1.400000 60.183241 
0.170015 1.400000 60.183241 
0.175015 1.400000 69.689262 
0.180016 1.400000 60.183241 
0.185016 1.400000 65.886853 
0.190016 1.400000 63.985649 
0.195016 1.400000 62.084445 
0.200016 1.400000 67.788057 
0.205017 1.400000 62.084445 
0.210017 1.400000 67.788057 
0.215017 1.400000 67.788057 
0.220017 1.400000 69.689262 
0.225017 1.400000 60.183241 
0.230018 1.400000 62.084445 
0.235018 1.400000 67.788057 
0.240018 1.400000 65.886853 
0.245019 1.400000 65.886853 
0.250019 1.400000 69.689262 
0.255019 1.400000 60.183241 
0.260019 1.400000 71.590466 
0.265019 1.400000 62.084445 
0.270019 1.400000 67.788057 
0.275019 1.400000 69.689262 
0.280019 1.400000 62.084445 
0.285019 1.400000 67.788057 
0.290019 1.400000 63.985649 
0.295020 1.400000 63.985649 
0.300020 1.400000 69.689262 
0.305020 1.400000 60.183241 
0.310020 1.400000 71.590466 
0.315020 1.400000 71.590466 
0.320020 1.400000 63.985649 
0.325020 1.400000 63.985649 
0.330020 1.400000 60.183241 
0.335020 1.400000 71.590466 
0.340021 1.400000 60.183241 
0.345021 1.400000 62.084445 
0.350021 1.400000 63.985649 
0.355021 1.400000 65.886853 
0.360021 1.400000 60.183241 
0.365021 1.400000 67.788057 
0.370021 1.400000 65.886853 
0.375026 1.400000 65.886853 
0.380026 1.400000 63.985649 
0.385026 1.400000 65.886853 
0.390044 1.400000 62.084445 
0.395044 1.400000 71.590466 
0.400044 1.400000 62.084445 
0.405044 1.400000 63.985649 
0.410044 1.400000 62.084445 
0.415044 1.400000 69.689262 
0.420045 1.400000 65.886853 
0.425045 1.400000 62.084445 
0.430045 1.400000 67.788057 
0.435045 1.400000 62.084445 
0.440045 1.400000 65.886853 
0.445045 1.400000 60.183241 
0.450045 1.400000 60.183241 
0.455045 1.400000 62.084445 
0.460045 1.400000 54.479628 
0.465046 1.400000 65.886853 
0.470046 1.400000 60.183241 
0.475046 1.400000 67.788057 
0.480046 1.400000 58.282037 
0.485046 1.400000 60.183241 
0.490046 1.400000 56.380833 
0.495046 1.400000 60.183241 
0.500046 1.400000 60.183241 
0.505047 1.400000 56.380833 
0.510047 1.400000 56.380833 
0.515047 1.400000 60.183241 
0.520047 1.400000 50.677220 
0.525053 1.400000 60.183241 
0.530054 1.400000 50.677220 
0.535054 1.400000 62.084445 
0.540054 1.400000 54.479628 
0.545054 1.400000 62.084445 
0.550054 1.400000 50.677220 
0.555054 1.400000 54.479628 
0.560054 1.400000 56.380833 
0.565067 1.400000 56.380833 
0.570069 1.400000 56.380833 
0.575069 1.400000 50.677220 
0.580069 1.400000 54.479628 
0.585069 1.400000 52.578424 
0.590069 1.400000 52.578424 
0.595069 1.400000 52.578424 
0.600069 1.400000 58.282037 
0.605069 1.400000 48.776016 
0.610070 1.400000 60.183241 
0.615070 1.400000 58.282037 
0.620070 1.400000 48.776016 
0.625070 1.400000 54.479628 
0.630076 1.400000 48.776016 
0.635076 1.400000 56.380833 
0.640076 1.400000 56.380833 
0.645076 1.400000 54.479628 
0.650077 1.400000 48.776016 
0.655077 1.400000 54.479628 
0.660077 1.400000 50.677220 
0.665077 1.400000 50.677220 
0.670077 1.400000 54.479628 
0.675077 1.400000 46.874812 
0.680077 1.400000 54.479628 
0.685078 1.400000 48.776016 
0.690078 1.400000 54.479628 
0.695078 1.400000 46.874812 
0.700078 1.400000 48.776016 
0.705078 1.400000 52.578424 
0.710078 1.400000 46.874812 
0.715078 1.400000 52.578424 
0.720079 1.400000 50.677220 
0.725079 1.400000 50.677220 
0.730079 1.400000 44.973608 
0.735079 1.400000 46.874812 
0.740079 1.400000 44.973608 
0.745080 1.400000 48.776016 
0.750080 1.400000 43.072404 
0.755080 1.400000 48.776016 
0.760080 1.400000 50.677220 
0.765080 1.400000 48.776016 
0.770080 1.400000 50.677220 
0.775080 1.400000 50.677220 
0.780094 1.400000 52.578424 
0.785094 1.400000 48.776016 
0.790094 1.400000 52.578424 
0.795095 1.400000 44.973608 
0.800095 1.400000 52.578424 
0.805095 1.400000 48.776016 
0.810095 1.400000 48.776016 
0.815095 1.400000 48.776016 
0.820095 1.400000 43.072404 
0.825095 1.400000 46.874812 
0.830095 1.400000 46.874812 
0.835096 1.400000 43.072404 
0.840096 1.400000 50.677220 
0.845096 1.400000 46.874812 
0.850096 1.400000 52.578424 
0.855096 1.400000 46.874812 
0.860096 1.400000 46.874812 
0.865097 1.400000 44.973608 
0.870097 1.400000 50.677220 
0.875097 1.400000 41.171199 
0.880097 1.400000 44.973608 
0.885097 1.400000 43.072404 
0.890097 1.400000 50.677220 
0.895097 1.400000 37.368791 
0.900097 1.400000 48.776016 
0.905097 1.400000 44.973608 
0.910098 1.400000 43.072404 
0.915098 1.400000 48.776016 
0.920098 1.400000 46.874812 
0.925098 1.400000 44.973608 
0.930098 1.400000 48.776016 
0.935098 1.400000 39.269995 
0.940098 1.400000 50.677220 
0.945098 1.400000 43.072404 
0.950098 1.400000 50.677220 
0.955099 1.400000 39.269995 
0.960099 1.400000 44.973608 
0.965099 1.400000 43.072404 
0.970099 1.400000 43.072404 
0.975099 1.400000 44.973608 
0.980099 1.400000 39.269995 
0.985099 1.400000 46.874812 
0.990099 1.400000 41.171199 
0.995099 1.400000 41.171199 
