0.000001 1.100000 0.999909 
0.005001 1.100000 0.999909 
0.010001 1.100000 0.999909 
0.015001 1.100000 -2.802499 
0.020001 1.100000 -6.604908 
0.025002 1.100000 10.505930 
0.030002 1.100000 6.703521 
0.035002 1.100000 16.209542 
0.040002 1.100000 14.308338 
0.045002 1.100000 21.913155 
0.050002 1.100000 33.320379 
0.055002 1.100000 40.925196 
0.060002 1.100000 37.122788 
0.065003 1.100000 40.925196 
0.070003 1.100000 37.122788 
0.075010 1.100000 44.727604 
0.080010 1.100000 35.221584 
0.085010 1.100000 44.727604 
0.090011 1.100000 37.122788 
0.095011 1.100000 48.530013 
0.100011 1.100000 42.826400 
0.105011 1.100000 44.727604 
0.110011 1.100000 42.826400 
0.115011 1.100000 52.332421 
0.120011 1.100000 48.530013 
0.125011 1.100000 56.134829 
0.130011 1.100000 50.431217 
0.135012 1.100000 48.530013 
0.140012 1.100000 54.233625 
0.145012 1.100000 52.332421 
0.150012 1.100000 54.233625 
0.155012 1.100000 46.628808 
0.160012 1.100000 52.332421 
0.165013 1.100000 52.332421 
0.170013 1.100000 46.628808 
0.175013 1.100000 54.233625 
0.180013 1.100000 56.134829 
0.185013 1.100000 59.937238 
0.190013 1.100000 52.332421 
0.195015 1.100000 58.036033 
0.200015 1.100000 59.937238 
0.205015 1.100000 56.134829 
0.210015 1.100000 59.937238 
0.215015 1.100000 56.134829 
0.220016 1.100000 59.937238 
0.225016 1.100000 54.233625 
0.230016 1.100000 52.332421 
0.235016 1.100000 61.838442 
0.240016 1.100000 50.431217 
0.245016 1.100000 48.530013 
0.250016 1.100000 56.134829 
0.255016 1.100000 56.134829 
0.260016 1.100000 58.036033 
0.265017 1.100000 63.739646 
0.270017 1.100000 59.937238 
0.275017 1.100000 59.937238 
0.280017 1.100000 50.431217 
0.285017 1.100000 59.937238 
0.290017 1.100000 56.134829 
0.295017 1.100000 52.332421 
0.300017 1.100000 58.036033 
0.305017 1.100000 50.431217 
0.310017 1.100000 56.134829 
0.315018 1.100000 52.332421 
0.320018 1.100000 54.233625 
0.325018 1.100000 58.036033 
0.330018 1.100000 50.431217 
0.335018 1.100000 56.134829 
0.340018 1.100000 58.036033 
0.345018 1.100000 59.937238 
0.350019 1.100000 54.233625 
0.355019 1.100000 54.233625 
0.360019 1.100000 48.530013 
0.365019 1.100000 54.233625 
0.370019 1.100000 48.530013 
0.375019 1.100000 54.233625 
0.380019 1.100000 56.134829 
0.385019 1.100000 46.628808 
0.390019 1.100000 56.134829 
0.395020 1.100000 48.530013 
0.400020 1.100000 48.530013 
0.405032 1.100000 52.332421 
0.410032 1.100000 54.233625 
0.415032 1.100000 59.937238 
0.420032 1.100000 50.431217 
0.425032 1.100000 52.332421 
0.430032 1.100000 56.134829 
0.435034 1.100000 48.530013 
0.440034 1.100000 54.233625 
0.445035 1.100000 56.134829 
0.450035 1.100000 52.332421 
0.455035 1.100000 54.233625 
0.460035 1.100000 56.134829 
0.465035 1.100000 48.530013 
0.470035 1.100000 58.036033 
0.475035 1.100000 52.332421 
0.480036 1.100000 44.727604 
0.485036 1.100000 56.134829 
0.490036 1.100000 54.233625 
0.495036 1.100000 50.431217 
0.500036 1.100000 54.233625 
0.505036 1.100000 50.431217 
0.510036 1.100000 44.727604 
0.515037 1.100000 54.233625 
0.520037 1.100000 46.628808 
0.525037 1.100000 48.530013 
0.530037 1.100000 44.727604 
0.535037 1.100000 46.628808 
0.540037 1.100000 48.530013 
0.545037 1.100000 40.925196 
0.550037 1.100000 50.431217 
0.555037 1.100000 44.727604 
0.560038 1.100000 46.628808 
0.565038 1.100000 50.431217 
0.570038 1.100000 42.826400 
0.575038 1.100000 50.431217 
0.580038 1.100000 44.727604 
0.585038 1.100000 46.628808 
0.590039 1.100000 44.727604 
0.595039 1.100000 40.925196 
0.600039 1.100000 50.431217 
0.605040 1.100000 40.925196 
0.610040 1.100000 44.727604 
0.615040 1.100000 39.023992 
0.620040 1.100000 48.530013 
0.625041 1.100000 42.826400 
0.630042 1.100000 48.530013 
0.635042 1.100000 46.628808 
0.640042 1.100000 39.023992 
0.645043 1.100000 39.023992 
0.650043 1.100000 40.925196 
0.655043 1.100000 48.530013 
0.660043 1.100000 44.727604 
0.665043 1.100000 39.023992 
0.670044 1.100000 42.826400 
0.675044 1.100000 37.122788 
0.680044 1.100000 44.727604 
0.685044 1.100000 48.530013 
0.690044 1.100000 37.122788 
0.695045 1.100000 42.826400 
0.700045 1.100000 39.023992 
0.705045 1.100000 37.122788 
0.710045 1.100000 39.023992 
0.715045 1.100000 42.826400 
0.720046 1.100000 40.925196 
0.725046 1.100000 44.727604 
0.730046 1.100000 40.925196 
0.735046 1.100000 40.925196 
0.740046 1.100000 48.530013 
0.745046 1.100000 35.221584 
0.750046 1.100000 46.628808 
0.755047 1.100000 40.925196 
0.760047 1.100000 35.221584 
0.765047 1.100000 35.221584 
0.770047 1.100000 37.122788 
0.775047 1.100000 39.023992 
0.780047 1.100000 39.023992 
0.785047 1.100000 35.221584 
0.790048 1.100000 40.925196 
0.795048 1.100000 39.023992 
0.800048 1.100000 35.221584 
0.805048 1.100000 40.925196 
0.810048 1.100000 42.826400 
0.815049 1.100000 39.023992 
0.820049 1.100000 39.023992 
0.825049 1.100000 33.320379 
0.830049 1.100000 40.925196 
0.835050 1.100000 40.925196 
0.840050 1.100000 40.925196 
0.845050 1.100000 40.925196 
0.850051 1.100000 35.221584 
0.855051 1.100000 40.925196 
0.860051 1.100000 39.023992 
0.865051 1.100000 33.320379 
0.870052 1.100000 39.023992 
0.875052 1.100000 33.320379 
0.880054 1.100000 39.023992 
0.885055 1.100000 37.122788 
0.890055 1.100000 35.221584 
0.895055 1.100000 33.320379 
0.900056 1.100000 31.419175 
0.905056 1.100000 40.925196 
0.910056 1.100000 33.320379 
0.915056 1.100000 31.419175 
0.920062 1.100000 40.925196 
0.925062 1.100000 35.221584 
0.930063 1.100000 40.925196 
0.935063 1.100000 31.419175 
0.940063 1.100000 40.925196 
0.945063 1.100000 37.122788 
0.950063 1.100000 35.221584 
0.955063 1.100000 37.122788 
0.960063 1.100000 33.320379 
0.965064 1.100000 35.221584 
0.970064 1.100000 40.925196 
0.975064 1.100000 40.925196 
0.980064 1.100000 37.122788 
0.985064 1.100000 35.221584 
0.990064 1.100000 31.419175 
0.995064 1.100000 39.023992 
