0.000001 4.000000 -7.880660 
0.005001 4.000000 1.625360 
0.010001 4.000000 -0.275844 
0.015002 4.000000 5.427769 
0.020002 4.000000 16.834993 
0.025002 4.000000 39.649443 
0.030003 4.000000 52.957872 
0.035003 4.000000 62.463893 
0.040004 4.000000 85.278343 
0.045004 4.000000 102.389180 
0.050004 4.000000 117.598814 
0.055004 4.000000 117.598814 
0.060005 4.000000 117.598814 
0.065005 4.000000 117.598814 
0.070005 4.000000 125.203630 
0.075016 4.000000 123.302426 
0.080016 4.000000 136.610855 
0.085017 4.000000 136.610855 
0.090017 4.000000 146.116876 
0.095017 4.000000 142.314467 
0.100017 4.000000 151.820488 
0.105017 4.000000 149.919284 
0.110017 4.000000 151.820488 
0.115017 4.000000 155.622897 
0.120018 4.000000 149.919284 
0.125018 4.000000 149.919284 
0.130018 4.000000 157.524101 
0.135018 4.000000 153.721692 
0.140018 4.000000 163.227713 
0.145018 4.000000 168.931326 
0.150018 4.000000 159.425305 
0.155018 4.000000 161.326509 
0.160018 4.000000 165.128917 
0.165018 4.000000 165.128917 
0.170019 4.000000 163.227713 
0.175019 4.000000 167.030121 
0.180019 4.000000 167.030121 
0.185019 4.000000 167.030121 
0.190019 4.000000 165.128917 
0.195019 4.000000 165.128917 
0.200019 4.000000 170.832530 
0.205020 4.000000 167.030121 
0.210020 4.000000 168.931326 
0.215020 4.000000 167.030121 
0.220020 4.000000 167.030121 
0.225020 4.000000 163.227713 
0.230021 4.000000 167.030121 
0.235021 4.000000 165.128917 
0.240021 4.000000 165.128917 
0.245021 4.000000 161.326509 
0.250021 4.000000 161.326509 
0.255021 4.000000 157.524101 
0.260021 4.000000 165.128917 
0.265022 4.000000 167.030121 
0.270022 4.000000 161.326509 
0.275022 4.000000 165.128917 
0.280022 4.000000 155.622897 
0.285022 4.000000 155.622897 
0.290022 4.000000 157.524101 
0.295023 4.000000 161.326509 
0.300023 4.000000 165.128917 
0.305023 4.000000 159.425305 
0.310023 4.000000 161.326509 
0.315023 4.000000 159.425305 
0.320023 4.000000 151.820488 
0.325023 4.000000 161.326509 
0.330024 4.000000 159.425305 
0.335024 4.000000 167.030121 
0.340024 4.000000 161.326509 
0.345024 4.000000 157.524101 
0.350024 4.000000 157.524101 
0.355024 4.000000 159.425305 
0.360024 4.000000 157.524101 
0.365025 4.000000 167.030121 
0.370025 4.000000 153.721692 
0.375025 4.000000 157.524101 
0.380025 4.000000 155.622897 
0.385025 4.000000 161.326509 
0.390025 4.000000 153.721692 
0.395025 4.000000 159.425305 
0.400025 4.000000 157.524101 
0.405025 4.000000 155.622897 
0.410026 4.000000 149.919284 
0.415026 4.000000 151.820488 
0.420026 4.000000 153.721692 
0.425026 4.000000 159.425305 
0.430026 4.000000 157.524101 
0.435026 4.000000 155.622897 
0.440026 4.000000 153.721692 
0.445026 4.000000 148.018080 
0.450026 4.000000 155.622897 
0.455027 4.000000 149.919284 
0.460027 4.000000 151.820488 
0.465027 4.000000 153.721692 
0.470042 4.000000 157.524101 
0.475042 4.000000 149.919284 
0.480042 4.000000 153.721692 
0.485042 4.000000 148.018080 
0.490042 4.000000 151.820488 
0.495042 4.000000 148.018080 
0.500043 4.000000 151.820488 
0.505043 4.000000 148.018080 
0.510043 4.000000 151.820488 
0.515044 4.000000 149.919284 
0.520044 4.000000 151.820488 
0.525047 4.000000 148.018080 
0.530047 4.000000 148.018080 
0.535047 4.000000 144.215672 
0.540047 4.000000 149.919284 
0.545048 4.000000 153.721692 
0.550048 4.000000 142.314467 
0.555048 4.000000 148.018080 
0.560048 4.000000 149.919284 
0.565049 4.000000 149.919284 
0.570049 4.000000 149.919284 
0.575049 4.000000 149.919284 
0.580049 4.000000 148.018080 
0.585049 4.000000 144.215672 
0.590049 4.000000 148.018080 
0.595049 4.000000 144.215672 
0.600050 4.000000 146.116876 
0.605050 4.000000 148.018080 
0.610050 4.000000 148.018080 
0.615050 4.000000 151.820488 
0.620050 4.000000 140.413263 
0.625050 4.000000 151.820488 
0.630050 4.000000 148.018080 
0.635051 4.000000 149.919284 
0.640051 4.000000 144.215672 
0.645051 4.000000 151.820488 
0.650051 4.000000 149.919284 
0.655051 4.000000 146.116876 
0.660051 4.000000 146.116876 
0.665052 4.000000 138.512059 
0.670052 4.000000 149.919284 
0.675052 4.000000 146.116876 
0.680052 4.000000 149.919284 
0.685052 4.000000 146.116876 
0.690052 4.000000 149.919284 
0.695052 4.000000 146.116876 
0.700052 4.000000 148.018080 
0.705053 4.000000 142.314467 
0.710053 4.000000 149.919284 
0.715053 4.000000 149.919284 
0.720054 4.000000 153.721692 
0.725054 4.000000 146.116876 
0.730054 4.000000 151.820488 
0.735054 4.000000 140.413263 
0.740054 4.000000 151.820488 
0.745054 4.000000 149.919284 
0.750054 4.000000 148.018080 
0.755055 4.000000 146.116876 
0.760055 4.000000 151.820488 
0.765055 4.000000 144.215672 
0.770055 4.000000 146.116876 
0.775055 4.000000 142.314467 
0.780055 4.000000 151.820488 
0.785056 4.000000 148.018080 
0.790056 4.000000 148.018080 
0.795056 4.000000 151.820488 
0.800056 4.000000 148.018080 
0.805056 4.000000 140.413263 
0.810056 4.000000 149.919284 
0.815057 4.000000 149.919284 
0.820057 4.000000 155.622897 
0.825057 4.000000 153.721692 
0.830057 4.000000 148.018080 
0.835057 4.000000 146.116876 
0.840057 4.000000 153.721692 
0.845058 4.000000 155.622897 
0.850058 4.000000 149.919284 
0.855058 4.000000 159.425305 
0.860058 4.000000 149.919284 
0.865058 4.000000 146.116876 
0.870058 4.000000 157.524101 
0.875058 4.000000 153.721692 
0.880059 4.000000 149.919284 
0.885059 4.000000 153.721692 
0.890059 4.000000 149.919284 
0.895059 4.000000 153.721692 
0.900059 4.000000 151.820488 
0.905059 4.000000 153.721692 
0.910060 4.000000 153.721692 
0.915060 4.000000 155.622897 
0.920060 4.000000 157.524101 
0.925060 4.000000 153.721692 
0.930061 4.000000 159.425305 
0.935061 4.000000 151.820488 
0.940061 4.000000 151.820488 
0.945061 4.000000 149.919284 
0.950062 4.000000 163.227713 
0.955062 4.000000 163.227713 
0.960062 4.000000 163.227713 
0.965062 4.000000 157.524101 
0.970062 4.000000 153.721692 
0.975062 4.000000 153.721692 
0.980062 4.000000 163.227713 
0.985063 4.000000 153.721692 
0.990063 4.000000 159.425305 
0.995063 4.000000 151.820488 
