0.000001 0.900000 1.702953 
0.005001 0.900000 -2.099455 
0.010001 0.900000 5.505361 
0.015001 0.900000 3.604157 
0.020002 0.900000 7.406565 
0.025002 0.900000 1.702953 
0.030002 0.900000 5.505361 
0.035003 0.900000 13.110178 
0.040003 0.900000 24.517403 
0.045003 0.900000 24.517403 
0.050003 0.900000 26.418607 
0.055004 0.900000 30.221015 
0.060004 0.900000 26.418607 
0.065004 0.900000 32.122219 
0.070005 0.900000 28.319811 
0.075005 0.900000 34.023424 
0.080005 0.900000 32.122219 
0.085005 0.900000 34.023424 
0.090006 0.900000 39.727036 
0.095006 0.900000 28.319811 
0.100007 0.900000 39.727036 
0.105007 0.900000 32.122219 
0.110007 0.900000 41.628240 
0.115021 0.900000 39.727036 
0.120022 0.900000 41.628240 
0.125022 0.900000 41.628240 
0.130022 0.900000 41.628240 
0.135022 0.900000 41.628240 
0.140023 0.900000 41.628240 
0.145023 0.900000 47.331853 
0.150023 0.900000 39.727036 
0.155023 0.900000 47.331853 
0.160023 0.900000 47.331853 
0.165023 0.900000 45.430649 
0.170024 0.900000 43.529444 
0.175024 0.900000 39.727036 
0.180024 0.900000 49.233057 
0.185024 0.900000 39.727036 
0.190024 0.900000 47.331853 
0.195024 0.900000 43.529444 
0.200024 0.900000 49.233057 
0.205024 0.900000 45.430649 
0.210025 0.900000 47.331853 
0.215025 0.900000 45.430649 
0.220025 0.900000 43.529444 
0.225025 0.900000 54.936669 
0.230025 0.900000 43.529444 
0.235025 0.900000 47.331853 
0.240025 0.900000 47.331853 
0.245025 0.900000 51.134261 
0.250025 0.900000 45.430649 
0.255025 0.900000 49.233057 
0.260025 0.900000 47.331853 
0.265026 0.900000 47.331853 
0.270032 0.900000 41.628240 
0.275032 0.900000 47.331853 
0.280033 0.900000 45.430649 
0.285033 0.900000 41.628240 
0.290033 0.900000 47.331853 
0.295033 0.900000 47.331853 
0.300040 0.900000 51.134261 
0.305040 0.900000 47.331853 
0.310040 0.900000 53.035465 
0.315040 0.900000 43.529444 
0.320040 0.900000 47.331853 
0.325041 0.900000 45.430649 
0.330041 0.900000 47.331853 
0.335041 0.900000 45.430649 
0.340042 0.900000 51.134261 
0.345042 0.900000 45.430649 
0.350042 0.900000 49.233057 
0.355051 0.900000 41.628240 
0.360051 0.900000 45.430649 
0.365052 0.900000 45.430649 
0.370052 0.900000 43.529444 
0.375052 0.900000 41.628240 
0.380052 0.900000 47.331853 
0.385052 0.900000 45.430649 
0.390053 0.900000 43.529444 
0.395053 0.900000 45.430649 
0.400054 0.900000 45.430649 
0.405054 0.900000 45.430649 
0.410054 0.900000 45.430649 
0.415054 0.900000 45.430649 
0.420055 0.900000 45.430649 
0.425055 0.900000 43.529444 
0.430055 0.900000 45.430649 
0.435055 0.900000 43.529444 
0.440056 0.900000 39.727036 
0.445066 0.900000 41.628240 
0.450066 0.900000 43.529444 
0.455066 0.900000 45.430649 
0.460067 0.900000 43.529444 
0.465067 0.900000 37.825832 
0.470067 0.900000 49.233057 
0.475067 0.900000 39.727036 
0.480067 0.900000 41.628240 
0.485067 0.900000 37.825832 
0.490067 0.900000 41.628240 
0.495067 0.900000 32.122219 
0.500067 0.900000 45.430649 
0.505068 0.900000 39.727036 
0.510068 0.900000 47.331853 
0.515068 0.900000 35.924628 
0.520068 0.900000 41.628240 
0.525068 0.900000 41.628240 
0.530068 0.900000 39.727036 
0.535068 0.900000 35.924628 
0.540069 0.900000 37.825832 
0.545069 0.900000 39.727036 
0.550069 0.900000 34.023424 
0.555069 0.900000 41.628240 
0.560070 0.900000 41.628240 
0.565089 0.900000 37.825832 
0.570089 0.900000 43.529444 
0.575090 0.900000 43.529444 
0.580090 0.900000 41.628240 
0.585090 0.900000 35.924628 
0.590091 0.900000 37.825832 
0.595091 0.900000 41.628240 
0.600091 0.900000 43.529444 
0.605092 0.900000 32.122219 
0.610092 0.900000 41.628240 
0.615092 0.900000 34.023424 
0.620092 0.900000 41.628240 
0.625093 0.900000 41.628240 
0.630093 0.900000 32.122219 
0.635093 0.900000 41.628240 
0.640093 0.900000 34.023424 
0.645094 0.900000 37.825832 
0.650094 0.900000 32.122219 
0.655094 0.900000 35.924628 
0.660094 0.900000 34.023424 
0.665095 0.900000 35.924628 
0.670096 0.900000 37.825832 
0.675096 0.900000 39.727036 
0.680096 0.900000 34.023424 
0.685097 0.900000 34.023424 
0.690097 0.900000 35.924628 
0.695098 0.900000 35.924628 
0.700098 0.900000 32.122219 
0.705098 0.900000 41.628240 
0.710098 0.900000 32.122219 
0.715098 0.900000 39.727036 
0.720098 0.900000 34.023424 
0.725099 0.900000 35.924628 
0.730099 0.900000 37.825832 
0.735100 0.900000 41.628240 
0.740100 0.900000 35.924628 
0.745100 0.900000 30.221015 
0.750100 0.900000 30.221015 
0.755101 0.900000 32.122219 
0.760101 0.900000 39.727036 
0.765101 0.900000 34.023424 
0.770102 0.900000 35.924628 
0.775102 0.900000 30.221015 
0.780103 0.900000 35.924628 
0.785103 0.900000 34.023424 
0.790104 0.900000 30.221015 
0.795104 0.900000 32.122219 
0.800104 0.900000 34.023424 
0.805104 0.900000 35.924628 
0.810104 0.900000 35.924628 
0.815105 0.900000 34.023424 
0.820105 0.900000 37.825832 
0.825105 0.900000 37.825832 
0.830106 0.900000 35.924628 
0.835106 0.900000 28.319811 
0.840106 0.900000 34.023424 
0.845106 0.900000 26.418607 
0.850107 0.900000 30.221015 
0.855107 0.900000 37.825832 
0.860108 0.900000 32.122219 
0.865108 0.900000 32.122219 
0.870108 0.900000 28.319811 
0.875108 0.900000 35.924628 
0.880108 0.900000 28.319811 
0.885109 0.900000 34.023424 
0.890109 0.900000 34.023424 
0.895109 0.900000 28.319811 
0.900110 0.900000 28.319811 
0.905110 0.900000 34.023424 
0.910111 0.900000 35.924628 
0.915111 0.900000 26.418607 
0.920111 0.900000 35.924628 
0.925111 0.900000 34.023424 
0.930111 0.900000 34.023424 
0.935111 0.900000 37.825832 
0.940112 0.900000 35.924628 
0.945112 0.900000 30.221015 
0.950113 0.900000 30.221015 
0.955113 0.900000 35.924628 
0.960114 0.900000 28.319811 
0.965119 0.900000 32.122219 
0.970119 0.900000 35.924628 
0.975120 0.900000 26.418607 
0.980120 0.900000 28.319811 
0.985120 0.900000 32.122219 
0.990120 0.900000 26.418607 
0.995120 0.900000 28.319811 
