0.000000 5.000000 -0.443758 
0.005001 5.000000 -0.443758 
0.010001 5.000000 26.173100 
0.015001 5.000000 35.679121 
0.020001 5.000000 50.888754 
0.025001 5.000000 77.505613 
0.030002 5.000000 96.517654 
0.035002 5.000000 115.529696 
0.040002 5.000000 134.541737 
0.045002 5.000000 136.442941 
0.050002 5.000000 142.146554 
0.055002 5.000000 147.850166 
0.060002 5.000000 147.850166 
0.065003 5.000000 157.356187 
0.070003 5.000000 166.862208 
0.075003 5.000000 166.862208 
0.080003 5.000000 170.664616 
0.085003 5.000000 168.763412 
0.090003 5.000000 168.763412 
0.095004 5.000000 183.973045 
0.100004 5.000000 176.368228 
0.105004 5.000000 183.973045 
0.110004 5.000000 187.775453 
0.115004 5.000000 176.368228 
0.120004 5.000000 178.269433 
0.125004 5.000000 187.775453 
0.130004 5.000000 183.973045 
0.135004 5.000000 183.973045 
0.140005 5.000000 189.676657 
0.145005 5.000000 185.874249 
0.150005 5.000000 187.775453 
0.155005 5.000000 191.577862 
0.160006 5.000000 197.281474 
0.165006 5.000000 193.479066 
0.170006 5.000000 187.775453 
0.175006 5.000000 199.182678 
0.180006 5.000000 191.577862 
0.185006 5.000000 197.281474 
0.190006 5.000000 193.479066 
0.195007 5.000000 189.676657 
0.200007 5.000000 195.380270 
0.205007 5.000000 183.973045 
0.210007 5.000000 195.380270 
0.215007 5.000000 201.083882 
0.220007 5.000000 195.380270 
0.225007 5.000000 189.676657 
0.230008 5.000000 191.577862 
0.235008 5.000000 185.874249 
0.240008 5.000000 191.577862 
0.245008 5.000000 191.577862 
0.250008 5.000000 187.775453 
0.255008 5.000000 183.973045 
0.260008 5.000000 187.775453 
0.265008 5.000000 189.676657 
0.270009 5.000000 201.083882 
0.275009 5.000000 185.874249 
0.280009 5.000000 191.577862 
0.285009 5.000000 185.874249 
0.290009 5.000000 182.071841 
0.295009 5.000000 195.380270 
0.300009 5.000000 195.380270 
0.305010 5.000000 185.874249 
0.310010 5.000000 191.577862 
0.315019 5.000000 183.973045 
0.320019 5.000000 189.676657 
0.325019 5.000000 195.380270 
0.330019 5.000000 183.973045 
0.335019 5.000000 183.973045 
0.340019 5.000000 182.071841 
0.345020 5.000000 182.071841 
0.350020 5.000000 187.775453 
0.355020 5.000000 183.973045 
0.360029 5.000000 185.874249 
0.365029 5.000000 183.973045 
0.370029 5.000000 182.071841 
0.375031 5.000000 183.973045 
0.380031 5.000000 185.874249 
0.385031 5.000000 189.676657 
0.390031 5.000000 187.775453 
0.395031 5.000000 172.565820 
0.400031 5.000000 180.170637 
0.405031 5.000000 183.973045 
0.410031 5.000000 183.973045 
0.415032 5.000000 180.170637 
0.420032 5.000000 185.874249 
0.425032 5.000000 180.170637 
0.430032 5.000000 174.467024 
0.435032 5.000000 187.775453 
0.440032 5.000000 187.775453 
0.445032 5.000000 182.071841 
0.450032 5.000000 180.170637 
0.455033 5.000000 174.467024 
0.460033 5.000000 176.368228 
0.465033 5.000000 183.973045 
0.470033 5.000000 183.973045 
0.475033 5.000000 180.170637 
0.480033 5.000000 178.269433 
0.485033 5.000000 178.269433 
0.490033 5.000000 174.467024 
0.495033 5.000000 172.565820 
0.500034 5.000000 178.269433 
0.505034 5.000000 182.071841 
0.510034 5.000000 174.467024 
0.515034 5.000000 178.269433 
0.520034 5.000000 170.664616 
0.525034 5.000000 183.973045 
0.530034 5.000000 182.071841 
0.535034 5.000000 174.467024 
0.540034 5.000000 183.973045 
0.545035 5.000000 172.565820 
0.550035 5.000000 176.368228 
0.555035 5.000000 178.269433 
0.560035 5.000000 178.269433 
0.565035 5.000000 185.874249 
0.570035 5.000000 174.467024 
0.575036 5.000000 174.467024 
0.580036 5.000000 174.467024 
0.585036 5.000000 180.170637 
0.590036 5.000000 178.269433 
0.595049 5.000000 183.973045 
0.600049 5.000000 182.071841 
0.605049 5.000000 178.269433 
0.610055 5.000000 183.973045 
0.615055 5.000000 183.973045 
0.620055 5.000000 182.071841 
0.625055 5.000000 176.368228 
0.630056 5.000000 176.368228 
0.635056 5.000000 176.368228 
0.640056 5.000000 178.269433 
0.645056 5.000000 178.269433 
0.650056 5.000000 183.973045 
0.655056 5.000000 180.170637 
0.660057 5.000000 182.071841 
0.665057 5.000000 172.565820 
0.670057 5.000000 174.467024 
0.675057 5.000000 183.973045 
0.680057 5.000000 185.874249 
0.685057 5.000000 183.973045 
0.690057 5.000000 170.664616 
0.695058 5.000000 182.071841 
0.700058 5.000000 180.170637 
0.705058 5.000000 180.170637 
0.710058 5.000000 189.676657 
0.715058 5.000000 182.071841 
0.720058 5.000000 172.565820 
0.725058 5.000000 176.368228 
0.730058 5.000000 183.973045 
0.735059 5.000000 191.577862 
0.740059 5.000000 185.874249 
0.745059 5.000000 180.170637 
0.750059 5.000000 180.170637 
0.755059 5.000000 183.973045 
0.760059 5.000000 185.874249 
0.765059 5.000000 189.676657 
0.770059 5.000000 183.973045 
0.775059 5.000000 187.775453 
0.780059 5.000000 180.170637 
0.785060 5.000000 185.874249 
0.790060 5.000000 185.874249 
0.795060 5.000000 191.577862 
0.800060 5.000000 187.775453 
0.805060 5.000000 178.269433 
0.810060 5.000000 183.973045 
0.815073 5.000000 189.676657 
0.820084 5.000000 197.281474 
0.825084 5.000000 189.676657 
0.830084 5.000000 185.874249 
0.835084 5.000000 189.676657 
0.840084 5.000000 178.269433 
0.845084 5.000000 185.874249 
0.850084 5.000000 193.479066 
0.855084 5.000000 193.479066 
0.860084 5.000000 189.676657 
0.865085 5.000000 185.874249 
0.870085 5.000000 180.170637 
0.875085 5.000000 191.577862 
0.880086 5.000000 195.380270 
0.885086 5.000000 197.281474 
0.890086 5.000000 191.577862 
0.895086 5.000000 195.380270 
0.900086 5.000000 189.676657 
0.905086 5.000000 191.577862 
0.910086 5.000000 199.182678 
0.915086 5.000000 199.182678 
0.920087 5.000000 191.577862 
0.925087 5.000000 193.479066 
0.930087 5.000000 193.479066 
0.935087 5.000000 193.479066 
0.940087 5.000000 197.281474 
0.945087 5.000000 199.182678 
0.950088 5.000000 195.380270 
0.955088 5.000000 195.380270 
0.960088 5.000000 197.281474 
0.965088 5.000000 204.886291 
0.970088 5.000000 195.380270 
0.975088 5.000000 204.886291 
0.980088 5.000000 201.083882 
0.985088 5.000000 197.281474 
0.990089 5.000000 202.985087 
0.995089 5.000000 197.281474 
