0.000001 2.400000 3.602192 
0.005001 2.400000 3.602192 
0.010001 2.400000 13.108213 
0.015001 2.400000 18.811825 
0.020001 2.400000 41.626275 
0.025001 2.400000 51.132296 
0.030002 2.400000 49.231092 
0.035002 2.400000 58.737112 
0.040002 2.400000 58.737112 
0.045002 2.400000 58.737112 
0.050002 2.400000 68.243133 
0.055002 2.400000 73.946746 
0.060002 2.400000 81.551562 
0.065003 2.400000 81.551562 
0.070003 2.400000 81.551562 
0.075003 2.400000 87.255175 
0.080003 2.400000 83.452766 
0.085003 2.400000 92.958787 
0.090003 2.400000 87.255175 
0.095003 2.400000 92.958787 
0.100003 2.400000 96.761196 
0.105003 2.400000 91.057583 
0.110004 2.400000 91.057583 
0.115004 2.400000 92.958787 
0.120004 2.400000 100.563604 
0.125004 2.400000 106.267216 
0.130004 2.400000 100.563604 
0.135004 2.400000 108.168420 
0.140005 2.400000 102.464808 
0.145005 2.400000 111.970829 
0.150005 2.400000 110.069625 
0.155005 2.400000 102.464808 
0.160005 2.400000 104.366012 
0.165005 2.400000 106.267216 
0.170006 2.400000 113.872033 
0.175006 2.400000 106.267216 
0.180006 2.400000 113.872033 
0.185006 2.400000 110.069625 
0.190006 2.400000 110.069625 
0.195006 2.400000 119.575645 
0.200007 2.400000 108.168420 
0.205007 2.400000 117.674441 
0.210007 2.400000 113.872033 
0.215007 2.400000 108.168420 
0.220007 2.400000 111.970829 
0.225007 2.400000 111.970829 
0.230007 2.400000 115.773237 
0.235007 2.400000 119.575645 
0.240007 2.400000 111.970829 
0.245008 2.400000 113.872033 
0.250008 2.400000 115.773237 
0.255008 2.400000 119.575645 
0.260008 2.400000 113.872033 
0.265008 2.400000 115.773237 
0.270009 2.400000 119.575645 
0.275009 2.400000 111.970829 
0.280009 2.400000 117.674441 
0.285009 2.400000 110.069625 
0.290009 2.400000 113.872033 
0.295009 2.400000 113.872033 
0.300009 2.400000 119.575645 
0.305010 2.400000 111.970829 
0.310010 2.400000 111.970829 
0.315010 2.400000 117.674441 
0.320010 2.400000 111.970829 
0.325010 2.400000 111.970829 
0.330010 2.400000 111.970829 
0.335011 2.400000 113.872033 
0.340011 2.400000 119.575645 
0.345012 2.400000 115.773237 
0.350012 2.400000 106.267216 
0.355012 2.400000 113.872033 
0.360012 2.400000 111.970829 
0.365012 2.400000 108.168420 
0.370012 2.400000 111.970829 
0.375013 2.400000 115.773237 
0.380013 2.400000 111.970829 
0.385013 2.400000 111.970829 
0.390013 2.400000 110.069625 
0.395013 2.400000 106.267216 
0.400013 2.400000 110.069625 
0.405013 2.400000 108.168420 
0.410013 2.400000 106.267216 
0.415013 2.400000 108.168420 
0.420013 2.400000 108.168420 
0.425014 2.400000 104.366012 
0.430014 2.400000 111.970829 
0.435014 2.400000 102.464808 
0.440014 2.400000 108.168420 
0.445014 2.400000 104.366012 
0.450014 2.400000 106.267216 
0.455014 2.400000 110.069625 
0.460015 2.400000 102.464808 
0.465015 2.400000 110.069625 
0.470015 2.400000 104.366012 
0.475015 2.400000 104.366012 
0.480015 2.400000 104.366012 
0.485015 2.400000 98.662400 
0.490015 2.400000 111.970829 
0.495016 2.400000 98.662400 
0.500016 2.400000 108.168420 
0.505016 2.400000 104.366012 
0.510016 2.400000 108.168420 
0.515016 2.400000 102.464808 
0.520016 2.400000 96.761196 
0.525016 2.400000 110.069625 
0.530016 2.400000 94.859991 
0.535016 2.400000 100.563604 
0.540017 2.400000 104.366012 
0.545017 2.400000 102.464808 
0.550017 2.400000 106.267216 
0.555017 2.400000 98.662400 
0.560021 2.400000 98.662400 
0.565021 2.400000 100.563604 
0.570021 2.400000 100.563604 
0.575021 2.400000 100.563604 
0.580021 2.400000 104.366012 
0.585022 2.400000 98.662400 
0.590022 2.400000 94.859991 
0.595022 2.400000 96.761196 
0.600022 2.400000 96.761196 
0.605022 2.400000 102.464808 
0.610022 2.400000 92.958787 
0.615023 2.400000 100.563604 
0.620023 2.400000 96.761196 
0.625023 2.400000 96.761196 
0.630023 2.400000 92.958787 
0.635023 2.400000 98.662400 
0.640023 2.400000 96.761196 
0.645023 2.400000 98.662400 
0.650023 2.400000 98.662400 
0.655023 2.400000 94.859991 
0.660024 2.400000 98.662400 
0.665024 2.400000 98.662400 
0.670024 2.400000 96.761196 
0.675024 2.400000 96.761196 
0.680024 2.400000 87.255175 
0.685024 2.400000 92.958787 
0.690024 2.400000 89.156379 
0.695024 2.400000 96.761196 
0.700024 2.400000 94.859991 
0.705025 2.400000 98.662400 
0.710025 2.400000 92.958787 
0.715033 2.400000 91.057583 
0.720034 2.400000 94.859991 
0.725034 2.400000 91.057583 
0.730034 2.400000 94.859991 
0.735034 2.400000 98.662400 
0.740034 2.400000 91.057583 
0.745034 2.400000 96.761196 
0.750034 2.400000 91.057583 
0.755034 2.400000 96.761196 
0.760035 2.400000 87.255175 
0.765035 2.400000 96.761196 
0.770035 2.400000 91.057583 
0.775035 2.400000 89.156379 
0.780035 2.400000 89.156379 
0.785035 2.400000 92.958787 
0.790035 2.400000 89.156379 
0.795036 2.400000 92.958787 
0.800036 2.400000 96.761196 
0.805036 2.400000 92.958787 
0.810036 2.400000 87.255175 
0.815036 2.400000 85.353971 
0.820036 2.400000 91.057583 
0.825036 2.400000 89.156379 
0.830036 2.400000 89.156379 
0.835036 2.400000 89.156379 
0.840037 2.400000 89.156379 
0.845037 2.400000 87.255175 
0.850037 2.400000 89.156379 
0.855037 2.400000 89.156379 
0.860037 2.400000 89.156379 
0.865037 2.400000 87.255175 
0.870037 2.400000 85.353971 
0.875037 2.400000 91.057583 
0.880037 2.400000 85.353971 
0.885038 2.400000 92.958787 
0.890038 2.400000 91.057583 
0.895038 2.400000 91.057583 
0.900038 2.400000 87.255175 
0.905038 2.400000 85.353971 
0.910038 2.400000 91.057583 
0.915038 2.400000 85.353971 
0.920039 2.400000 85.353971 
0.925039 2.400000 91.057583 
0.930039 2.400000 89.156379 
0.935039 2.400000 87.255175 
0.940039 2.400000 92.958787 
0.945039 2.400000 85.353971 
0.950040 2.400000 87.255175 
0.955040 2.400000 92.958787 
0.960040 2.400000 87.255175 
0.965040 2.400000 94.859991 
0.970041 2.400000 94.859991 
0.975041 2.400000 89.156379 
0.980041 2.400000 92.958787 
0.985041 2.400000 89.156379 
0.990041 2.400000 83.452766 
0.995041 2.400000 87.255175 
