0.000000 0.800000 1.089665 
0.005001 0.800000 1.089665 
0.010001 0.800000 1.089665 
0.015001 0.800000 1.089665 
0.020001 0.800000 2.990869 
0.025001 0.800000 8.694481 
0.030001 0.800000 8.694481 
0.035009 0.800000 2.990869 
0.040009 0.800000 18.200502 
0.045009 0.800000 14.398094 
0.050009 0.800000 23.904115 
0.055009 0.800000 25.805319 
0.060009 0.800000 23.904115 
0.065010 0.800000 31.508931 
0.070010 0.800000 25.805319 
0.075010 0.800000 33.410135 
0.080010 0.800000 25.805319 
0.085010 0.800000 33.410135 
0.090011 0.800000 33.410135 
0.095011 0.800000 37.212544 
0.100011 0.800000 33.410135 
0.105011 0.800000 35.311340 
0.110011 0.800000 39.113748 
0.115012 0.800000 31.508931 
0.120012 0.800000 35.311340 
0.125012 0.800000 37.212544 
0.130012 0.800000 37.212544 
0.135012 0.800000 37.212544 
0.140013 0.800000 41.014952 
0.145013 0.800000 35.311340 
0.150013 0.800000 44.817360 
0.155013 0.800000 35.311340 
0.160013 0.800000 44.817360 
0.165014 0.800000 35.311340 
0.170014 0.800000 44.817360 
0.175015 0.800000 41.014952 
0.180015 0.800000 42.916156 
0.185015 0.800000 37.212544 
0.190015 0.800000 44.817360 
0.195015 0.800000 37.212544 
0.200015 0.800000 44.817360 
0.205015 0.800000 41.014952 
0.210015 0.800000 37.212544 
0.215016 0.800000 44.817360 
0.220016 0.800000 39.113748 
0.225016 0.800000 46.718564 
0.230016 0.800000 42.916156 
0.235016 0.800000 48.619769 
0.240016 0.800000 44.817360 
0.245016 0.800000 48.619769 
0.250016 0.800000 41.014952 
0.255016 0.800000 42.916156 
0.260017 0.800000 39.113748 
0.265017 0.800000 42.916156 
0.270017 0.800000 44.817360 
0.275017 0.800000 37.212544 
0.280017 0.800000 44.817360 
0.285017 0.800000 41.014952 
0.290017 0.800000 41.014952 
0.295017 0.800000 41.014952 
0.300018 0.800000 41.014952 
0.305018 0.800000 41.014952 
0.310018 0.800000 46.718564 
0.315018 0.800000 41.014952 
0.320018 0.800000 41.014952 
0.325025 0.800000 46.718564 
0.330025 0.800000 39.113748 
0.335025 0.800000 39.113748 
0.340025 0.800000 42.916156 
0.345025 0.800000 39.113748 
0.350025 0.800000 42.916156 
0.355025 0.800000 41.014952 
0.360026 0.800000 44.817360 
0.365026 0.800000 41.014952 
0.370026 0.800000 37.212544 
0.375026 0.800000 39.113748 
0.380026 0.800000 44.817360 
0.385026 0.800000 35.311340 
0.390026 0.800000 44.817360 
0.395026 0.800000 33.410135 
0.400026 0.800000 41.014952 
0.405026 0.800000 35.311340 
0.410027 0.800000 41.014952 
0.415027 0.800000 41.014952 
0.420027 0.800000 31.508931 
0.425027 0.800000 39.113748 
0.430027 0.800000 35.311340 
0.435027 0.800000 41.014952 
0.440027 0.800000 35.311340 
0.445027 0.800000 37.212544 
0.450027 0.800000 37.212544 
0.455028 0.800000 39.113748 
0.460028 0.800000 41.014952 
0.465040 0.800000 33.410135 
0.470040 0.800000 39.113748 
0.475041 0.800000 37.212544 
0.480046 0.800000 41.014952 
0.485046 0.800000 29.607727 
0.490046 0.800000 37.212544 
0.495046 0.800000 37.212544 
0.500046 0.800000 35.311340 
0.505046 0.800000 41.014952 
0.510046 0.800000 31.508931 
0.515046 0.800000 41.014952 
0.520047 0.800000 37.212544 
0.525047 0.800000 37.212544 
0.530047 0.800000 41.014952 
0.535047 0.800000 31.508931 
0.540047 0.800000 41.014952 
0.545048 0.800000 41.014952 
0.550048 0.800000 37.212544 
0.555048 0.800000 33.410135 
0.560048 0.800000 35.311340 
0.565048 0.800000 35.311340 
0.570048 0.800000 37.212544 
0.575048 0.800000 39.113748 
0.580048 0.800000 35.311340 
0.585049 0.800000 41.014952 
0.590049 0.800000 37.212544 
0.595049 0.800000 37.212544 
0.600049 0.800000 39.113748 
0.605049 0.800000 29.607727 
0.610049 0.800000 37.212544 
0.615049 0.800000 39.113748 
0.620049 0.800000 31.508931 
0.625050 0.800000 39.113748 
0.630050 0.800000 29.607727 
0.635050 0.800000 35.311340 
0.640050 0.800000 35.311340 
0.645050 0.800000 35.311340 
0.650050 0.800000 41.014952 
0.655050 0.800000 31.508931 
0.660050 0.800000 39.113748 
0.665050 0.800000 33.410135 
0.670050 0.800000 33.410135 
0.675051 0.800000 33.410135 
0.680051 0.800000 33.410135 
0.685051 0.800000 33.410135 
0.690051 0.800000 29.607727 
0.695051 0.800000 37.212544 
0.700051 0.800000 25.805319 
0.705051 0.800000 31.508931 
0.710051 0.800000 31.508931 
0.715051 0.800000 31.508931 
0.720052 0.800000 31.508931 
0.725052 0.800000 29.607727 
0.730052 0.800000 33.410135 
0.735052 0.800000 29.607727 
0.740052 0.800000 25.805319 
0.745052 0.800000 35.311340 
0.750052 0.800000 27.706523 
0.755053 0.800000 31.508931 
0.760053 0.800000 33.410135 
0.765053 0.800000 33.410135 
0.770053 0.800000 37.212544 
0.775053 0.800000 35.311340 
0.780057 0.800000 25.805319 
0.785057 0.800000 37.212544 
0.790057 0.800000 31.508931 
0.795057 0.800000 31.508931 
0.800057 0.800000 35.311340 
0.805057 0.800000 25.805319 
0.810057 0.800000 33.410135 
0.815058 0.800000 31.508931 
0.820058 0.800000 29.607727 
0.825058 0.800000 25.805319 
0.830059 0.800000 27.706523 
0.835059 0.800000 29.607727 
0.840059 0.800000 29.607727 
0.845059 0.800000 23.904115 
0.850059 0.800000 33.410135 
0.855059 0.800000 23.904115 
0.860059 0.800000 27.706523 
0.865060 0.800000 23.904115 
0.870060 0.800000 29.607727 
0.875060 0.800000 33.410135 
0.880060 0.800000 33.410135 
0.885060 0.800000 23.904115 
0.890060 0.800000 33.410135 
0.895060 0.800000 29.607727 
0.900060 0.800000 23.904115 
0.905062 0.800000 31.508931 
0.910062 0.800000 29.607727 
0.915062 0.800000 23.904115 
0.920062 0.800000 29.607727 
0.925063 0.800000 29.607727 
0.930063 0.800000 31.508931 
0.935068 0.800000 31.508931 
0.940068 0.800000 31.508931 
0.945069 0.800000 29.607727 
0.950069 0.800000 23.904115 
0.955069 0.800000 35.311340 
0.960069 0.800000 23.904115 
0.965069 0.800000 25.805319 
0.970070 0.800000 18.200502 
0.975070 0.800000 27.706523 
0.980073 0.800000 25.805319 
0.985073 0.800000 31.508931 
0.990073 0.800000 22.002910 
0.995073 0.800000 25.805319 
