0.000001 1.300000 -1.824152 
0.005001 1.300000 -1.824152 
0.010002 1.300000 3.879460 
0.015002 1.300000 -1.824152 
0.020002 1.300000 1.978256 
0.025003 1.300000 0.077052 
0.030003 1.300000 1.978256 
0.035003 1.300000 7.681869 
0.040004 1.300000 7.681869 
0.045004 1.300000 -1.824152 
0.050004 1.300000 5.780665 
0.055004 1.300000 -1.824152 
0.060004 1.300000 3.879460 
0.065004 1.300000 1.978256 
0.070005 1.300000 1.978256 
0.075005 1.300000 -1.824152 
0.080005 1.300000 5.780665 
0.085005 1.300000 1.978256 
0.090006 1.300000 3.879460 
0.095019 1.300000 -1.824152 
0.100019 1.300000 7.681869 
0.105031 1.300000 5.780665 
0.110032 1.300000 -1.824152 
0.115032 1.300000 1.978256 
0.120032 1.300000 1.978256 
0.125041 1.300000 1.978256 
0.130041 1.300000 1.978256 
0.135041 1.300000 5.780665 
0.140041 1.300000 -1.824152 
0.145041 1.300000 5.780665 
0.150041 1.300000 1.978256 
0.155041 1.300000 -1.824152 
0.160041 1.300000 7.681869 
0.165041 1.300000 7.681869 
0.170041 1.300000 3.879460 
0.175042 1.300000 1.978256 
0.180042 1.300000 0.077052 
0.185042 1.300000 3.879460 
0.190042 1.300000 5.780665 
0.195042 1.300000 3.879460 
0.200042 1.300000 0.077052 
0.205042 1.300000 1.978256 
0.210043 1.300000 7.681869 
0.215043 1.300000 1.978256 
0.220043 1.300000 3.879460 
0.225043 1.300000 -1.824152 
0.230043 1.300000 1.978256 
0.235043 1.300000 1.978256 
0.240043 1.300000 0.077052 
0.245044 1.300000 1.978256 
0.250044 1.300000 3.879460 
0.255044 1.300000 -1.824152 
0.260044 1.300000 -1.824152 
0.265044 1.300000 7.681869 
0.270044 1.300000 1.978256 
0.275045 1.300000 1.978256 
0.280045 1.300000 3.879460 
0.285045 1.300000 -1.824152 
0.290045 1.300000 5.780665 
0.295045 1.300000 -1.824152 
0.300045 1.300000 3.879460 
0.305045 1.300000 1.978256 
0.310045 1.300000 -1.824152 
0.315046 1.300000 7.681869 
0.320046 1.300000 1.978256 
0.325046 1.300000 0.077052 
0.330046 1.300000 5.780665 
0.335046 1.300000 0.077052 
0.340046 1.300000 7.681869 
0.345046 1.300000 -1.824152 
0.350046 1.300000 7.681869 
0.355046 1.300000 1.978256 
0.360046 1.300000 1.978256 
0.365047 1.300000 1.978256 
0.370047 1.300000 -1.824152 
0.375047 1.300000 7.681869 
0.380047 1.300000 -1.824152 
0.385047 1.300000 1.978256 
0.390047 1.300000 7.681869 
0.395048 1.300000 -1.824152 
0.400048 1.300000 7.681869 
0.405048 1.300000 -3.725356 
0.410048 1.300000 5.780665 
0.415048 1.300000 1.978256 
0.420048 1.300000 -1.824152 
0.425048 1.300000 5.780665 
0.430048 1.300000 -1.824152 
0.435049 1.300000 -1.824152 
0.440049 1.300000 1.978256 
0.445049 1.300000 1.978256 
0.450049 1.300000 1.978256 
0.455049 1.300000 0.077052 
0.460049 1.300000 7.681869 
0.465049 1.300000 -1.824152 
0.470049 1.300000 1.978256 
0.475049 1.300000 1.978256 
0.480049 1.300000 -1.824152 
0.485050 1.300000 1.978256 
0.490050 1.300000 5.780665 
0.495050 1.300000 3.879460 
0.500050 1.300000 -1.824152 
0.505050 1.300000 5.780665 
0.510050 1.300000 7.681869 
0.515050 1.300000 1.978256 
0.520050 1.300000 1.978256 
0.525050 1.300000 1.978256 
0.530051 1.300000 3.879460 
0.535051 1.300000 1.978256 
0.540051 1.300000 -1.824152 
0.545051 1.300000 1.978256 
0.550051 1.300000 1.978256 
0.555058 1.300000 0.077052 
0.560058 1.300000 0.077052 
0.565058 1.300000 -1.824152 
0.570058 1.300000 5.780665 
0.575058 1.300000 7.681869 
0.580058 1.300000 -1.824152 
0.585058 1.300000 -1.824152 
0.590058 1.300000 7.681869 
0.595059 1.300000 -3.725356 
0.600059 1.300000 3.879460 
0.605059 1.300000 -1.824152 
0.610059 1.300000 7.681869 
0.615059 1.300000 7.681869 
0.620059 1.300000 1.978256 
0.625059 1.300000 5.780665 
0.630061 1.300000 1.978256 
0.635062 1.300000 -1.824152 
0.640062 1.300000 1.978256 
0.645062 1.300000 3.879460 
0.650065 1.300000 7.681869 
0.655065 1.300000 -1.824152 
0.660065 1.300000 1.978256 
0.665066 1.300000 5.780665 
0.670066 1.300000 1.978256 
0.675066 1.300000 3.879460 
0.680066 1.300000 7.681869 
0.685067 1.300000 -1.824152 
0.690067 1.300000 1.978256 
0.695067 1.300000 1.978256 
0.700067 1.300000 7.681869 
0.705068 1.300000 -1.824152 
0.710068 1.300000 -1.824152 
0.715068 1.300000 3.879460 
0.720068 1.300000 -1.824152 
0.725068 1.300000 3.879460 
0.730069 1.300000 -1.824152 
0.735069 1.300000 0.077052 
0.740069 1.300000 1.978256 
0.745069 1.300000 1.978256 
0.750069 1.300000 3.879460 
0.755069 1.300000 1.978256 
0.760070 1.300000 1.978256 
0.765070 1.300000 7.681869 
0.770070 1.300000 -1.824152 
0.775070 1.300000 0.077052 
0.780070 1.300000 7.681869 
0.785071 1.300000 -1.824152 
0.790071 1.300000 1.978256 
0.795071 1.300000 5.780665 
0.800071 1.300000 3.879460 
0.805071 1.300000 1.978256 
0.810072 1.300000 1.978256 
0.815072 1.300000 1.978256 
0.820072 1.300000 5.780665 
0.825072 1.300000 5.780665 
0.830072 1.300000 3.879460 
0.835072 1.300000 3.879460 
0.840072 1.300000 0.077052 
0.845072 1.300000 -3.725356 
0.850073 1.300000 7.681869 
0.855073 1.300000 -1.824152 
0.860073 1.300000 -1.824152 
0.865073 1.300000 0.077052 
0.870073 1.300000 0.077052 
0.875073 1.300000 -1.824152 
0.880073 1.300000 -1.824152 
0.885074 1.300000 -1.824152 
0.890074 1.300000 5.780665 
0.895074 1.300000 0.077052 
0.900074 1.300000 -1.824152 
0.905074 1.300000 1.978256 
0.910074 1.300000 -1.824152 
0.915074 1.300000 -1.824152 
0.920074 1.300000 1.978256 
0.925075 1.300000 1.978256 
0.930075 1.300000 3.879460 
0.935075 1.300000 7.681869 
0.940075 1.300000 -1.824152 
0.945075 1.300000 1.978256 
0.950075 1.300000 1.978256 
0.955075 1.300000 7.681869 
0.960075 1.300000 3.879460 
0.965075 1.300000 1.978256 
0.970075 1.300000 5.780665 
0.975076 1.300000 -1.824152 
0.980076 1.300000 3.879460 
0.985076 1.300000 1.978256 
0.990077 1.300000 1.978256 
0.995077 1.300000 1.978256 
