0.000001 2.800000 -3.056099 
0.005001 2.800000 -3.056099 
0.010001 2.800000 4.548718 
0.015001 2.800000 33.066780 
0.020001 2.800000 61.584842 
0.025001 2.800000 86.300496 
0.030001 2.800000 116.719763 
0.035001 2.800000 130.028192 
0.040002 2.800000 133.830600 
0.045002 2.800000 133.830600 
0.050002 2.800000 131.929396 
0.055002 2.800000 141.435417 
0.060002 2.800000 150.941438 
0.065003 2.800000 164.249867 
0.070003 2.800000 171.854683 
0.075003 2.800000 169.953479 
0.080004 2.800000 164.249867 
0.085004 2.800000 171.854683 
0.090004 2.800000 181.360704 
0.095004 2.800000 187.064316 
0.100004 2.800000 185.163112 
0.105005 2.800000 185.163112 
0.110005 2.800000 175.657091 
0.115005 2.800000 171.854683 
0.120005 2.800000 181.360704 
0.125005 2.800000 179.459500 
0.130005 2.800000 187.064316 
0.135005 2.800000 185.163112 
0.140006 2.800000 188.965521 
0.145006 2.800000 190.866725 
0.150006 2.800000 188.965521 
0.155006 2.800000 196.570337 
0.160006 2.800000 196.570337 
0.165006 2.800000 192.767929 
0.170007 2.800000 187.064316 
0.175007 2.800000 188.965521 
0.180007 2.800000 185.163112 
0.185007 2.800000 192.767929 
0.190007 2.800000 188.965521 
0.195007 2.800000 190.866725 
0.200007 2.800000 188.965521 
0.205007 2.800000 188.965521 
0.210007 2.800000 192.767929 
0.215021 2.800000 192.767929 
0.220021 2.800000 196.570337 
0.225022 2.800000 185.163112 
0.230022 2.800000 192.767929 
0.235022 2.800000 187.064316 
0.240022 2.800000 194.669133 
0.245037 2.800000 198.471541 
0.250038 2.800000 190.866725 
0.255038 2.800000 192.767929 
0.260038 2.800000 188.965521 
0.265038 2.800000 192.767929 
0.270038 2.800000 188.965521 
0.275039 2.800000 190.866725 
0.280039 2.800000 187.064316 
0.285040 2.800000 181.360704 
0.290040 2.800000 190.866725 
0.295040 2.800000 196.570337 
0.300040 2.800000 187.064316 
0.305040 2.800000 187.064316 
0.310040 2.800000 177.558296 
0.315041 2.800000 190.866725 
0.320041 2.800000 185.163112 
0.325041 2.800000 190.866725 
0.330041 2.800000 183.261908 
0.335041 2.800000 175.657091 
0.340042 2.800000 179.459500 
0.345042 2.800000 187.064316 
0.350042 2.800000 185.163112 
0.355042 2.800000 190.866725 
0.360042 2.800000 188.965521 
0.365043 2.800000 181.360704 
0.370043 2.800000 179.459500 
0.375043 2.800000 179.459500 
0.380043 2.800000 185.163112 
0.385043 2.800000 187.064316 
0.390044 2.800000 183.261908 
0.395044 2.800000 179.459500 
0.400044 2.800000 183.261908 
0.405044 2.800000 185.163112 
0.410044 2.800000 181.360704 
0.415044 2.800000 181.360704 
0.420044 2.800000 181.360704 
0.425044 2.800000 183.261908 
0.430044 2.800000 187.064316 
0.435045 2.800000 181.360704 
0.440058 2.800000 181.360704 
0.445058 2.800000 177.558296 
0.450058 2.800000 169.953479 
0.455058 2.800000 171.854683 
0.460058 2.800000 171.854683 
0.465058 2.800000 181.360704 
0.470059 2.800000 185.163112 
0.475059 2.800000 188.965521 
0.480068 2.800000 175.657091 
0.485068 2.800000 175.657091 
0.490068 2.800000 179.459500 
0.495069 2.800000 177.558296 
0.500069 2.800000 177.558296 
0.505069 2.800000 177.558296 
0.510069 2.800000 183.261908 
0.515070 2.800000 173.755887 
0.520070 2.800000 171.854683 
0.525070 2.800000 177.558296 
0.530070 2.800000 177.558296 
0.535070 2.800000 179.459500 
0.540070 2.800000 175.657091 
0.545070 2.800000 177.558296 
0.550070 2.800000 171.854683 
0.555071 2.800000 179.459500 
0.560071 2.800000 185.163112 
0.565071 2.800000 181.360704 
0.570071 2.800000 187.064316 
0.575071 2.800000 177.558296 
0.580077 2.800000 183.261908 
0.585077 2.800000 183.261908 
0.590077 2.800000 187.064316 
0.595078 2.800000 179.459500 
0.600078 2.800000 179.459500 
0.605078 2.800000 173.755887 
0.610078 2.800000 179.459500 
0.615078 2.800000 179.459500 
0.620078 2.800000 183.261908 
0.625078 2.800000 185.163112 
0.630078 2.800000 177.558296 
0.635078 2.800000 179.459500 
0.640079 2.800000 177.558296 
0.645079 2.800000 177.558296 
0.650079 2.800000 185.163112 
0.655079 2.800000 177.558296 
0.660079 2.800000 173.755887 
0.665079 2.800000 169.953479 
0.670079 2.800000 177.558296 
0.675079 2.800000 187.064316 
0.680079 2.800000 183.261908 
0.685080 2.800000 181.360704 
0.690080 2.800000 177.558296 
0.695080 2.800000 177.558296 
0.700080 2.800000 179.459500 
0.705080 2.800000 179.459500 
0.710081 2.800000 190.866725 
0.715081 2.800000 175.657091 
0.720081 2.800000 177.558296 
0.725081 2.800000 177.558296 
0.730081 2.800000 185.163112 
0.735081 2.800000 185.163112 
0.740081 2.800000 187.064316 
0.745082 2.800000 179.459500 
0.750082 2.800000 181.360704 
0.755082 2.800000 175.657091 
0.760082 2.800000 187.064316 
0.765082 2.800000 190.866725 
0.770083 2.800000 192.767929 
0.775083 2.800000 181.360704 
0.780083 2.800000 185.163112 
0.785083 2.800000 181.360704 
0.790083 2.800000 187.064316 
0.795083 2.800000 190.866725 
0.800083 2.800000 183.261908 
0.805084 2.800000 181.360704 
0.810084 2.800000 181.360704 
0.815084 2.800000 179.459500 
0.820084 2.800000 188.965521 
0.825085 2.800000 187.064316 
0.830085 2.800000 190.866725 
0.835085 2.800000 187.064316 
0.840085 2.800000 183.261908 
0.845085 2.800000 187.064316 
0.850085 2.800000 187.064316 
0.855085 2.800000 192.767929 
0.860086 2.800000 192.767929 
0.865086 2.800000 190.866725 
0.870086 2.800000 185.163112 
0.875086 2.800000 181.360704 
0.880086 2.800000 192.767929 
0.885087 2.800000 194.669133 
0.890087 2.800000 198.471541 
0.895088 2.800000 192.767929 
0.900088 2.800000 192.767929 
0.905088 2.800000 194.669133 
0.910088 2.800000 192.767929 
0.915088 2.800000 192.767929 
0.920089 2.800000 192.767929 
0.925089 2.800000 192.767929 
0.930089 2.800000 192.767929 
0.935089 2.800000 190.866725 
0.940089 2.800000 192.767929 
0.945092 2.800000 200.372745 
0.950092 2.800000 192.767929 
0.955092 2.800000 192.767929 
0.960093 2.800000 194.669133 
0.965093 2.800000 194.669133 
0.970093 2.800000 202.273950 
0.975094 2.800000 200.372745 
0.980094 2.800000 196.570337 
0.985094 2.800000 202.273950 
0.990094 2.800000 196.570337 
0.995094 2.800000 202.273950 
