0.000001 1.400000 -4.509641 
0.005001 1.400000 1.193971 
0.010001 1.400000 1.193971 
0.015001 1.400000 1.193971 
0.020001 1.400000 4.996379 
0.025002 1.400000 1.193971 
0.030002 1.400000 -0.707233 
0.035002 1.400000 3.095175 
0.040002 1.400000 10.699992 
0.045002 1.400000 6.897583 
0.050003 1.400000 12.601196 
0.055003 1.400000 16.403604 
0.060003 1.400000 12.601196 
0.065003 1.400000 14.502400 
0.070004 1.400000 16.403604 
0.075004 1.400000 10.699992 
0.080004 1.400000 18.304808 
0.085005 1.400000 18.304808 
0.090005 1.400000 14.502400 
0.095005 1.400000 24.008421 
0.100005 1.400000 18.304808 
0.105006 1.400000 14.502400 
0.110006 1.400000 20.206012 
0.115006 1.400000 24.008421 
0.120006 1.400000 22.107217 
0.125006 1.400000 24.008421 
0.130007 1.400000 22.107217 
0.135007 1.400000 25.909625 
0.140008 1.400000 22.107217 
0.145008 1.400000 24.008421 
0.150008 1.400000 24.008421 
0.155009 1.400000 20.206012 
0.160009 1.400000 27.810829 
0.165009 1.400000 20.206012 
0.170009 1.400000 16.403604 
0.175009 1.400000 20.206012 
0.180010 1.400000 20.206012 
0.185010 1.400000 16.403604 
0.190010 1.400000 24.008421 
0.195010 1.400000 27.810829 
0.200010 1.400000 20.206012 
0.205011 1.400000 20.206012 
0.210011 1.400000 24.008421 
0.215011 1.400000 20.206012 
0.220011 1.400000 25.909625 
0.225012 1.400000 25.909625 
0.230012 1.400000 24.008421 
0.235012 1.400000 24.008421 
0.240012 1.400000 25.909625 
0.245013 1.400000 24.008421 
0.250013 1.400000 18.304808 
0.255013 1.400000 24.008421 
0.260013 1.400000 25.909625 
0.265013 1.400000 27.810829 
0.270013 1.400000 24.008421 
0.275013 1.400000 25.909625 
0.280013 1.400000 25.909625 
0.285013 1.400000 22.107217 
0.290014 1.400000 24.008421 
0.295025 1.400000 27.810829 
0.300025 1.400000 24.008421 
0.305025 1.400000 24.008421 
0.310025 1.400000 25.909625 
0.315025 1.400000 20.206012 
0.320026 1.400000 24.008421 
0.325026 1.400000 24.008421 
0.330026 1.400000 22.107217 
0.335026 1.400000 25.909625 
0.340026 1.400000 14.502400 
0.345026 1.400000 24.008421 
0.350026 1.400000 20.206012 
0.355026 1.400000 25.909625 
0.360027 1.400000 16.403604 
0.365027 1.400000 24.008421 
0.370027 1.400000 24.008421 
0.375027 1.400000 24.008421 
0.380027 1.400000 18.304808 
0.385027 1.400000 25.909625 
0.390028 1.400000 25.909625 
0.395028 1.400000 18.304808 
0.400028 1.400000 25.909625 
0.405028 1.400000 27.810829 
0.410029 1.400000 24.008421 
0.415029 1.400000 22.107217 
0.420029 1.400000 24.008421 
0.425029 1.400000 22.107217 
0.430029 1.400000 27.810829 
0.435029 1.400000 18.304808 
0.440030 1.400000 20.206012 
0.445030 1.400000 18.304808 
0.450030 1.400000 25.909625 
0.455030 1.400000 24.008421 
0.460030 1.400000 20.206012 
0.465030 1.400000 18.304808 
0.470030 1.400000 16.403604 
0.475030 1.400000 25.909625 
0.480031 1.400000 22.107217 
0.485031 1.400000 22.107217 
0.490031 1.400000 18.304808 
0.495031 1.400000 12.601196 
0.500031 1.400000 18.304808 
0.505031 1.400000 14.502400 
0.510031 1.400000 18.304808 
0.515032 1.400000 18.304808 
0.520032 1.400000 16.403604 
0.525038 1.400000 14.502400 
0.530038 1.400000 16.403604 
0.535038 1.400000 12.601196 
0.540038 1.400000 18.304808 
0.545038 1.400000 22.107217 
0.550039 1.400000 18.304808 
0.555039 1.400000 18.304808 
0.560039 1.400000 18.304808 
0.565039 1.400000 22.107217 
0.570039 1.400000 22.107217 
0.575040 1.400000 20.206012 
0.580040 1.400000 20.206012 
0.585040 1.400000 18.304808 
0.590045 1.400000 24.008421 
0.595046 1.400000 20.206012 
0.600046 1.400000 20.206012 
0.605046 1.400000 18.304808 
0.610046 1.400000 22.107217 
0.615046 1.400000 14.502400 
0.620047 1.400000 16.403604 
0.625047 1.400000 22.107217 
0.630047 1.400000 18.304808 
0.635047 1.400000 20.206012 
0.640047 1.400000 20.206012 
0.645047 1.400000 20.206012 
0.650048 1.400000 18.304808 
0.655048 1.400000 20.206012 
0.660048 1.400000 22.107217 
0.665048 1.400000 18.304808 
0.670048 1.400000 22.107217 
0.675048 1.400000 14.502400 
0.680048 1.400000 22.107217 
0.685048 1.400000 25.909625 
0.690049 1.400000 10.699992 
0.695049 1.400000 16.403604 
0.700049 1.400000 18.304808 
0.705049 1.400000 22.107217 
0.710049 1.400000 14.502400 
0.715049 1.400000 16.403604 
0.720049 1.400000 16.403604 
0.725049 1.400000 12.601196 
0.730050 1.400000 18.304808 
0.735050 1.400000 22.107217 
0.740050 1.400000 12.601196 
0.745050 1.400000 12.601196 
0.750050 1.400000 14.502400 
0.755050 1.400000 22.107217 
0.760051 1.400000 22.107217 
0.765051 1.400000 12.601196 
0.770051 1.400000 16.403604 
0.775051 1.400000 14.502400 
0.780051 1.400000 18.304808 
0.785051 1.400000 16.403604 
0.790052 1.400000 22.107217 
0.795052 1.400000 18.304808 
0.800052 1.400000 16.403604 
0.805052 1.400000 20.206012 
0.810052 1.400000 14.502400 
0.815052 1.400000 20.206012 
0.820052 1.400000 16.403604 
0.825052 1.400000 12.601196 
0.830053 1.400000 16.403604 
0.835053 1.400000 14.502400 
0.840053 1.400000 22.107217 
0.845053 1.400000 10.699992 
0.850053 1.400000 16.403604 
0.855053 1.400000 20.206012 
0.860062 1.400000 12.601196 
0.865063 1.400000 16.403604 
0.870063 1.400000 18.304808 
0.875063 1.400000 16.403604 
0.880063 1.400000 14.502400 
0.885063 1.400000 10.699992 
0.890063 1.400000 20.206012 
0.895064 1.400000 14.502400 
0.900064 1.400000 10.699992 
0.905064 1.400000 14.502400 
0.910064 1.400000 14.502400 
0.915064 1.400000 12.601196 
0.920065 1.400000 14.502400 
0.925065 1.400000 10.699992 
0.930065 1.400000 14.502400 
0.935065 1.400000 10.699992 
0.940066 1.400000 10.699992 
0.945066 1.400000 12.601196 
0.950066 1.400000 12.601196 
0.955066 1.400000 10.699992 
0.960066 1.400000 14.502400 
0.965067 1.400000 20.206012 
0.970067 1.400000 20.206012 
0.975067 1.400000 12.601196 
0.980067 1.400000 14.502400 
0.985067 1.400000 12.601196 
0.990067 1.400000 10.699992 
0.995068 1.400000 16.403604 
