0.000001 1.900000 2.566015 
0.005001 1.900000 2.566015 
0.010001 1.900000 10.170832 
0.015001 1.900000 29.182873 
0.020001 1.900000 44.392507 
0.025001 1.900000 55.799732 
0.030001 1.900000 55.799732 
0.035001 1.900000 51.997323 
0.040002 1.900000 55.799732 
0.045002 1.900000 57.700936 
0.050002 1.900000 67.206956 
0.055002 1.900000 74.811773 
0.060002 1.900000 78.614181 
0.065014 1.900000 74.811773 
0.070015 1.900000 72.910569 
0.075015 1.900000 80.515386 
0.080015 1.900000 86.218998 
0.085015 1.900000 88.120202 
0.090015 1.900000 90.021406 
0.095015 1.900000 91.922610 
0.100015 1.900000 84.317794 
0.105016 1.900000 88.120202 
0.110016 1.900000 95.725019 
0.115016 1.900000 99.527427 
0.120016 1.900000 97.626223 
0.125016 1.900000 101.428631 
0.130017 1.900000 103.329835 
0.135017 1.900000 101.428631 
0.140017 1.900000 109.033448 
0.145017 1.900000 101.428631 
0.150017 1.900000 103.329835 
0.155017 1.900000 101.428631 
0.160018 1.900000 105.231040 
0.165018 1.900000 101.428631 
0.170019 1.900000 109.033448 
0.175019 1.900000 105.231040 
0.180020 1.900000 105.231040 
0.185020 1.900000 105.231040 
0.190020 1.900000 101.428631 
0.195021 1.900000 110.934652 
0.200021 1.900000 107.132244 
0.205021 1.900000 116.638264 
0.210022 1.900000 112.835856 
0.215022 1.900000 114.737060 
0.220022 1.900000 116.638264 
0.225022 1.900000 116.638264 
0.230023 1.900000 116.638264 
0.235023 1.900000 116.638264 
0.240023 1.900000 107.132244 
0.245023 1.900000 110.934652 
0.250026 1.900000 107.132244 
0.255026 1.900000 109.033448 
0.260027 1.900000 116.638264 
0.265027 1.900000 109.033448 
0.270028 1.900000 109.033448 
0.275028 1.900000 110.934652 
0.280028 1.900000 112.835856 
0.285029 1.900000 110.934652 
0.290029 1.900000 107.132244 
0.295030 1.900000 112.835856 
0.300030 1.900000 116.638264 
0.305031 1.900000 114.737060 
0.310031 1.900000 110.934652 
0.315031 1.900000 112.835856 
0.320032 1.900000 109.033448 
0.325032 1.900000 110.934652 
0.330033 1.900000 105.231040 
0.335034 1.900000 109.033448 
0.340034 1.900000 107.132244 
0.345034 1.900000 107.132244 
0.350035 1.900000 103.329835 
0.355035 1.900000 105.231040 
0.360036 1.900000 105.231040 
0.365036 1.900000 110.934652 
0.370036 1.900000 107.132244 
0.375037 1.900000 105.231040 
0.380037 1.900000 105.231040 
0.385038 1.900000 103.329835 
0.390038 1.900000 107.132244 
0.395038 1.900000 101.428631 
0.400038 1.900000 103.329835 
0.405039 1.900000 105.231040 
0.410039 1.900000 107.132244 
0.415040 1.900000 103.329835 
0.420040 1.900000 107.132244 
0.425040 1.900000 105.231040 
0.430041 1.900000 109.033448 
0.435041 1.900000 105.231040 
0.440042 1.900000 105.231040 
0.445042 1.900000 101.428631 
0.450042 1.900000 109.033448 
0.455042 1.900000 101.428631 
0.460043 1.900000 107.132244 
0.465043 1.900000 107.132244 
0.470043 1.900000 103.329835 
0.475043 1.900000 107.132244 
0.480043 1.900000 103.329835 
0.485043 1.900000 99.527427 
0.490044 1.900000 99.527427 
0.495044 1.900000 105.231040 
0.500045 1.900000 101.428631 
0.505045 1.900000 95.725019 
0.510046 1.900000 105.231040 
0.515046 1.900000 91.922610 
0.520047 1.900000 97.626223 
0.525047 1.900000 97.626223 
0.530048 1.900000 101.428631 
0.535048 1.900000 99.527427 
0.540049 1.900000 99.527427 
0.545049 1.900000 97.626223 
0.550049 1.900000 97.626223 
0.555050 1.900000 99.527427 
0.560050 1.900000 99.527427 
0.565051 1.900000 95.725019 
0.570051 1.900000 95.725019 
0.575051 1.900000 97.626223 
0.580051 1.900000 95.725019 
0.585051 1.900000 93.823815 
0.590052 1.900000 101.428631 
0.595052 1.900000 97.626223 
0.600053 1.900000 99.527427 
0.605053 1.900000 95.725019 
0.610053 1.900000 95.725019 
0.615053 1.900000 95.725019 
0.620066 1.900000 90.021406 
0.625066 1.900000 90.021406 
0.630066 1.900000 97.626223 
0.635066 1.900000 88.120202 
0.640067 1.900000 88.120202 
0.645083 1.900000 91.922610 
0.650083 1.900000 93.823815 
0.655084 1.900000 91.922610 
0.660085 1.900000 95.725019 
0.665085 1.900000 93.823815 
0.670086 1.900000 97.626223 
0.675086 1.900000 90.021406 
0.680086 1.900000 91.922610 
0.685087 1.900000 93.823815 
0.690087 1.900000 91.922610 
0.695087 1.900000 95.725019 
0.700087 1.900000 88.120202 
0.705088 1.900000 86.218998 
0.710088 1.900000 88.120202 
0.715088 1.900000 91.922610 
0.720089 1.900000 93.823815 
0.725089 1.900000 93.823815 
0.730090 1.900000 90.021406 
0.735090 1.900000 90.021406 
0.740090 1.900000 93.823815 
0.745091 1.900000 86.218998 
0.750091 1.900000 91.922610 
0.755092 1.900000 88.120202 
0.760092 1.900000 90.021406 
0.765092 1.900000 86.218998 
0.770093 1.900000 90.021406 
0.775093 1.900000 86.218998 
0.780093 1.900000 90.021406 
0.785094 1.900000 90.021406 
0.790094 1.900000 95.725019 
0.795094 1.900000 90.021406 
0.800095 1.900000 84.317794 
0.805095 1.900000 82.416590 
0.810095 1.900000 90.021406 
0.815095 1.900000 86.218998 
0.820095 1.900000 86.218998 
0.825097 1.900000 88.120202 
0.830097 1.900000 91.922610 
0.835097 1.900000 88.120202 
0.840097 1.900000 86.218998 
0.845097 1.900000 88.120202 
0.850098 1.900000 86.218998 
0.855098 1.900000 86.218998 
0.860099 1.900000 82.416590 
0.865099 1.900000 86.218998 
0.870099 1.900000 90.021406 
0.875099 1.900000 82.416590 
0.880099 1.900000 88.120202 
0.885100 1.900000 86.218998 
0.890100 1.900000 90.021406 
0.895101 1.900000 86.218998 
0.900101 1.900000 86.218998 
0.905101 1.900000 80.515386 
0.910101 1.900000 82.416590 
0.915102 1.900000 88.120202 
0.920102 1.900000 82.416590 
0.925102 1.900000 84.317794 
0.930102 1.900000 86.218998 
0.935103 1.900000 82.416590 
0.940103 1.900000 86.218998 
0.945103 1.900000 82.416590 
0.950104 1.900000 90.021406 
0.955104 1.900000 82.416590 
0.960105 1.900000 80.515386 
0.965105 1.900000 84.317794 
0.970105 1.900000 82.416590 
0.975105 1.900000 84.317794 
0.980106 1.900000 86.218998 
0.985106 1.900000 88.120202 
0.990106 1.900000 86.218998 
0.995106 1.900000 78.614181 
