0.000001 2.600000 -5.665318 
0.005001 2.600000 -1.862909 
0.010001 2.600000 0.038295 
0.015001 2.600000 11.445520 
0.020001 2.600000 47.568399 
0.025002 2.600000 68.481644 
0.030002 2.600000 104.604523 
0.035002 2.600000 112.209340 
0.040002 2.600000 112.209340 
0.045002 2.600000 114.110544 
0.050002 2.600000 117.912952 
0.055003 2.600000 121.715361 
0.060003 2.600000 131.221381 
0.065003 2.600000 138.826198 
0.070003 2.600000 150.233423 
0.075003 2.600000 142.628606 
0.080003 2.600000 148.332219 
0.085004 2.600000 148.332219 
0.090004 2.600000 152.134627 
0.095004 2.600000 161.640648 
0.100004 2.600000 165.443056 
0.105005 2.600000 159.739444 
0.110005 2.600000 167.344260 
0.115005 2.600000 165.443056 
0.120005 2.600000 163.541852 
0.125008 2.600000 167.344260 
0.130008 2.600000 165.443056 
0.135008 2.600000 171.146668 
0.140008 2.600000 174.949077 
0.145009 2.600000 167.344260 
0.150009 2.600000 169.245464 
0.155009 2.600000 174.949077 
0.160009 2.600000 174.949077 
0.165009 2.600000 178.751485 
0.170010 2.600000 173.047873 
0.175010 2.600000 176.850281 
0.180010 2.600000 169.245464 
0.185010 2.600000 174.949077 
0.190010 2.600000 174.949077 
0.195011 2.600000 182.553893 
0.200011 2.600000 173.047873 
0.205011 2.600000 174.949077 
0.210011 2.600000 165.443056 
0.215011 2.600000 167.344260 
0.220012 2.600000 169.245464 
0.225012 2.600000 178.751485 
0.230012 2.600000 169.245464 
0.235012 2.600000 173.047873 
0.240012 2.600000 165.443056 
0.245012 2.600000 174.949077 
0.250012 2.600000 171.146668 
0.255013 2.600000 171.146668 
0.260013 2.600000 176.850281 
0.265013 2.600000 173.047873 
0.270013 2.600000 176.850281 
0.275013 2.600000 173.047873 
0.280028 2.600000 167.344260 
0.285028 2.600000 171.146668 
0.290029 2.600000 173.047873 
0.295029 2.600000 167.344260 
0.300029 2.600000 167.344260 
0.305029 2.600000 169.245464 
0.310029 2.600000 173.047873 
0.315029 2.600000 173.047873 
0.320029 2.600000 171.146668 
0.325029 2.600000 167.344260 
0.330030 2.600000 171.146668 
0.335030 2.600000 167.344260 
0.340030 2.600000 174.949077 
0.345030 2.600000 171.146668 
0.350030 2.600000 167.344260 
0.355030 2.600000 167.344260 
0.360030 2.600000 163.541852 
0.365031 2.600000 165.443056 
0.370031 2.600000 167.344260 
0.375033 2.600000 165.443056 
0.380033 2.600000 165.443056 
0.385033 2.600000 167.344260 
0.390034 2.600000 159.739444 
0.395034 2.600000 163.541852 
0.400034 2.600000 157.838239 
0.405034 2.600000 159.739444 
0.410034 2.600000 167.344260 
0.415035 2.600000 171.146668 
0.420035 2.600000 169.245464 
0.425035 2.600000 167.344260 
0.430035 2.600000 163.541852 
0.435035 2.600000 163.541852 
0.440035 2.600000 161.640648 
0.445036 2.600000 167.344260 
0.450036 2.600000 167.344260 
0.455036 2.600000 167.344260 
0.460036 2.600000 161.640648 
0.465036 2.600000 161.640648 
0.470037 2.600000 159.739444 
0.475037 2.600000 165.443056 
0.480037 2.600000 163.541852 
0.485037 2.600000 161.640648 
0.490037 2.600000 155.937035 
0.495037 2.600000 157.838239 
0.500038 2.600000 161.640648 
0.505038 2.600000 157.838239 
0.510038 2.600000 154.035831 
0.515038 2.600000 154.035831 
0.520038 2.600000 155.937035 
0.525038 2.600000 157.838239 
0.530039 2.600000 157.838239 
0.535039 2.600000 159.739444 
0.540039 2.600000 163.541852 
0.545039 2.600000 155.937035 
0.550039 2.600000 157.838239 
0.555040 2.600000 152.134627 
0.560040 2.600000 159.739444 
0.565040 2.600000 159.739444 
0.570040 2.600000 157.838239 
0.575040 2.600000 165.443056 
0.580040 2.600000 165.443056 
0.585040 2.600000 152.134627 
0.590040 2.600000 155.937035 
0.595041 2.600000 159.739444 
0.600041 2.600000 161.640648 
0.605041 2.600000 161.640648 
0.610042 2.600000 157.838239 
0.615042 2.600000 159.739444 
0.620042 2.600000 155.937035 
0.625042 2.600000 159.739444 
0.630042 2.600000 159.739444 
0.635042 2.600000 155.937035 
0.640043 2.600000 157.838239 
0.645043 2.600000 159.739444 
0.650043 2.600000 157.838239 
0.655043 2.600000 163.541852 
0.660043 2.600000 163.541852 
0.665043 2.600000 165.443056 
0.670044 2.600000 159.739444 
0.675044 2.600000 161.640648 
0.680044 2.600000 157.838239 
0.685044 2.600000 159.739444 
0.690045 2.600000 159.739444 
0.695045 2.600000 157.838239 
0.700045 2.600000 154.035831 
0.705045 2.600000 159.739444 
0.710045 2.600000 171.146668 
0.715046 2.600000 163.541852 
0.720046 2.600000 155.937035 
0.725046 2.600000 150.233423 
0.730046 2.600000 161.640648 
0.735046 2.600000 159.739444 
0.740046 2.600000 165.443056 
0.745047 2.600000 159.739444 
0.750047 2.600000 154.035831 
0.755047 2.600000 154.035831 
0.760047 2.600000 163.541852 
0.765047 2.600000 163.541852 
0.770047 2.600000 165.443056 
0.775047 2.600000 159.739444 
0.780048 2.600000 159.739444 
0.785048 2.600000 155.937035 
0.790048 2.600000 161.640648 
0.795048 2.600000 163.541852 
0.800048 2.600000 159.739444 
0.805048 2.600000 161.640648 
0.810049 2.600000 167.344260 
0.815049 2.600000 161.640648 
0.820049 2.600000 169.245464 
0.825049 2.600000 167.344260 
0.830049 2.600000 171.146668 
0.835049 2.600000 165.443056 
0.840050 2.600000 165.443056 
0.845050 2.600000 155.937035 
0.850050 2.600000 163.541852 
0.855050 2.600000 165.443056 
0.860050 2.600000 167.344260 
0.865051 2.600000 165.443056 
0.870051 2.600000 161.640648 
0.875051 2.600000 163.541852 
0.880051 2.600000 159.739444 
0.885051 2.600000 159.739444 
0.890051 2.600000 171.146668 
0.895052 2.600000 173.047873 
0.900052 2.600000 163.541852 
0.905052 2.600000 165.443056 
0.910052 2.600000 171.146668 
0.915052 2.600000 169.245464 
0.920053 2.600000 169.245464 
0.925053 2.600000 174.949077 
0.930053 2.600000 176.850281 
0.935053 2.600000 173.047873 
0.940054 2.600000 169.245464 
0.945054 2.600000 161.640648 
0.950054 2.600000 169.245464 
0.955054 2.600000 173.047873 
0.960054 2.600000 174.949077 
0.965054 2.600000 171.146668 
0.970055 2.600000 176.850281 
0.975055 2.600000 171.146668 
0.980055 2.600000 174.949077 
0.985055 2.600000 180.652689 
0.990055 2.600000 180.652689 
0.995055 2.600000 178.751485 
