0.000001 3.100000 0.348664 
0.005001 3.100000 -1.552541 
0.010001 3.100000 17.459501 
0.015001 3.100000 32.669134 
0.020002 3.100000 53.582380 
0.025002 3.100000 85.902850 
0.030002 3.100000 112.519708 
0.035002 3.100000 135.334158 
0.040003 3.100000 146.741383 
0.045003 3.100000 156.247404 
0.050003 3.100000 152.444996 
0.055003 3.100000 161.951016 
0.060003 3.100000 165.753425 
0.065004 3.100000 175.259445 
0.070004 3.100000 186.666670 
0.075004 3.100000 184.765466 
0.080004 3.100000 190.469079 
0.085004 3.100000 188.567875 
0.090005 3.100000 194.271487 
0.095005 3.100000 198.073895 
0.100014 3.100000 203.777508 
0.105015 3.100000 199.975099 
0.110015 3.100000 198.073895 
0.115015 3.100000 199.975099 
0.120015 3.100000 194.271487 
0.125015 3.100000 201.876304 
0.130015 3.100000 198.073895 
0.135015 3.100000 209.481120 
0.140015 3.100000 201.876304 
0.145016 3.100000 207.579916 
0.150016 3.100000 199.975099 
0.155016 3.100000 205.678712 
0.160016 3.100000 198.073895 
0.165016 3.100000 205.678712 
0.170016 3.100000 209.481120 
0.175016 3.100000 209.481120 
0.180016 3.100000 207.579916 
0.185016 3.100000 203.777508 
0.190017 3.100000 207.579916 
0.195017 3.100000 213.283528 
0.200017 3.100000 207.579916 
0.205017 3.100000 203.777508 
0.210017 3.100000 203.777508 
0.215017 3.100000 198.073895 
0.220017 3.100000 205.678712 
0.225018 3.100000 207.579916 
0.230018 3.100000 209.481120 
0.235018 3.100000 207.579916 
0.240018 3.100000 196.172691 
0.245019 3.100000 201.876304 
0.250019 3.100000 205.678712 
0.255019 3.100000 201.876304 
0.260019 3.100000 201.876304 
0.265019 3.100000 205.678712 
0.270020 3.100000 199.975099 
0.275020 3.100000 203.777508 
0.280020 3.100000 203.777508 
0.285020 3.100000 201.876304 
0.290020 3.100000 199.975099 
0.295020 3.100000 199.975099 
0.300021 3.100000 205.678712 
0.305021 3.100000 205.678712 
0.310021 3.100000 199.975099 
0.315021 3.100000 196.172691 
0.320021 3.100000 203.777508 
0.325021 3.100000 201.876304 
0.330021 3.100000 207.579916 
0.335021 3.100000 203.777508 
0.340022 3.100000 198.073895 
0.345022 3.100000 196.172691 
0.350022 3.100000 196.172691 
0.355022 3.100000 203.777508 
0.360022 3.100000 196.172691 
0.365022 3.100000 205.678712 
0.370022 3.100000 190.469079 
0.375022 3.100000 194.271487 
0.380023 3.100000 199.975099 
0.385023 3.100000 194.271487 
0.390023 3.100000 199.975099 
0.395023 3.100000 199.975099 
0.400023 3.100000 192.370283 
0.405023 3.100000 198.073895 
0.410023 3.100000 192.370283 
0.415023 3.100000 190.469079 
0.420023 3.100000 198.073895 
0.425024 3.100000 190.469079 
0.430024 3.100000 198.073895 
0.435024 3.100000 188.567875 
0.440024 3.100000 196.172691 
0.445024 3.100000 192.370283 
0.450024 3.100000 196.172691 
0.455024 3.100000 196.172691 
0.460024 3.100000 194.271487 
0.465025 3.100000 199.975099 
0.470025 3.100000 196.172691 
0.475025 3.100000 192.370283 
0.480025 3.100000 188.567875 
0.485025 3.100000 186.666670 
0.490025 3.100000 196.172691 
0.495026 3.100000 196.172691 
0.500026 3.100000 198.073895 
0.505026 3.100000 196.172691 
0.510026 3.100000 196.172691 
0.515026 3.100000 198.073895 
0.520027 3.100000 196.172691 
0.525034 3.100000 194.271487 
0.530034 3.100000 196.172691 
0.535034 3.100000 199.975099 
0.540034 3.100000 190.469079 
0.545034 3.100000 196.172691 
0.550035 3.100000 196.172691 
0.555035 3.100000 192.370283 
0.560035 3.100000 192.370283 
0.565035 3.100000 196.172691 
0.570035 3.100000 199.975099 
0.575036 3.100000 196.172691 
0.580036 3.100000 188.567875 
0.585036 3.100000 192.370283 
0.590036 3.100000 182.864262 
0.595036 3.100000 199.975099 
0.600037 3.100000 199.975099 
0.605037 3.100000 201.876304 
0.610037 3.100000 194.271487 
0.615037 3.100000 188.567875 
0.620037 3.100000 194.271487 
0.625038 3.100000 196.172691 
0.630038 3.100000 199.975099 
0.635038 3.100000 198.073895 
0.640038 3.100000 192.370283 
0.645038 3.100000 201.876304 
0.650038 3.100000 190.469079 
0.655039 3.100000 203.777508 
0.660039 3.100000 194.271487 
0.665039 3.100000 201.876304 
0.670039 3.100000 188.567875 
0.675039 3.100000 196.172691 
0.680039 3.100000 203.777508 
0.685039 3.100000 205.678712 
0.690040 3.100000 196.172691 
0.695040 3.100000 190.469079 
0.700040 3.100000 199.975099 
0.705040 3.100000 199.975099 
0.710040 3.100000 209.481120 
0.715040 3.100000 192.370283 
0.720041 3.100000 201.876304 
0.725041 3.100000 194.271487 
0.730041 3.100000 205.678712 
0.735041 3.100000 203.777508 
0.740041 3.100000 205.678712 
0.745041 3.100000 199.975099 
0.750041 3.100000 192.370283 
0.755041 3.100000 199.975099 
0.760042 3.100000 205.678712 
0.765042 3.100000 207.579916 
0.770042 3.100000 205.678712 
0.775042 3.100000 192.370283 
0.780042 3.100000 199.975099 
0.785048 3.100000 203.777508 
0.790048 3.100000 203.777508 
0.795048 3.100000 205.678712 
0.800049 3.100000 207.579916 
0.805049 3.100000 198.073895 
0.810049 3.100000 205.678712 
0.815049 3.100000 207.579916 
0.820050 3.100000 205.678712 
0.825050 3.100000 209.481120 
0.830050 3.100000 199.975099 
0.835050 3.100000 209.481120 
0.840050 3.100000 207.579916 
0.845050 3.100000 211.382324 
0.850050 3.100000 205.678712 
0.855053 3.100000 203.777508 
0.860053 3.100000 211.382324 
0.865053 3.100000 203.777508 
0.870053 3.100000 217.085937 
0.875053 3.100000 205.678712 
0.880053 3.100000 211.382324 
0.885053 3.100000 207.579916 
0.890054 3.100000 211.382324 
0.895054 3.100000 213.283528 
0.900054 3.100000 215.184733 
0.905055 3.100000 215.184733 
0.910055 3.100000 205.678712 
0.915055 3.100000 213.283528 
0.920055 3.100000 213.283528 
0.925055 3.100000 215.184733 
0.930055 3.100000 217.085937 
0.935055 3.100000 218.987141 
0.940055 3.100000 213.283528 
0.945056 3.100000 215.184733 
0.950056 3.100000 213.283528 
0.955056 3.100000 218.987141 
0.960056 3.100000 215.184733 
0.965056 3.100000 215.184733 
0.970056 3.100000 213.283528 
0.975057 3.100000 218.987141 
0.980057 3.100000 211.382324 
0.985057 3.100000 218.987141 
0.990057 3.100000 222.789549 
0.995057 3.100000 222.789549 
