0.000000 3.200000 4.910316 
0.005001 3.200000 -0.793297 
0.010001 3.200000 8.712724 
0.015001 3.200000 41.033195 
0.020001 3.200000 52.440419 
0.025001 3.200000 82.859686 
0.030001 3.200000 111.377748 
0.035002 3.200000 136.093402 
0.040002 3.200000 160.809056 
0.045002 3.200000 170.315077 
0.050002 3.200000 172.216281 
0.055002 3.200000 174.117485 
0.060002 3.200000 174.117485 
0.065003 3.200000 183.623506 
0.070003 3.200000 193.129527 
0.075003 3.200000 195.030731 
0.080003 3.200000 200.734343 
0.085004 3.200000 200.734343 
0.090004 3.200000 206.437956 
0.095004 3.200000 202.635547 
0.100004 3.200000 206.437956 
0.105008 3.200000 210.240364 
0.110008 3.200000 210.240364 
0.115008 3.200000 214.042772 
0.120008 3.200000 206.437956 
0.125008 3.200000 210.240364 
0.130009 3.200000 208.339160 
0.135009 3.200000 212.141568 
0.140009 3.200000 215.943977 
0.145009 3.200000 206.437956 
0.150009 3.200000 212.141568 
0.155009 3.200000 208.339160 
0.160009 3.200000 210.240364 
0.165010 3.200000 210.240364 
0.170010 3.200000 217.845181 
0.175010 3.200000 215.943977 
0.180010 3.200000 215.943977 
0.185010 3.200000 210.240364 
0.190011 3.200000 217.845181 
0.195011 3.200000 208.339160 
0.200011 3.200000 215.943977 
0.205011 3.200000 208.339160 
0.210011 3.200000 208.339160 
0.215012 3.200000 215.943977 
0.220012 3.200000 219.746385 
0.225012 3.200000 210.240364 
0.230013 3.200000 210.240364 
0.235013 3.200000 208.339160 
0.240013 3.200000 208.339160 
0.245013 3.200000 214.042772 
0.250014 3.200000 210.240364 
0.255014 3.200000 215.943977 
0.260014 3.200000 208.339160 
0.265014 3.200000 204.536752 
0.270014 3.200000 208.339160 
0.275014 3.200000 208.339160 
0.280014 3.200000 210.240364 
0.285014 3.200000 204.536752 
0.290015 3.200000 214.042772 
0.295015 3.200000 210.240364 
0.300015 3.200000 212.141568 
0.305015 3.200000 206.437956 
0.310015 3.200000 206.437956 
0.315015 3.200000 206.437956 
0.320015 3.200000 210.240364 
0.325016 3.200000 210.240364 
0.330016 3.200000 206.437956 
0.335016 3.200000 200.734343 
0.340016 3.200000 208.339160 
0.345016 3.200000 200.734343 
0.350016 3.200000 206.437956 
0.355016 3.200000 208.339160 
0.360016 3.200000 196.931935 
0.365016 3.200000 204.536752 
0.370017 3.200000 206.437956 
0.375017 3.200000 202.635547 
0.380017 3.200000 210.240364 
0.385017 3.200000 202.635547 
0.390017 3.200000 210.240364 
0.395017 3.200000 200.734343 
0.400018 3.200000 206.437956 
0.405018 3.200000 198.833139 
0.410018 3.200000 202.635547 
0.415018 3.200000 200.734343 
0.420018 3.200000 204.536752 
0.425018 3.200000 204.536752 
0.430018 3.200000 206.437956 
0.435019 3.200000 196.931935 
0.440019 3.200000 200.734343 
0.445019 3.200000 195.030731 
0.450019 3.200000 208.339160 
0.455019 3.200000 200.734343 
0.460019 3.200000 204.536752 
0.465019 3.200000 204.536752 
0.470032 3.200000 198.833139 
0.475032 3.200000 195.030731 
0.480033 3.200000 210.240364 
0.485033 3.200000 204.536752 
0.490033 3.200000 208.339160 
0.495033 3.200000 198.833139 
0.500033 3.200000 200.734343 
0.505034 3.200000 196.931935 
0.510034 3.200000 208.339160 
0.515035 3.200000 198.833139 
0.520035 3.200000 202.635547 
0.525035 3.200000 204.536752 
0.530035 3.200000 206.437956 
0.535035 3.200000 202.635547 
0.540035 3.200000 204.536752 
0.545035 3.200000 196.931935 
0.550036 3.200000 206.437956 
0.555036 3.200000 198.833139 
0.560036 3.200000 210.240364 
0.565036 3.200000 204.536752 
0.570036 3.200000 200.734343 
0.575036 3.200000 196.931935 
0.580036 3.200000 196.931935 
0.585037 3.200000 210.240364 
0.590037 3.200000 200.734343 
0.595037 3.200000 206.437956 
0.600037 3.200000 198.833139 
0.605037 3.200000 202.635547 
0.610037 3.200000 208.339160 
0.615037 3.200000 202.635547 
0.620037 3.200000 206.437956 
0.625038 3.200000 206.437956 
0.630038 3.200000 202.635547 
0.635038 3.200000 206.437956 
0.640052 3.200000 208.339160 
0.645052 3.200000 206.437956 
0.650052 3.200000 206.437956 
0.655052 3.200000 200.734343 
0.660053 3.200000 202.635547 
0.665053 3.200000 212.141568 
0.670053 3.200000 210.240364 
0.675053 3.200000 214.042772 
0.680053 3.200000 200.734343 
0.685054 3.200000 210.240364 
0.690054 3.200000 206.437956 
0.695054 3.200000 210.240364 
0.700054 3.200000 206.437956 
0.705054 3.200000 202.635547 
0.710054 3.200000 212.141568 
0.715055 3.200000 208.339160 
0.720055 3.200000 210.240364 
0.725055 3.200000 202.635547 
0.730055 3.200000 204.536752 
0.735055 3.200000 206.437956 
0.740055 3.200000 214.042772 
0.745065 3.200000 217.845181 
0.750066 3.200000 210.240364 
0.755066 3.200000 204.536752 
0.760071 3.200000 206.437956 
0.765071 3.200000 212.141568 
0.770071 3.200000 210.240364 
0.775071 3.200000 210.240364 
0.780071 3.200000 204.536752 
0.785071 3.200000 208.339160 
0.790071 3.200000 210.240364 
0.795071 3.200000 210.240364 
0.800072 3.200000 215.943977 
0.805072 3.200000 215.943977 
0.810072 3.200000 208.339160 
0.815072 3.200000 214.042772 
0.820072 3.200000 215.943977 
0.825072 3.200000 210.240364 
0.830072 3.200000 214.042772 
0.835072 3.200000 214.042772 
0.840072 3.200000 208.339160 
0.845072 3.200000 223.548793 
0.850073 3.200000 217.845181 
0.855073 3.200000 214.042772 
0.860073 3.200000 217.845181 
0.865073 3.200000 215.943977 
0.870073 3.200000 223.548793 
0.875073 3.200000 217.845181 
0.880073 3.200000 215.943977 
0.885074 3.200000 214.042772 
0.890074 3.200000 219.746385 
0.895074 3.200000 219.746385 
0.900083 3.200000 221.647589 
0.905083 3.200000 221.647589 
0.910084 3.200000 221.647589 
0.915084 3.200000 219.746385 
0.920084 3.200000 221.647589 
0.925084 3.200000 225.449997 
0.930084 3.200000 223.548793 
0.935084 3.200000 219.746385 
0.940099 3.200000 227.351201 
0.945102 3.200000 223.548793 
0.950103 3.200000 223.548793 
0.955103 3.200000 223.548793 
0.960103 3.200000 223.548793 
0.965103 3.200000 225.449997 
0.970103 3.200000 225.449997 
0.975103 3.200000 225.449997 
0.980103 3.200000 225.449997 
0.985103 3.200000 225.449997 
0.990103 3.200000 225.449997 
0.995103 3.200000 229.252406 
