0.000001 2.100000 -2.609446 
0.005001 2.100000 1.192963 
0.010001 2.100000 12.600188 
0.015001 2.100000 37.315842 
0.020001 2.100000 52.525475 
0.025001 2.100000 63.932700 
0.030001 2.100000 67.735108 
0.035001 2.100000 69.636312 
0.040002 2.100000 77.241129 
0.045002 2.100000 82.944741 
0.050002 2.100000 82.944741 
0.055003 2.100000 90.549558 
0.060003 2.100000 88.648354 
0.065003 2.100000 86.747150 
0.070003 2.100000 92.450762 
0.075003 2.100000 103.857987 
0.080003 2.100000 109.561599 
0.085003 2.100000 111.462804 
0.090004 2.100000 109.561599 
0.095004 2.100000 109.561599 
0.100004 2.100000 115.265212 
0.105005 2.100000 115.265212 
0.110005 2.100000 117.166416 
0.115005 2.100000 119.067620 
0.120005 2.100000 120.968824 
0.125005 2.100000 117.166416 
0.130006 2.100000 117.166416 
0.135011 2.100000 124.771233 
0.140011 2.100000 124.771233 
0.145011 2.100000 126.672437 
0.150011 2.100000 120.968824 
0.155012 2.100000 128.573641 
0.160012 2.100000 120.968824 
0.165012 2.100000 130.474845 
0.170013 2.100000 126.672437 
0.175013 2.100000 130.474845 
0.180013 2.100000 136.178458 
0.185013 2.100000 136.178458 
0.190013 2.100000 138.079662 
0.195014 2.100000 130.474845 
0.200014 2.100000 128.573641 
0.205014 2.100000 132.376049 
0.210014 2.100000 130.474845 
0.215014 2.100000 126.672437 
0.220014 2.100000 130.474845 
0.225014 2.100000 134.277253 
0.230015 2.100000 132.376049 
0.235015 2.100000 130.474845 
0.240015 2.100000 136.178458 
0.245015 2.100000 136.178458 
0.250015 2.100000 134.277253 
0.255015 2.100000 132.376049 
0.260015 2.100000 124.771233 
0.265015 2.100000 122.870028 
0.270016 2.100000 124.771233 
0.275016 2.100000 132.376049 
0.280016 2.100000 132.376049 
0.285016 2.100000 136.178458 
0.290016 2.100000 130.474845 
0.295016 2.100000 132.376049 
0.300016 2.100000 132.376049 
0.305017 2.100000 128.573641 
0.310017 2.100000 128.573641 
0.315017 2.100000 126.672437 
0.320017 2.100000 119.067620 
0.325017 2.100000 130.474845 
0.330017 2.100000 122.870028 
0.335018 2.100000 128.573641 
0.340018 2.100000 130.474845 
0.345018 2.100000 124.771233 
0.350018 2.100000 126.672437 
0.355018 2.100000 124.771233 
0.360019 2.100000 122.870028 
0.365019 2.100000 132.376049 
0.370019 2.100000 128.573641 
0.375019 2.100000 126.672437 
0.380019 2.100000 128.573641 
0.385019 2.100000 130.474845 
0.390019 2.100000 128.573641 
0.395019 2.100000 124.771233 
0.400019 2.100000 124.771233 
0.405019 2.100000 124.771233 
0.410019 2.100000 132.376049 
0.415020 2.100000 122.870028 
0.420020 2.100000 124.771233 
0.425020 2.100000 117.166416 
0.430020 2.100000 117.166416 
0.435020 2.100000 115.265212 
0.440020 2.100000 128.573641 
0.445020 2.100000 117.166416 
0.450020 2.100000 120.968824 
0.455021 2.100000 117.166416 
0.460021 2.100000 122.870028 
0.465021 2.100000 122.870028 
0.470021 2.100000 124.771233 
0.475021 2.100000 126.672437 
0.480021 2.100000 120.968824 
0.485021 2.100000 115.265212 
0.490022 2.100000 119.067620 
0.495022 2.100000 124.771233 
0.500022 2.100000 119.067620 
0.505022 2.100000 117.166416 
0.510022 2.100000 113.364008 
0.515023 2.100000 109.561599 
0.520023 2.100000 113.364008 
0.525023 2.100000 111.462804 
0.530023 2.100000 120.968824 
0.535023 2.100000 117.166416 
0.540023 2.100000 117.166416 
0.545023 2.100000 119.067620 
0.550023 2.100000 119.067620 
0.555024 2.100000 120.968824 
0.560024 2.100000 111.462804 
0.565024 2.100000 115.265212 
0.570024 2.100000 115.265212 
0.575024 2.100000 115.265212 
0.580025 2.100000 115.265212 
0.585033 2.100000 120.968824 
0.590033 2.100000 115.265212 
0.595033 2.100000 115.265212 
0.600033 2.100000 109.561599 
0.605033 2.100000 107.660395 
0.610033 2.100000 111.462804 
0.615034 2.100000 109.561599 
0.620034 2.100000 107.660395 
0.625034 2.100000 117.166416 
0.630034 2.100000 117.166416 
0.635034 2.100000 119.067620 
0.640034 2.100000 115.265212 
0.645034 2.100000 113.364008 
0.650034 2.100000 107.660395 
0.655035 2.100000 105.759191 
0.660035 2.100000 103.857987 
0.665035 2.100000 111.462804 
0.670035 2.100000 111.462804 
0.675036 2.100000 111.462804 
0.680036 2.100000 119.067620 
0.685036 2.100000 115.265212 
0.690036 2.100000 113.364008 
0.695037 2.100000 109.561599 
0.700037 2.100000 109.561599 
0.705037 2.100000 109.561599 
0.710037 2.100000 105.759191 
0.715038 2.100000 109.561599 
0.720038 2.100000 107.660395 
0.725038 2.100000 107.660395 
0.730038 2.100000 103.857987 
0.735038 2.100000 107.660395 
0.740038 2.100000 111.462804 
0.745038 2.100000 113.364008 
0.750038 2.100000 109.561599 
0.755039 2.100000 107.660395 
0.760039 2.100000 111.462804 
0.765039 2.100000 101.956783 
0.770039 2.100000 105.759191 
0.775039 2.100000 107.660395 
0.780039 2.100000 113.364008 
0.785040 2.100000 113.364008 
0.790040 2.100000 113.364008 
0.795041 2.100000 111.462804 
0.800041 2.100000 103.857987 
0.805041 2.100000 105.759191 
0.810041 2.100000 113.364008 
0.815042 2.100000 111.462804 
0.820042 2.100000 113.364008 
0.825042 2.100000 107.660395 
0.830042 2.100000 113.364008 
0.835042 2.100000 111.462804 
0.840042 2.100000 113.364008 
0.845042 2.100000 103.857987 
0.850042 2.100000 105.759191 
0.855042 2.100000 113.364008 
0.860042 2.100000 115.265212 
0.865042 2.100000 115.265212 
0.870043 2.100000 105.759191 
0.875043 2.100000 109.561599 
0.880043 2.100000 113.364008 
0.885043 2.100000 109.561599 
0.890043 2.100000 105.759191 
0.895043 2.100000 101.956783 
0.900043 2.100000 111.462804 
0.905044 2.100000 105.759191 
0.910044 2.100000 109.561599 
0.915045 2.100000 107.660395 
0.920045 2.100000 103.857987 
0.925045 2.100000 107.660395 
0.930045 2.100000 107.660395 
0.935045 2.100000 109.561599 
0.940045 2.100000 115.265212 
0.945046 2.100000 105.759191 
0.950046 2.100000 109.561599 
0.955046 2.100000 109.561599 
0.960046 2.100000 111.462804 
0.965046 2.100000 113.364008 
0.970046 2.100000 113.364008 
0.975046 2.100000 117.166416 
0.980046 2.100000 117.166416 
0.985047 2.100000 113.364008 
0.990047 2.100000 103.857987 
0.995047 2.100000 107.660395 
