0.000000 2.400000 -3.204272 
0.005001 2.400000 -5.105476 
0.010001 2.400000 0.598136 
0.015001 2.400000 4.400545 
0.020001 2.400000 36.721015 
0.025001 2.400000 61.436669 
0.030002 2.400000 84.251119 
0.035002 2.400000 99.460752 
0.040002 2.400000 95.658344 
0.045003 2.400000 107.065569 
0.050003 2.400000 101.361956 
0.055003 2.400000 108.966773 
0.060003 2.400000 116.571590 
0.065003 2.400000 124.176406 
0.070003 2.400000 133.682427 
0.075004 2.400000 131.781223 
0.080004 2.400000 133.682427 
0.085004 2.400000 131.781223 
0.090004 2.400000 139.386039 
0.095004 2.400000 145.089652 
0.100004 2.400000 145.089652 
0.105005 2.400000 139.386039 
0.110005 2.400000 143.188448 
0.115005 2.400000 141.287244 
0.120005 2.400000 150.793264 
0.125005 2.400000 148.892060 
0.130005 2.400000 150.793264 
0.135009 2.400000 156.496877 
0.140009 2.400000 160.299285 
0.145010 2.400000 162.200489 
0.150010 2.400000 158.398081 
0.155010 2.400000 158.398081 
0.160011 2.400000 162.200489 
0.165013 2.400000 167.904102 
0.170015 2.400000 160.299285 
0.175015 2.400000 160.299285 
0.180016 2.400000 166.002898 
0.185016 2.400000 158.398081 
0.190016 2.400000 156.496877 
0.195296 2.400000 160.299285 
0.200296 2.400000 164.101693 
0.205297 2.400000 164.101693 
0.210297 2.400000 162.200489 
0.215297 2.400000 167.904102 
0.220297 2.400000 162.200489 
0.225297 2.400000 160.299285 
0.230298 2.400000 154.595673 
0.235298 2.400000 160.299285 
0.240298 2.400000 160.299285 
0.245298 2.400000 167.904102 
0.250315 2.400000 156.496877 
0.255328 2.400000 158.398081 
0.260328 2.400000 160.299285 
0.265328 2.400000 158.398081 
0.270328 2.400000 160.299285 
0.275329 2.400000 158.398081 
0.280329 2.400000 164.101693 
0.285329 2.400000 154.595673 
0.290329 2.400000 154.595673 
0.295329 2.400000 154.595673 
0.300330 2.400000 160.299285 
0.305330 2.400000 158.398081 
0.310330 2.400000 162.200489 
0.315330 2.400000 156.496877 
0.320330 2.400000 158.398081 
0.325330 2.400000 152.694469 
0.330330 2.400000 158.398081 
0.335331 2.400000 148.892060 
0.340331 2.400000 146.990856 
0.345331 2.400000 158.398081 
0.350331 2.400000 160.299285 
0.355331 2.400000 156.496877 
0.360332 2.400000 154.595673 
0.365332 2.400000 150.793264 
0.370333 2.400000 158.398081 
0.375333 2.400000 152.694469 
0.380333 2.400000 150.793264 
0.385333 2.400000 154.595673 
0.390334 2.400000 152.694469 
0.395334 2.400000 152.694469 
0.400336 2.400000 148.892060 
0.405336 2.400000 154.595673 
0.410336 2.400000 156.496877 
0.415336 2.400000 158.398081 
0.420336 2.400000 148.892060 
0.425336 2.400000 148.892060 
0.430337 2.400000 148.892060 
0.435337 2.400000 148.892060 
0.440337 2.400000 143.188448 
0.445337 2.400000 148.892060 
0.450337 2.400000 156.496877 
0.455337 2.400000 154.595673 
0.460338 2.400000 154.595673 
0.465338 2.400000 146.990856 
0.470338 2.400000 148.892060 
0.475338 2.400000 148.892060 
0.480339 2.400000 145.089652 
0.485339 2.400000 145.089652 
0.490339 2.400000 143.188448 
0.495339 2.400000 154.595673 
0.500339 2.400000 152.694469 
0.505339 2.400000 148.892060 
0.510340 2.400000 137.484835 
0.515340 2.400000 145.089652 
0.520340 2.400000 145.089652 
0.525340 2.400000 145.089652 
0.530341 2.400000 148.892060 
0.535341 2.400000 143.188448 
0.540341 2.400000 141.287244 
0.545341 2.400000 141.287244 
0.550342 2.400000 141.287244 
0.555342 2.400000 141.287244 
0.560342 2.400000 143.188448 
0.565342 2.400000 139.386039 
0.570343 2.400000 145.089652 
0.575343 2.400000 146.990856 
0.580343 2.400000 137.484835 
0.585343 2.400000 139.386039 
0.590343 2.400000 143.188448 
0.595344 2.400000 139.386039 
0.600344 2.400000 148.892060 
0.605344 2.400000 145.089652 
0.610344 2.400000 143.188448 
0.615344 2.400000 143.188448 
0.620344 2.400000 145.089652 
0.625344 2.400000 145.089652 
0.630345 2.400000 141.287244 
0.635345 2.400000 139.386039 
0.640345 2.400000 143.188448 
0.645345 2.400000 148.892060 
0.650345 2.400000 143.188448 
0.655345 2.400000 135.583631 
0.660345 2.400000 143.188448 
0.665345 2.400000 143.188448 
0.670346 2.400000 143.188448 
0.675346 2.400000 143.188448 
0.680346 2.400000 139.386039 
0.685346 2.400000 146.990856 
0.690346 2.400000 139.386039 
0.695346 2.400000 146.990856 
0.700346 2.400000 148.892060 
0.705347 2.400000 146.990856 
0.710347 2.400000 146.990856 
0.715347 2.400000 143.188448 
0.720347 2.400000 143.188448 
0.725347 2.400000 137.484835 
0.730347 2.400000 139.386039 
0.735348 2.400000 143.188448 
0.740348 2.400000 143.188448 
0.745348 2.400000 141.287244 
0.750348 2.400000 146.990856 
0.755348 2.400000 148.892060 
0.760348 2.400000 150.793264 
0.765348 2.400000 145.089652 
0.770349 2.400000 139.386039 
0.775349 2.400000 141.287244 
0.780349 2.400000 143.188448 
0.785349 2.400000 146.990856 
0.790349 2.400000 148.892060 
0.795350 2.400000 148.892060 
0.800350 2.400000 145.089652 
0.805350 2.400000 143.188448 
0.810350 2.400000 143.188448 
0.815351 2.400000 139.386039 
0.820351 2.400000 150.793264 
0.825351 2.400000 145.089652 
0.830351 2.400000 139.386039 
0.835352 2.400000 141.287244 
0.840352 2.400000 146.990856 
0.845352 2.400000 154.595673 
0.850352 2.400000 152.694469 
0.855352 2.400000 141.287244 
0.860352 2.400000 137.484835 
0.865352 2.400000 146.990856 
0.870353 2.400000 156.496877 
0.875353 2.400000 146.990856 
0.880353 2.400000 148.892060 
0.885353 2.400000 143.188448 
0.890353 2.400000 146.990856 
0.895353 2.400000 148.892060 
0.900353 2.400000 158.398081 
0.905354 2.400000 146.990856 
0.910354 2.400000 139.386039 
0.915354 2.400000 148.892060 
0.920354 2.400000 152.694469 
0.925354 2.400000 156.496877 
0.930354 2.400000 145.089652 
0.935354 2.400000 143.188448 
0.940354 2.400000 141.287244 
0.945355 2.400000 146.990856 
0.950355 2.400000 154.595673 
0.955355 2.400000 154.595673 
0.960355 2.400000 152.694469 
0.965355 2.400000 154.595673 
0.970356 2.400000 146.990856 
0.975356 2.400000 152.694469 
0.980356 2.400000 156.496877 
0.985356 2.400000 154.595673 
0.990357 2.400000 154.595673 
0.995357 2.400000 154.595673 
