0.000001 2.000000 -7.957754 
0.005001 2.000000 -0.352938 
0.010001 2.000000 7.251879 
0.015001 2.000000 24.362716 
0.020001 2.000000 45.275962 
0.025002 2.000000 54.781983 
0.030002 2.000000 56.683187 
0.035005 2.000000 62.386799 
0.040005 2.000000 66.189207 
0.045006 2.000000 69.991616 
0.050006 2.000000 77.596432 
0.055006 2.000000 81.398841 
0.060006 2.000000 85.201249 
0.065006 2.000000 85.201249 
0.070006 2.000000 77.596432 
0.075006 2.000000 85.201249 
0.080007 2.000000 94.707270 
0.085007 2.000000 96.608474 
0.090007 2.000000 108.015699 
0.095007 2.000000 102.312086 
0.100007 2.000000 96.608474 
0.105007 2.000000 100.410882 
0.110008 2.000000 100.410882 
0.115008 2.000000 108.015699 
0.120008 2.000000 106.114495 
0.125008 2.000000 108.015699 
0.130008 2.000000 109.916903 
0.135009 2.000000 111.818107 
0.140009 2.000000 111.818107 
0.145009 2.000000 121.324128 
0.150009 2.000000 115.620515 
0.155009 2.000000 121.324128 
0.160010 2.000000 117.521720 
0.165010 2.000000 117.521720 
0.170010 2.000000 119.422924 
0.175010 2.000000 119.422924 
0.180010 2.000000 115.620515 
0.185010 2.000000 125.126536 
0.190010 2.000000 119.422924 
0.195011 2.000000 119.422924 
0.200011 2.000000 119.422924 
0.205011 2.000000 123.225332 
0.210011 2.000000 125.126536 
0.215011 2.000000 117.521720 
0.220012 2.000000 119.422924 
0.225012 2.000000 119.422924 
0.230012 2.000000 125.126536 
0.235012 2.000000 125.126536 
0.240012 2.000000 119.422924 
0.245013 2.000000 121.324128 
0.250013 2.000000 119.422924 
0.255013 2.000000 113.719311 
0.260013 2.000000 123.225332 
0.265014 2.000000 121.324128 
0.270014 2.000000 119.422924 
0.275014 2.000000 123.225332 
0.280014 2.000000 121.324128 
0.285015 2.000000 121.324128 
0.290015 2.000000 115.620515 
0.295015 2.000000 117.521720 
0.300015 2.000000 119.422924 
0.305016 2.000000 125.126536 
0.310016 2.000000 123.225332 
0.315016 2.000000 115.620515 
0.320016 2.000000 113.719311 
0.325016 2.000000 113.719311 
0.330016 2.000000 117.521720 
0.335017 2.000000 121.324128 
0.340017 2.000000 113.719311 
0.345017 2.000000 117.521720 
0.350017 2.000000 117.521720 
0.355017 2.000000 111.818107 
0.360017 2.000000 115.620515 
0.365017 2.000000 115.620515 
0.370017 2.000000 117.521720 
0.375018 2.000000 115.620515 
0.380018 2.000000 113.719311 
0.385018 2.000000 115.620515 
0.390018 2.000000 115.620515 
0.395018 2.000000 113.719311 
0.400018 2.000000 109.916903 
0.405018 2.000000 109.916903 
0.410018 2.000000 115.620515 
0.415019 2.000000 117.521720 
0.420019 2.000000 111.818107 
0.425019 2.000000 117.521720 
0.430019 2.000000 111.818107 
0.435019 2.000000 109.916903 
0.440019 2.000000 108.015699 
0.445019 2.000000 108.015699 
0.450020 2.000000 115.620515 
0.455020 2.000000 115.620515 
0.460020 2.000000 115.620515 
0.465020 2.000000 109.916903 
0.470020 2.000000 104.213290 
0.475021 2.000000 102.312086 
0.480021 2.000000 108.015699 
0.485021 2.000000 111.818107 
0.490021 2.000000 111.818107 
0.495021 2.000000 117.521720 
0.500021 2.000000 111.818107 
0.505021 2.000000 109.916903 
0.510021 2.000000 111.818107 
0.515021 2.000000 111.818107 
0.520022 2.000000 113.719311 
0.525022 2.000000 104.213290 
0.530022 2.000000 106.114495 
0.535022 2.000000 106.114495 
0.540022 2.000000 102.312086 
0.545022 2.000000 104.213290 
0.550022 2.000000 106.114495 
0.555022 2.000000 102.312086 
0.560023 2.000000 108.015699 
0.565023 2.000000 104.213290 
0.570023 2.000000 109.916903 
0.575023 2.000000 113.719311 
0.580023 2.000000 108.015699 
0.585023 2.000000 102.312086 
0.590023 2.000000 104.213290 
0.595023 2.000000 104.213290 
0.600024 2.000000 108.015699 
0.605024 2.000000 104.213290 
0.610024 2.000000 104.213290 
0.615024 2.000000 98.509678 
0.620024 2.000000 100.410882 
0.625024 2.000000 102.312086 
0.630024 2.000000 108.015699 
0.635024 2.000000 109.916903 
0.640025 2.000000 100.410882 
0.645025 2.000000 96.608474 
0.650025 2.000000 100.410882 
0.655025 2.000000 104.213290 
0.660025 2.000000 108.015699 
0.665025 2.000000 102.312086 
0.670025 2.000000 102.312086 
0.675026 2.000000 98.509678 
0.680026 2.000000 98.509678 
0.685026 2.000000 98.509678 
0.690026 2.000000 102.312086 
0.695027 2.000000 104.213290 
0.700027 2.000000 108.015699 
0.705027 2.000000 106.114495 
0.710027 2.000000 96.608474 
0.715027 2.000000 100.410882 
0.720027 2.000000 104.213290 
0.725028 2.000000 87.102453 
0.730028 2.000000 92.806066 
0.735028 2.000000 94.707270 
0.740028 2.000000 102.312086 
0.745028 2.000000 102.312086 
0.750028 2.000000 102.312086 
0.755028 2.000000 96.608474 
0.760028 2.000000 94.707270 
0.765028 2.000000 96.608474 
0.770029 2.000000 94.707270 
0.775029 2.000000 98.509678 
0.780029 2.000000 104.213290 
0.785029 2.000000 96.608474 
0.790029 2.000000 100.410882 
0.795029 2.000000 98.509678 
0.800029 2.000000 100.410882 
0.805029 2.000000 102.312086 
0.810030 2.000000 102.312086 
0.815030 2.000000 102.312086 
0.820030 2.000000 98.509678 
0.825030 2.000000 96.608474 
0.830030 2.000000 102.312086 
0.835030 2.000000 96.608474 
0.840031 2.000000 92.806066 
0.845031 2.000000 102.312086 
0.850031 2.000000 96.608474 
0.855031 2.000000 98.509678 
0.860031 2.000000 102.312086 
0.865031 2.000000 98.509678 
0.870032 2.000000 104.213290 
0.875032 2.000000 96.608474 
0.880032 2.000000 98.509678 
0.885032 2.000000 94.707270 
0.890035 2.000000 96.608474 
0.895035 2.000000 96.608474 
0.900035 2.000000 98.509678 
0.905036 2.000000 96.608474 
0.910036 2.000000 98.509678 
0.915036 2.000000 98.509678 
0.920036 2.000000 94.707270 
0.925036 2.000000 102.312086 
0.930036 2.000000 100.410882 
0.935037 2.000000 100.410882 
0.940037 2.000000 92.806066 
0.945037 2.000000 98.509678 
0.950038 2.000000 96.608474 
0.955038 2.000000 90.904861 
0.960038 2.000000 102.312086 
0.965038 2.000000 98.509678 
0.970038 2.000000 96.608474 
0.975038 2.000000 96.608474 
0.980038 2.000000 102.312086 
0.985039 2.000000 98.509678 
0.990039 2.000000 100.410882 
0.995040 2.000000 104.213290 
