0.000001 1.600000 -2.758767 
0.005001 1.600000 4.846049 
0.010001 1.600000 1.043641 
0.015001 1.600000 8.648458 
0.020001 1.600000 2.944845 
0.025002 1.600000 10.549662 
0.030002 1.600000 20.055683 
0.035002 1.600000 25.759295 
0.040002 1.600000 35.265316 
0.045002 1.600000 37.166520 
0.050002 1.600000 44.771336 
0.055003 1.600000 40.968928 
0.060003 1.600000 42.870132 
0.065004 1.600000 37.166520 
0.070004 1.600000 46.672541 
0.075004 1.600000 54.277357 
0.080005 1.600000 48.573745 
0.085005 1.600000 42.870132 
0.090005 1.600000 50.474949 
0.095005 1.600000 40.968928 
0.100005 1.600000 54.277357 
0.105006 1.600000 54.277357 
0.110006 1.600000 59.980970 
0.115006 1.600000 54.277357 
0.120006 1.600000 59.980970 
0.125006 1.600000 48.573745 
0.130006 1.600000 56.178561 
0.135006 1.600000 56.178561 
0.140006 1.600000 65.684582 
0.145007 1.600000 59.980970 
0.150007 1.600000 61.882174 
0.155007 1.600000 54.277357 
0.160007 1.600000 58.079766 
0.165007 1.600000 59.980970 
0.170007 1.600000 58.079766 
0.175007 1.600000 59.980970 
0.180007 1.600000 59.980970 
0.185007 1.600000 56.178561 
0.190008 1.600000 65.684582 
0.195008 1.600000 61.882174 
0.200008 1.600000 67.585786 
0.205008 1.600000 63.783378 
0.210008 1.600000 65.684582 
0.215008 1.600000 59.980970 
0.220008 1.600000 67.585786 
0.225008 1.600000 65.684582 
0.230008 1.600000 61.882174 
0.235009 1.600000 63.783378 
0.240009 1.600000 65.684582 
0.245009 1.600000 67.585786 
0.250025 1.600000 67.585786 
0.255025 1.600000 65.684582 
0.260025 1.600000 69.486990 
0.265025 1.600000 65.684582 
0.270025 1.600000 63.783378 
0.275025 1.600000 58.079766 
0.280025 1.600000 59.980970 
0.285034 1.600000 58.079766 
0.290034 1.600000 63.783378 
0.295034 1.600000 61.882174 
0.300034 1.600000 59.980970 
0.305034 1.600000 69.486990 
0.310034 1.600000 59.980970 
0.315034 1.600000 65.684582 
0.320034 1.600000 59.980970 
0.325034 1.600000 58.079766 
0.330035 1.600000 67.585786 
0.335035 1.600000 58.079766 
0.340035 1.600000 67.585786 
0.345035 1.600000 56.178561 
0.350035 1.600000 61.882174 
0.355035 1.600000 67.585786 
0.360035 1.600000 58.079766 
0.365035 1.600000 63.783378 
0.370035 1.600000 63.783378 
0.375036 1.600000 58.079766 
0.380036 1.600000 61.882174 
0.385036 1.600000 67.585786 
0.390036 1.600000 63.783378 
0.395036 1.600000 67.585786 
0.400036 1.600000 65.684582 
0.405048 1.600000 61.882174 
0.410048 1.600000 59.980970 
0.415049 1.600000 63.783378 
0.420049 1.600000 54.277357 
0.425049 1.600000 56.178561 
0.430049 1.600000 58.079766 
0.435051 1.600000 56.178561 
0.440052 1.600000 59.980970 
0.445052 1.600000 61.882174 
0.450052 1.600000 56.178561 
0.455052 1.600000 59.980970 
0.460065 1.600000 59.980970 
0.465065 1.600000 52.376153 
0.470065 1.600000 63.783378 
0.475065 1.600000 59.980970 
0.480065 1.600000 54.277357 
0.485066 1.600000 61.882174 
0.490066 1.600000 56.178561 
0.495066 1.600000 52.376153 
0.500066 1.600000 59.980970 
0.505066 1.600000 56.178561 
0.510066 1.600000 52.376153 
0.515066 1.600000 61.882174 
0.520066 1.600000 56.178561 
0.525066 1.600000 58.079766 
0.530067 1.600000 59.980970 
0.535067 1.600000 56.178561 
0.540067 1.600000 54.277357 
0.545067 1.600000 59.980970 
0.550067 1.600000 52.376153 
0.555067 1.600000 56.178561 
0.560067 1.600000 59.980970 
0.565067 1.600000 54.277357 
0.570067 1.600000 50.474949 
0.575067 1.600000 58.079766 
0.580068 1.600000 54.277357 
0.585068 1.600000 56.178561 
0.590068 1.600000 48.573745 
0.595068 1.600000 50.474949 
0.600068 1.600000 52.376153 
0.605068 1.600000 50.474949 
0.610068 1.600000 58.079766 
0.615077 1.600000 56.178561 
0.620077 1.600000 58.079766 
0.625077 1.600000 46.672541 
0.630077 1.600000 50.474949 
0.635077 1.600000 48.573745 
0.640077 1.600000 54.277357 
0.645078 1.600000 56.178561 
0.650078 1.600000 50.474949 
0.655078 1.600000 50.474949 
0.660078 1.600000 46.672541 
0.665078 1.600000 50.474949 
0.670079 1.600000 54.277357 
0.675079 1.600000 48.573745 
0.680079 1.600000 48.573745 
0.685079 1.600000 52.376153 
0.690079 1.600000 46.672541 
0.695079 1.600000 52.376153 
0.700080 1.600000 46.672541 
0.705080 1.600000 50.474949 
0.710080 1.600000 44.771336 
0.715080 1.600000 44.771336 
0.720080 1.600000 50.474949 
0.725080 1.600000 44.771336 
0.730080 1.600000 50.474949 
0.735081 1.600000 52.376153 
0.740081 1.600000 50.474949 
0.745092 1.600000 52.376153 
0.750092 1.600000 50.474949 
0.755092 1.600000 50.474949 
0.760092 1.600000 46.672541 
0.765092 1.600000 40.968928 
0.770093 1.600000 52.376153 
0.775093 1.600000 48.573745 
0.780093 1.600000 50.474949 
0.785094 1.600000 42.870132 
0.790094 1.600000 44.771336 
0.795094 1.600000 40.968928 
0.800094 1.600000 44.771336 
0.805095 1.600000 48.573745 
0.810095 1.600000 44.771336 
0.815095 1.600000 40.968928 
0.820095 1.600000 44.771336 
0.825096 1.600000 48.573745 
0.830096 1.600000 54.277357 
0.835096 1.600000 48.573745 
0.840096 1.600000 50.474949 
0.845096 1.600000 44.771336 
0.850096 1.600000 44.771336 
0.855096 1.600000 44.771336 
0.860097 1.600000 48.573745 
0.865097 1.600000 44.771336 
0.870097 1.600000 40.968928 
0.875098 1.600000 44.771336 
0.880098 1.600000 42.870132 
0.885098 1.600000 46.672541 
0.890098 1.600000 48.573745 
0.895099 1.600000 44.771336 
0.900099 1.600000 44.771336 
0.905099 1.600000 50.474949 
0.910099 1.600000 44.771336 
0.915099 1.600000 42.870132 
0.920099 1.600000 44.771336 
0.925099 1.600000 48.573745 
0.930099 1.600000 39.067724 
0.935100 1.600000 44.771336 
0.940100 1.600000 48.573745 
0.945100 1.600000 46.672541 
0.950100 1.600000 42.870132 
0.955100 1.600000 48.573745 
0.960101 1.600000 37.166520 
0.965101 1.600000 42.870132 
0.970101 1.600000 42.870132 
0.975101 1.600000 44.771336 
0.980101 1.600000 48.573745 
0.985101 1.600000 37.166520 
0.990101 1.600000 42.870132 
0.995102 1.600000 37.166520 
