0.000001 2.200000 2.768774 
0.005001 2.200000 -4.836042 
0.010002 2.200000 10.373591 
0.015002 2.200000 36.990449 
0.020002 2.200000 48.397674 
0.025002 2.200000 71.212124 
0.030003 2.200000 61.706103 
0.035003 2.200000 67.409715 
0.040003 2.200000 75.014532 
0.045003 2.200000 80.718144 
0.050004 2.200000 94.026573 
0.055004 2.200000 99.730186 
0.060004 2.200000 97.828982 
0.065004 2.200000 97.828982 
0.070004 2.200000 105.433798 
0.075004 2.200000 116.841023 
0.080005 2.200000 116.841023 
0.085005 2.200000 126.347044 
0.090005 2.200000 120.643432 
0.095005 2.200000 116.841023 
0.100005 2.200000 128.248248 
0.105005 2.200000 130.149452 
0.110005 2.200000 132.050657 
0.115006 2.200000 130.149452 
0.120006 2.200000 130.149452 
0.125006 2.200000 130.149452 
0.130006 2.200000 128.248248 
0.135025 2.200000 132.050657 
0.140025 2.200000 137.754269 
0.145025 2.200000 133.951861 
0.150025 2.200000 141.556677 
0.155025 2.200000 135.853065 
0.160025 2.200000 139.655473 
0.165025 2.200000 137.754269 
0.170025 2.200000 137.754269 
0.175026 2.200000 133.951861 
0.180026 2.200000 141.556677 
0.185026 2.200000 139.655473 
0.190026 2.200000 139.655473 
0.195026 2.200000 143.457881 
0.200027 2.200000 143.457881 
0.205027 2.200000 139.655473 
0.210027 2.200000 143.457881 
0.215027 2.200000 141.556677 
0.220044 2.200000 145.359086 
0.225044 2.200000 141.556677 
0.230044 2.200000 135.853065 
0.235044 2.200000 132.050657 
0.240044 2.200000 139.655473 
0.245044 2.200000 143.457881 
0.250045 2.200000 137.754269 
0.255045 2.200000 137.754269 
0.260045 2.200000 135.853065 
0.265045 2.200000 139.655473 
0.270045 2.200000 139.655473 
0.275045 2.200000 139.655473 
0.280045 2.200000 141.556677 
0.285045 2.200000 141.556677 
0.290045 2.200000 139.655473 
0.295046 2.200000 143.457881 
0.300046 2.200000 133.951861 
0.305046 2.200000 135.853065 
0.310046 2.200000 143.457881 
0.315046 2.200000 135.853065 
0.320046 2.200000 135.853065 
0.325046 2.200000 133.951861 
0.330047 2.200000 137.754269 
0.335047 2.200000 133.951861 
0.340047 2.200000 133.951861 
0.345047 2.200000 130.149452 
0.350047 2.200000 130.149452 
0.355047 2.200000 137.754269 
0.360048 2.200000 137.754269 
0.365048 2.200000 133.951861 
0.370048 2.200000 135.853065 
0.375049 2.200000 130.149452 
0.380049 2.200000 128.248248 
0.385049 2.200000 128.248248 
0.390049 2.200000 137.754269 
0.395049 2.200000 135.853065 
0.400050 2.200000 132.050657 
0.405050 2.200000 135.853065 
0.410050 2.200000 137.754269 
0.415050 2.200000 137.754269 
0.420050 2.200000 132.050657 
0.425050 2.200000 128.248248 
0.430051 2.200000 130.149452 
0.435051 2.200000 128.248248 
0.440051 2.200000 135.853065 
0.445051 2.200000 128.248248 
0.450051 2.200000 133.951861 
0.455051 2.200000 130.149452 
0.460051 2.200000 122.544636 
0.465052 2.200000 118.742227 
0.470052 2.200000 124.445840 
0.475052 2.200000 124.445840 
0.480052 2.200000 132.050657 
0.485052 2.200000 130.149452 
0.490052 2.200000 133.951861 
0.495053 2.200000 133.951861 
0.500053 2.200000 130.149452 
0.505053 2.200000 122.544636 
0.510053 2.200000 120.643432 
0.515053 2.200000 126.347044 
0.520053 2.200000 122.544636 
0.525053 2.200000 122.544636 
0.530054 2.200000 128.248248 
0.535054 2.200000 122.544636 
0.540054 2.200000 122.544636 
0.545054 2.200000 118.742227 
0.550054 2.200000 124.445840 
0.555054 2.200000 120.643432 
0.560054 2.200000 120.643432 
0.565055 2.200000 126.347044 
0.570055 2.200000 126.347044 
0.575055 2.200000 126.347044 
0.580055 2.200000 120.643432 
0.585056 2.200000 124.445840 
0.590056 2.200000 116.841023 
0.595056 2.200000 120.643432 
0.600057 2.200000 116.841023 
0.605057 2.200000 130.149452 
0.610070 2.200000 120.643432 
0.615070 2.200000 124.445840 
0.620070 2.200000 116.841023 
0.625070 2.200000 118.742227 
0.630077 2.200000 120.643432 
0.635077 2.200000 122.544636 
0.640077 2.200000 126.347044 
0.645077 2.200000 126.347044 
0.650077 2.200000 128.248248 
0.655078 2.200000 118.742227 
0.660078 2.200000 116.841023 
0.665088 2.200000 116.841023 
0.670089 2.200000 120.643432 
0.675089 2.200000 122.544636 
0.680089 2.200000 126.347044 
0.685089 2.200000 124.445840 
0.690089 2.200000 122.544636 
0.695089 2.200000 122.544636 
0.700090 2.200000 126.347044 
0.705090 2.200000 128.248248 
0.710090 2.200000 116.841023 
0.715090 2.200000 122.544636 
0.720090 2.200000 118.742227 
0.725091 2.200000 118.742227 
0.730091 2.200000 122.544636 
0.735091 2.200000 128.248248 
0.740091 2.200000 124.445840 
0.745091 2.200000 120.643432 
0.750092 2.200000 130.149452 
0.755092 2.200000 122.544636 
0.760092 2.200000 118.742227 
0.765092 2.200000 118.742227 
0.770093 2.200000 120.643432 
0.775093 2.200000 122.544636 
0.780093 2.200000 128.248248 
0.785093 2.200000 122.544636 
0.790093 2.200000 128.248248 
0.795094 2.200000 124.445840 
0.800094 2.200000 118.742227 
0.805094 2.200000 128.248248 
0.810094 2.200000 116.841023 
0.815095 2.200000 118.742227 
0.820095 2.200000 116.841023 
0.825095 2.200000 113.038615 
0.830095 2.200000 124.445840 
0.835095 2.200000 126.347044 
0.840095 2.200000 124.445840 
0.845095 2.200000 124.445840 
0.850095 2.200000 126.347044 
0.855096 2.200000 122.544636 
0.860096 2.200000 120.643432 
0.865096 2.200000 124.445840 
0.870096 2.200000 130.149452 
0.875096 2.200000 126.347044 
0.880096 2.200000 116.841023 
0.885096 2.200000 118.742227 
0.890096 2.200000 116.841023 
0.895096 2.200000 118.742227 
0.900097 2.200000 120.643432 
0.905097 2.200000 126.347044 
0.910097 2.200000 126.347044 
0.915097 2.200000 124.445840 
0.920097 2.200000 126.347044 
0.925097 2.200000 124.445840 
0.930097 2.200000 128.248248 
0.935097 2.200000 124.445840 
0.940098 2.200000 126.347044 
0.945098 2.200000 126.347044 
0.950098 2.200000 120.643432 
0.955098 2.200000 124.445840 
0.960114 2.200000 124.445840 
0.965114 2.200000 124.445840 
0.970114 2.200000 122.544636 
0.975114 2.200000 124.445840 
0.980120 2.200000 122.544636 
0.985120 2.200000 126.347044 
0.990121 2.200000 128.248248 
0.995121 2.200000 124.445840 
