0.000000 1.800000 -2.488922 
0.005001 1.800000 -0.587717 
0.010001 1.800000 8.918303 
0.015001 1.800000 3.214691 
0.020001 1.800000 5.115895 
0.025001 1.800000 20.325528 
0.030001 1.800000 29.831549 
0.035002 1.800000 52.645999 
0.040002 1.800000 58.349611 
0.045002 1.800000 58.349611 
0.050003 1.800000 54.547203 
0.055003 1.800000 58.349611 
0.060003 1.800000 50.744795 
0.065003 1.800000 67.855632 
0.070003 1.800000 58.349611 
0.075004 1.800000 73.559244 
0.080004 1.800000 69.756836 
0.085004 1.800000 69.756836 
0.090004 1.800000 65.954428 
0.095004 1.800000 77.361653 
0.100004 1.800000 79.262857 
0.105004 1.800000 83.065265 
0.110004 1.800000 84.966469 
0.115004 1.800000 73.559244 
0.120005 1.800000 75.460449 
0.125005 1.800000 83.065265 
0.130005 1.800000 81.164061 
0.135005 1.800000 88.768878 
0.140005 1.800000 79.262857 
0.145005 1.800000 86.867674 
0.150006 1.800000 84.966469 
0.155006 1.800000 88.768878 
0.160006 1.800000 88.768878 
0.165006 1.800000 96.373694 
0.170006 1.800000 94.472490 
0.175006 1.800000 90.670082 
0.180006 1.800000 86.867674 
0.185006 1.800000 94.472490 
0.190007 1.800000 92.571286 
0.195007 1.800000 96.373694 
0.200007 1.800000 88.768878 
0.205007 1.800000 92.571286 
0.210007 1.800000 90.670082 
0.215007 1.800000 94.472490 
0.220007 1.800000 98.274898 
0.225007 1.800000 94.472490 
0.230008 1.800000 92.571286 
0.235008 1.800000 96.373694 
0.240008 1.800000 100.176103 
0.245008 1.800000 94.472490 
0.250008 1.800000 96.373694 
0.255008 1.800000 100.176103 
0.260008 1.800000 90.670082 
0.265009 1.800000 96.373694 
0.270009 1.800000 94.472490 
0.275009 1.800000 96.373694 
0.280009 1.800000 94.472490 
0.285009 1.800000 94.472490 
0.290009 1.800000 88.768878 
0.295023 1.800000 92.571286 
0.300023 1.800000 94.472490 
0.305027 1.800000 92.571286 
0.310028 1.800000 94.472490 
0.315028 1.800000 90.670082 
0.320028 1.800000 98.274898 
0.325028 1.800000 86.867674 
0.330028 1.800000 92.571286 
0.335028 1.800000 96.373694 
0.340028 1.800000 90.670082 
0.345028 1.800000 90.670082 
0.350028 1.800000 90.670082 
0.355038 1.800000 92.571286 
0.360038 1.800000 92.571286 
0.365039 1.800000 92.571286 
0.370039 1.800000 92.571286 
0.375039 1.800000 84.966469 
0.380039 1.800000 96.373694 
0.385053 1.800000 96.373694 
0.390053 1.800000 83.065265 
0.395053 1.800000 94.472490 
0.400053 1.800000 84.966469 
0.405053 1.800000 88.768878 
0.410053 1.800000 84.966469 
0.415054 1.800000 88.768878 
0.420054 1.800000 86.867674 
0.425054 1.800000 81.164061 
0.430054 1.800000 92.571286 
0.435054 1.800000 83.065265 
0.440054 1.800000 88.768878 
0.445054 1.800000 84.966469 
0.450055 1.800000 83.065265 
0.455055 1.800000 84.966469 
0.460055 1.800000 84.966469 
0.465055 1.800000 86.867674 
0.470055 1.800000 81.164061 
0.475055 1.800000 90.670082 
0.480056 1.800000 84.966469 
0.485056 1.800000 84.966469 
0.490056 1.800000 84.966469 
0.495056 1.800000 83.065265 
0.500056 1.800000 83.065265 
0.505056 1.800000 79.262857 
0.510056 1.800000 81.164061 
0.515057 1.800000 86.867674 
0.520057 1.800000 84.966469 
0.525057 1.800000 83.065265 
0.530057 1.800000 84.966469 
0.535058 1.800000 84.966469 
0.540058 1.800000 79.262857 
0.545058 1.800000 81.164061 
0.550058 1.800000 79.262857 
0.555058 1.800000 84.966469 
0.560058 1.800000 77.361653 
0.565058 1.800000 83.065265 
0.570058 1.800000 73.559244 
0.575059 1.800000 81.164061 
0.580059 1.800000 73.559244 
0.585064 1.800000 79.262857 
0.590064 1.800000 83.065265 
0.595064 1.800000 81.164061 
0.600064 1.800000 79.262857 
0.605064 1.800000 77.361653 
0.610065 1.800000 69.756836 
0.615065 1.800000 81.164061 
0.620065 1.800000 81.164061 
0.625065 1.800000 84.966469 
0.630065 1.800000 77.361653 
0.635065 1.800000 75.460449 
0.640065 1.800000 79.262857 
0.645065 1.800000 77.361653 
0.650066 1.800000 83.065265 
0.655066 1.800000 73.559244 
0.660066 1.800000 75.460449 
0.665066 1.800000 71.658040 
0.670066 1.800000 75.460449 
0.675067 1.800000 77.361653 
0.680067 1.800000 75.460449 
0.685067 1.800000 77.361653 
0.690067 1.800000 75.460449 
0.695068 1.800000 69.756836 
0.700068 1.800000 71.658040 
0.705068 1.800000 81.164061 
0.710068 1.800000 71.658040 
0.715068 1.800000 73.559244 
0.720069 1.800000 73.559244 
0.725069 1.800000 75.460449 
0.730069 1.800000 73.559244 
0.735069 1.800000 69.756836 
0.740069 1.800000 73.559244 
0.745069 1.800000 69.756836 
0.750070 1.800000 71.658040 
0.755078 1.800000 71.658040 
0.760078 1.800000 75.460449 
0.765079 1.800000 71.658040 
0.770079 1.800000 71.658040 
0.775079 1.800000 73.559244 
0.780079 1.800000 67.855632 
0.785079 1.800000 75.460449 
0.790079 1.800000 73.559244 
0.795079 1.800000 73.559244 
0.800079 1.800000 71.658040 
0.805080 1.800000 64.053224 
0.810080 1.800000 71.658040 
0.815080 1.800000 69.756836 
0.820080 1.800000 75.460449 
0.825080 1.800000 71.658040 
0.830080 1.800000 73.559244 
0.835080 1.800000 69.756836 
0.840080 1.800000 65.954428 
0.845081 1.800000 73.559244 
0.850081 1.800000 65.954428 
0.855081 1.800000 69.756836 
0.860081 1.800000 65.954428 
0.865081 1.800000 65.954428 
0.870081 1.800000 67.855632 
0.875081 1.800000 75.460449 
0.880081 1.800000 65.954428 
0.885082 1.800000 69.756836 
0.890082 1.800000 69.756836 
0.895082 1.800000 67.855632 
0.900082 1.800000 64.053224 
0.905082 1.800000 73.559244 
0.910082 1.800000 69.756836 
0.915082 1.800000 65.954428 
0.920082 1.800000 67.855632 
0.925082 1.800000 64.053224 
0.930083 1.800000 60.250815 
0.935083 1.800000 65.954428 
0.940083 1.800000 67.855632 
0.945083 1.800000 67.855632 
0.950083 1.800000 65.954428 
0.955083 1.800000 69.756836 
0.960084 1.800000 64.053224 
0.965084 1.800000 62.152020 
0.970084 1.800000 64.053224 
0.975084 1.800000 65.954428 
0.980084 1.800000 62.152020 
0.985084 1.800000 67.855632 
0.990084 1.800000 62.152020 
0.995084 1.800000 71.658040 
