0.000001 2.300000 4.306692 
0.005001 2.300000 0.504284 
0.010001 2.300000 -1.396920 
0.015001 2.300000 15.713917 
0.020002 2.300000 36.627163 
0.025002 2.300000 59.441613 
0.030002 2.300000 87.959675 
0.035002 2.300000 91.762083 
0.040002 2.300000 87.959675 
0.045002 2.300000 89.860879 
0.050003 2.300000 101.268104 
0.055003 2.300000 105.070512 
0.060003 2.300000 120.280146 
0.065003 2.300000 125.983758 
0.070003 2.300000 129.786166 
0.075003 2.300000 122.181350 
0.080003 2.300000 122.181350 
0.085004 2.300000 127.884962 
0.090004 2.300000 137.390983 
0.095004 2.300000 139.292187 
0.100004 2.300000 139.292187 
0.105004 2.300000 139.292187 
0.110004 2.300000 135.489779 
0.115005 2.300000 143.094595 
0.120005 2.300000 144.995799 
0.125005 2.300000 146.897004 
0.130005 2.300000 144.995799 
0.135005 2.300000 150.699412 
0.140005 2.300000 146.897004 
0.145006 2.300000 152.600616 
0.150006 2.300000 152.600616 
0.155006 2.300000 150.699412 
0.160006 2.300000 164.007841 
0.165006 2.300000 152.600616 
0.170007 2.300000 152.600616 
0.175007 2.300000 154.501820 
0.180007 2.300000 152.600616 
0.185007 2.300000 154.501820 
0.190007 2.300000 160.205433 
0.195007 2.300000 160.205433 
0.200008 2.300000 148.798208 
0.205008 2.300000 160.205433 
0.210008 2.300000 156.403024 
0.215008 2.300000 156.403024 
0.220008 2.300000 152.600616 
0.225008 2.300000 158.304229 
0.230008 2.300000 162.106637 
0.235009 2.300000 162.106637 
0.240009 2.300000 164.007841 
0.245009 2.300000 158.304229 
0.250009 2.300000 148.798208 
0.255009 2.300000 158.304229 
0.260009 2.300000 156.403024 
0.265010 2.300000 156.403024 
0.270010 2.300000 154.501820 
0.275010 2.300000 152.600616 
0.280010 2.300000 154.501820 
0.285010 2.300000 150.699412 
0.290010 2.300000 156.403024 
0.295011 2.300000 156.403024 
0.300011 2.300000 158.304229 
0.305011 2.300000 154.501820 
0.310012 2.300000 152.600616 
0.315012 2.300000 156.403024 
0.320012 2.300000 154.501820 
0.325012 2.300000 152.600616 
0.330012 2.300000 160.205433 
0.335012 2.300000 156.403024 
0.340012 2.300000 160.205433 
0.345012 2.300000 160.205433 
0.350013 2.300000 156.403024 
0.355013 2.300000 152.600616 
0.360013 2.300000 148.798208 
0.365013 2.300000 156.403024 
0.370013 2.300000 154.501820 
0.375013 2.300000 148.798208 
0.380014 2.300000 152.600616 
0.385014 2.300000 150.699412 
0.390014 2.300000 143.094595 
0.395014 2.300000 156.403024 
0.400015 2.300000 152.600616 
0.405015 2.300000 144.995799 
0.410015 2.300000 150.699412 
0.415015 2.300000 143.094595 
0.420015 2.300000 144.995799 
0.425015 2.300000 146.897004 
0.430016 2.300000 143.094595 
0.435016 2.300000 144.995799 
0.440016 2.300000 152.600616 
0.445016 2.300000 152.600616 
0.450016 2.300000 150.699412 
0.455016 2.300000 154.501820 
0.460016 2.300000 146.897004 
0.465016 2.300000 143.094595 
0.470016 2.300000 143.094595 
0.475017 2.300000 137.390983 
0.480017 2.300000 144.995799 
0.485017 2.300000 143.094595 
0.490017 2.300000 143.094595 
0.495017 2.300000 143.094595 
0.500017 2.300000 143.094595 
0.505017 2.300000 137.390983 
0.510018 2.300000 141.193391 
0.515018 2.300000 137.390983 
0.520018 2.300000 139.292187 
0.525018 2.300000 144.995799 
0.530018 2.300000 143.094595 
0.535018 2.300000 143.094595 
0.540019 2.300000 139.292187 
0.545019 2.300000 139.292187 
0.550019 2.300000 141.193391 
0.555019 2.300000 143.094595 
0.560019 2.300000 139.292187 
0.565019 2.300000 139.292187 
0.570020 2.300000 135.489779 
0.575020 2.300000 139.292187 
0.580020 2.300000 131.687370 
0.585020 2.300000 137.390983 
0.590020 2.300000 135.489779 
0.595020 2.300000 143.094595 
0.600021 2.300000 137.390983 
0.605021 2.300000 144.995799 
0.610021 2.300000 141.193391 
0.615021 2.300000 135.489779 
0.620021 2.300000 135.489779 
0.625021 2.300000 131.687370 
0.630021 2.300000 133.588575 
0.635021 2.300000 141.193391 
0.640022 2.300000 144.995799 
0.645022 2.300000 141.193391 
0.650022 2.300000 129.786166 
0.655022 2.300000 137.390983 
0.660022 2.300000 135.489779 
0.665022 2.300000 143.094595 
0.670022 2.300000 144.995799 
0.675022 2.300000 139.292187 
0.680022 2.300000 143.094595 
0.685022 2.300000 139.292187 
0.690022 2.300000 144.995799 
0.695023 2.300000 137.390983 
0.700023 2.300000 129.786166 
0.705023 2.300000 137.390983 
0.710023 2.300000 133.588575 
0.715023 2.300000 135.489779 
0.720023 2.300000 139.292187 
0.725023 2.300000 139.292187 
0.730023 2.300000 131.687370 
0.735024 2.300000 144.995799 
0.740024 2.300000 129.786166 
0.745024 2.300000 139.292187 
0.750024 2.300000 135.489779 
0.755024 2.300000 135.489779 
0.760024 2.300000 135.489779 
0.765031 2.300000 139.292187 
0.770032 2.300000 141.193391 
0.775032 2.300000 137.390983 
0.780032 2.300000 137.390983 
0.785032 2.300000 139.292187 
0.790032 2.300000 141.193391 
0.795032 2.300000 137.390983 
0.800032 2.300000 139.292187 
0.805033 2.300000 135.489779 
0.810033 2.300000 143.094595 
0.815033 2.300000 144.995799 
0.820033 2.300000 143.094595 
0.825033 2.300000 137.390983 
0.830033 2.300000 137.390983 
0.835033 2.300000 143.094595 
0.840034 2.300000 139.292187 
0.845034 2.300000 143.094595 
0.850034 2.300000 141.193391 
0.855034 2.300000 133.588575 
0.860034 2.300000 135.489779 
0.865034 2.300000 135.489779 
0.870034 2.300000 144.995799 
0.875034 2.300000 141.193391 
0.880034 2.300000 144.995799 
0.885034 2.300000 139.292187 
0.890034 2.300000 137.390983 
0.895035 2.300000 135.489779 
0.900035 2.300000 137.390983 
0.905035 2.300000 143.094595 
0.910035 2.300000 137.390983 
0.915035 2.300000 143.094595 
0.920035 2.300000 139.292187 
0.925035 2.300000 143.094595 
0.930036 2.300000 150.699412 
0.935036 2.300000 144.995799 
0.940036 2.300000 144.995799 
0.945036 2.300000 135.489779 
0.950036 2.300000 135.489779 
0.955045 2.300000 143.094595 
0.960045 2.300000 141.193391 
0.965049 2.300000 143.094595 
0.970049 2.300000 143.094595 
0.975049 2.300000 139.292187 
0.980049 2.300000 144.995799 
0.985049 2.300000 148.798208 
0.990049 2.300000 150.699412 
0.995049 2.300000 144.995799 
