0.000001 3.000000 4.316094 
0.005001 3.000000 11.920910 
0.010001 3.000000 8.118502 
0.015001 3.000000 36.636564 
0.020001 3.000000 57.549810 
0.025001 3.000000 87.969076 
0.030001 3.000000 108.882322 
0.035001 3.000000 129.795568 
0.040001 3.000000 148.807609 
0.045001 3.000000 146.906405 
0.050002 3.000000 156.412426 
0.055002 3.000000 162.116038 
0.060002 3.000000 164.017242 
0.065002 3.000000 167.819651 
0.070002 3.000000 175.424467 
0.075002 3.000000 181.128080 
0.080002 3.000000 177.325671 
0.085003 3.000000 184.930488 
0.090003 3.000000 184.930488 
0.095003 3.000000 194.436509 
0.100003 3.000000 194.436509 
0.105003 3.000000 194.436509 
0.110003 3.000000 196.337713 
0.115004 3.000000 190.634100 
0.120004 3.000000 196.337713 
0.125004 3.000000 202.041325 
0.130004 3.000000 194.436509 
0.135004 3.000000 202.041325 
0.140004 3.000000 207.744938 
0.145004 3.000000 202.041325 
0.150005 3.000000 209.646142 
0.155011 3.000000 203.942529 
0.160011 3.000000 202.041325 
0.165011 3.000000 202.041325 
0.170011 3.000000 198.238917 
0.175011 3.000000 200.140121 
0.180011 3.000000 202.041325 
0.185012 3.000000 205.843734 
0.190012 3.000000 202.041325 
0.195012 3.000000 200.140121 
0.200019 3.000000 205.843734 
0.205019 3.000000 203.942529 
0.210019 3.000000 205.843734 
0.215019 3.000000 198.238917 
0.220019 3.000000 202.041325 
0.225019 3.000000 202.041325 
0.230019 3.000000 205.843734 
0.235019 3.000000 198.238917 
0.240020 3.000000 200.140121 
0.245020 3.000000 194.436509 
0.250020 3.000000 203.942529 
0.255020 3.000000 200.140121 
0.260020 3.000000 202.041325 
0.265020 3.000000 200.140121 
0.270020 3.000000 194.436509 
0.275020 3.000000 203.942529 
0.280020 3.000000 196.337713 
0.285020 3.000000 200.140121 
0.290021 3.000000 200.140121 
0.295021 3.000000 194.436509 
0.300021 3.000000 200.140121 
0.305021 3.000000 186.831692 
0.310021 3.000000 203.942529 
0.315021 3.000000 200.140121 
0.320021 3.000000 188.732896 
0.325021 3.000000 194.436509 
0.330021 3.000000 190.634100 
0.335022 3.000000 196.337713 
0.340022 3.000000 194.436509 
0.345022 3.000000 194.436509 
0.350022 3.000000 186.831692 
0.355022 3.000000 184.930488 
0.360022 3.000000 200.140121 
0.365022 3.000000 200.140121 
0.370022 3.000000 202.041325 
0.375022 3.000000 198.238917 
0.380023 3.000000 184.930488 
0.385023 3.000000 192.535305 
0.390023 3.000000 196.337713 
0.395023 3.000000 196.337713 
0.400023 3.000000 198.238917 
0.405023 3.000000 186.831692 
0.410023 3.000000 188.732896 
0.415023 3.000000 184.930488 
0.420023 3.000000 192.535305 
0.425024 3.000000 186.831692 
0.430024 3.000000 192.535305 
0.435024 3.000000 186.831692 
0.440024 3.000000 196.337713 
0.445024 3.000000 190.634100 
0.450024 3.000000 196.337713 
0.455024 3.000000 188.732896 
0.460025 3.000000 192.535305 
0.465025 3.000000 188.732896 
0.470025 3.000000 192.535305 
0.475025 3.000000 194.436509 
0.480025 3.000000 186.831692 
0.485025 3.000000 184.930488 
0.490026 3.000000 186.831692 
0.495026 3.000000 194.436509 
0.500026 3.000000 192.535305 
0.505026 3.000000 200.140121 
0.510026 3.000000 192.535305 
0.515026 3.000000 190.634100 
0.520026 3.000000 192.535305 
0.525026 3.000000 194.436509 
0.530027 3.000000 200.140121 
0.535027 3.000000 200.140121 
0.540027 3.000000 192.535305 
0.545027 3.000000 186.831692 
0.550027 3.000000 188.732896 
0.555027 3.000000 190.634100 
0.560027 3.000000 190.634100 
0.565027 3.000000 194.436509 
0.570027 3.000000 190.634100 
0.575028 3.000000 186.831692 
0.580028 3.000000 186.831692 
0.585028 3.000000 190.634100 
0.590028 3.000000 198.238917 
0.595028 3.000000 188.732896 
0.600028 3.000000 184.930488 
0.605029 3.000000 184.930488 
0.610029 3.000000 192.535305 
0.615029 3.000000 198.238917 
0.620029 3.000000 198.238917 
0.625029 3.000000 198.238917 
0.630029 3.000000 190.634100 
0.635030 3.000000 188.732896 
0.640030 3.000000 192.535305 
0.645030 3.000000 202.041325 
0.650030 3.000000 194.436509 
0.655030 3.000000 194.436509 
0.660030 3.000000 194.436509 
0.665030 3.000000 196.337713 
0.670030 3.000000 203.942529 
0.675031 3.000000 202.041325 
0.680031 3.000000 194.436509 
0.685031 3.000000 194.436509 
0.690031 3.000000 188.732896 
0.695031 3.000000 194.436509 
0.700031 3.000000 192.535305 
0.705031 3.000000 198.238917 
0.710031 3.000000 194.436509 
0.715031 3.000000 194.436509 
0.720032 3.000000 190.634100 
0.725032 3.000000 196.337713 
0.730032 3.000000 194.436509 
0.735032 3.000000 188.732896 
0.740032 3.000000 194.436509 
0.745032 3.000000 196.337713 
0.750032 3.000000 205.843734 
0.755032 3.000000 200.140121 
0.760032 3.000000 194.436509 
0.765033 3.000000 190.634100 
0.770033 3.000000 192.535305 
0.775033 3.000000 196.337713 
0.780033 3.000000 205.843734 
0.785033 3.000000 207.744938 
0.790033 3.000000 198.238917 
0.795033 3.000000 194.436509 
0.800034 3.000000 192.535305 
0.805034 3.000000 200.140121 
0.810034 3.000000 202.041325 
0.815034 3.000000 202.041325 
0.820034 3.000000 202.041325 
0.825034 3.000000 198.238917 
0.830034 3.000000 200.140121 
0.835035 3.000000 203.942529 
0.840035 3.000000 211.547346 
0.845035 3.000000 207.744938 
0.850035 3.000000 203.942529 
0.855035 3.000000 196.337713 
0.860035 3.000000 200.140121 
0.865035 3.000000 205.843734 
0.870036 3.000000 209.646142 
0.875036 3.000000 203.942529 
0.880036 3.000000 202.041325 
0.885036 3.000000 200.140121 
0.890036 3.000000 205.843734 
0.895036 3.000000 211.547346 
0.900036 3.000000 209.646142 
0.905036 3.000000 207.744938 
0.910036 3.000000 202.041325 
0.915036 3.000000 207.744938 
0.920037 3.000000 207.744938 
0.925037 3.000000 211.547346 
0.930037 3.000000 207.744938 
0.935037 3.000000 211.547346 
0.940037 3.000000 205.843734 
0.945037 3.000000 211.547346 
0.950037 3.000000 211.547346 
0.955037 3.000000 217.250959 
0.960038 3.000000 211.547346 
0.965038 3.000000 217.250959 
0.970038 3.000000 213.448550 
0.975038 3.000000 207.744938 
0.980038 3.000000 217.250959 
0.985038 3.000000 207.744938 
0.990039 3.000000 209.646142 
0.995039 3.000000 213.448550 
