0.000000 1.500000 1.692676 
0.005001 1.500000 5.495084 
0.010001 1.500000 3.593880 
0.015001 1.500000 -2.109732 
0.020001 1.500000 9.297492 
0.025001 1.500000 7.396288 
0.030001 1.500000 9.297492 
0.035002 1.500000 22.605921 
0.040002 1.500000 22.605921 
0.045002 1.500000 26.408330 
0.050002 1.500000 28.309534 
0.055002 1.500000 26.408330 
0.060002 1.500000 26.408330 
0.065002 1.500000 32.111942 
0.070003 1.500000 35.914351 
0.075003 1.500000 30.210738 
0.080003 1.500000 41.617963 
0.085003 1.500000 37.815555 
0.090003 1.500000 34.013146 
0.095003 1.500000 39.716759 
0.100003 1.500000 34.013146 
0.105003 1.500000 43.519167 
0.110004 1.500000 37.815555 
0.115004 1.500000 43.519167 
0.120004 1.500000 41.617963 
0.125004 1.500000 43.519167 
0.130004 1.500000 37.815555 
0.135005 1.500000 45.420371 
0.140005 1.500000 45.420371 
0.145005 1.500000 47.321575 
0.150005 1.500000 43.519167 
0.155005 1.500000 37.815555 
0.160005 1.500000 41.617963 
0.165005 1.500000 45.420371 
0.170006 1.500000 49.222780 
0.175006 1.500000 51.123984 
0.180006 1.500000 51.123984 
0.185006 1.500000 43.519167 
0.190006 1.500000 45.420371 
0.195006 1.500000 43.519167 
0.200007 1.500000 43.519167 
0.205007 1.500000 41.617963 
0.210007 1.500000 45.420371 
0.215007 1.500000 51.123984 
0.220007 1.500000 47.321575 
0.225007 1.500000 43.519167 
0.230007 1.500000 43.519167 
0.235008 1.500000 41.617963 
0.240008 1.500000 45.420371 
0.245008 1.500000 51.123984 
0.250008 1.500000 47.321575 
0.255008 1.500000 47.321575 
0.260008 1.500000 47.321575 
0.265008 1.500000 41.617963 
0.270008 1.500000 45.420371 
0.275009 1.500000 39.716759 
0.280009 1.500000 47.321575 
0.285009 1.500000 43.519167 
0.290009 1.500000 45.420371 
0.295009 1.500000 43.519167 
0.300009 1.500000 43.519167 
0.305009 1.500000 49.222780 
0.310009 1.500000 53.025188 
0.315010 1.500000 45.420371 
0.320010 1.500000 45.420371 
0.325010 1.500000 45.420371 
0.330010 1.500000 51.123984 
0.335010 1.500000 45.420371 
0.340010 1.500000 49.222780 
0.345010 1.500000 47.321575 
0.350010 1.500000 43.519167 
0.355011 1.500000 49.222780 
0.360011 1.500000 51.123984 
0.365011 1.500000 43.519167 
0.370011 1.500000 43.519167 
0.375011 1.500000 37.815555 
0.380011 1.500000 43.519167 
0.385011 1.500000 41.617963 
0.390012 1.500000 41.617963 
0.395012 1.500000 37.815555 
0.400012 1.500000 47.321575 
0.405012 1.500000 43.519167 
0.410012 1.500000 39.716759 
0.415012 1.500000 47.321575 
0.420012 1.500000 43.519167 
0.425012 1.500000 35.914351 
0.430013 1.500000 43.519167 
0.435013 1.500000 39.716759 
0.440013 1.500000 49.222780 
0.445013 1.500000 49.222780 
0.450013 1.500000 41.617963 
0.455013 1.500000 43.519167 
0.460013 1.500000 45.420371 
0.465013 1.500000 41.617963 
0.470013 1.500000 41.617963 
0.475014 1.500000 47.321575 
0.480014 1.500000 45.420371 
0.485014 1.500000 41.617963 
0.490014 1.500000 45.420371 
0.495014 1.500000 39.716759 
0.500029 1.500000 41.617963 
0.505030 1.500000 43.519167 
0.510030 1.500000 37.815555 
0.515030 1.500000 45.420371 
0.520030 1.500000 41.617963 
0.525030 1.500000 41.617963 
0.530030 1.500000 45.420371 
0.535030 1.500000 47.321575 
0.540031 1.500000 41.617963 
0.545031 1.500000 41.617963 
0.550031 1.500000 39.716759 
0.555031 1.500000 39.716759 
0.560031 1.500000 35.914351 
0.565031 1.500000 35.914351 
0.570031 1.500000 41.617963 
0.575032 1.500000 34.013146 
0.580032 1.500000 37.815555 
0.585032 1.500000 43.519167 
0.590032 1.500000 39.716759 
0.595032 1.500000 43.519167 
0.600032 1.500000 39.716759 
0.605032 1.500000 34.013146 
0.610032 1.500000 34.013146 
0.615032 1.500000 37.815555 
0.620033 1.500000 35.914351 
0.625033 1.500000 45.420371 
0.630033 1.500000 41.617963 
0.635033 1.500000 37.815555 
0.640033 1.500000 32.111942 
0.645033 1.500000 43.519167 
0.650033 1.500000 37.815555 
0.655033 1.500000 34.013146 
0.660033 1.500000 37.815555 
0.665034 1.500000 32.111942 
0.670034 1.500000 35.914351 
0.675034 1.500000 34.013146 
0.680034 1.500000 32.111942 
0.685034 1.500000 34.013146 
0.690034 1.500000 35.914351 
0.695034 1.500000 30.210738 
0.700034 1.500000 34.013146 
0.705034 1.500000 34.013146 
0.710035 1.500000 30.210738 
0.715035 1.500000 37.815555 
0.720035 1.500000 35.914351 
0.725035 1.500000 35.914351 
0.730035 1.500000 35.914351 
0.735035 1.500000 34.013146 
0.740035 1.500000 32.111942 
0.745035 1.500000 37.815555 
0.750036 1.500000 37.815555 
0.755036 1.500000 34.013146 
0.760036 1.500000 32.111942 
0.765036 1.500000 35.914351 
0.770036 1.500000 30.210738 
0.775036 1.500000 28.309534 
0.780036 1.500000 30.210738 
0.785037 1.500000 37.815555 
0.790037 1.500000 32.111942 
0.795037 1.500000 35.914351 
0.800037 1.500000 34.013146 
0.805037 1.500000 28.309534 
0.810037 1.500000 32.111942 
0.815037 1.500000 30.210738 
0.820037 1.500000 26.408330 
0.825037 1.500000 30.210738 
0.830038 1.500000 32.111942 
0.835038 1.500000 26.408330 
0.840038 1.500000 32.111942 
0.845038 1.500000 32.111942 
0.850038 1.500000 28.309534 
0.855038 1.500000 35.914351 
0.860038 1.500000 32.111942 
0.865038 1.500000 34.013146 
0.870038 1.500000 28.309534 
0.875038 1.500000 24.507126 
0.880039 1.500000 32.111942 
0.885039 1.500000 37.815555 
0.890039 1.500000 32.111942 
0.895039 1.500000 30.210738 
0.900039 1.500000 34.013146 
0.905039 1.500000 28.309534 
0.910039 1.500000 30.210738 
0.915039 1.500000 35.914351 
0.920039 1.500000 26.408330 
0.925040 1.500000 34.013146 
0.930040 1.500000 28.309534 
0.935040 1.500000 34.013146 
0.940040 1.500000 28.309534 
0.945040 1.500000 24.507126 
0.950040 1.500000 28.309534 
0.955041 1.500000 24.507126 
0.960041 1.500000 34.013146 
0.965041 1.500000 30.210738 
0.970041 1.500000 28.309534 
0.975041 1.500000 30.210738 
0.980041 1.500000 28.309534 
0.985041 1.500000 24.507126 
0.990041 1.500000 30.210738 
0.995042 1.500000 34.013146 
