0.000002 3.400000 -0.375173 
0.005002 3.400000 -0.375173 
0.010002 3.400000 3.427235 
0.015003 3.400000 9.130848 
0.020003 3.400000 47.154931 
0.025003 3.400000 68.068176 
0.030004 3.400000 123.203097 
0.035004 3.400000 147.918751 
0.040005 3.400000 174.535609 
0.045005 3.400000 184.041630 
0.050005 3.400000 178.338017 
0.055005 3.400000 185.942834 
0.060005 3.400000 184.041630 
0.065005 3.400000 193.547650 
0.070006 3.400000 193.547650 
0.075006 3.400000 206.856079 
0.080006 3.400000 210.658488 
0.085006 3.400000 214.460896 
0.090006 3.400000 208.757284 
0.095006 3.400000 214.460896 
0.100006 3.400000 220.164508 
0.105007 3.400000 220.164508 
0.110007 3.400000 218.263304 
0.115008 3.400000 212.559692 
0.120008 3.400000 216.362100 
0.125008 3.400000 218.263304 
0.130008 3.400000 222.065713 
0.135008 3.400000 220.164508 
0.140009 3.400000 220.164508 
0.145009 3.400000 218.263304 
0.150009 3.400000 216.362100 
0.155009 3.400000 216.362100 
0.160009 3.400000 225.868121 
0.165009 3.400000 223.966917 
0.170010 3.400000 218.263304 
0.175010 3.400000 214.460896 
0.180010 3.400000 220.164508 
0.185010 3.400000 222.065713 
0.190010 3.400000 223.966917 
0.195011 3.400000 223.966917 
0.200011 3.400000 218.263304 
0.205011 3.400000 214.460896 
0.210011 3.400000 216.362100 
0.215011 3.400000 225.868121 
0.220011 3.400000 218.263304 
0.225012 3.400000 216.362100 
0.230012 3.400000 216.362100 
0.235012 3.400000 214.460896 
0.240012 3.400000 218.263304 
0.245012 3.400000 218.263304 
0.250012 3.400000 212.559692 
0.255012 3.400000 216.362100 
0.260013 3.400000 216.362100 
0.265013 3.400000 220.164508 
0.270013 3.400000 214.460896 
0.275013 3.400000 216.362100 
0.280013 3.400000 220.164508 
0.285013 3.400000 210.658488 
0.290013 3.400000 212.559692 
0.295014 3.400000 210.658488 
0.300014 3.400000 216.362100 
0.305014 3.400000 220.164508 
0.310014 3.400000 218.263304 
0.315014 3.400000 210.658488 
0.320014 3.400000 210.658488 
0.325014 3.400000 216.362100 
0.330014 3.400000 208.757284 
0.335014 3.400000 218.263304 
0.340015 3.400000 220.164508 
0.345015 3.400000 210.658488 
0.350015 3.400000 199.251263 
0.355015 3.400000 210.658488 
0.360015 3.400000 204.954875 
0.365015 3.400000 218.263304 
0.370015 3.400000 216.362100 
0.375015 3.400000 210.658488 
0.380016 3.400000 204.954875 
0.385016 3.400000 210.658488 
0.390016 3.400000 210.658488 
0.395016 3.400000 216.362100 
0.400016 3.400000 210.658488 
0.405016 3.400000 210.658488 
0.410016 3.400000 204.954875 
0.415016 3.400000 208.757284 
0.420017 3.400000 208.757284 
0.425017 3.400000 216.362100 
0.430017 3.400000 210.658488 
0.435017 3.400000 216.362100 
0.440017 3.400000 208.757284 
0.445017 3.400000 204.954875 
0.450017 3.400000 203.053671 
0.455017 3.400000 216.362100 
0.460017 3.400000 212.559692 
0.465017 3.400000 214.460896 
0.470017 3.400000 204.954875 
0.475017 3.400000 206.856079 
0.480018 3.400000 201.152467 
0.485018 3.400000 212.559692 
0.490018 3.400000 212.559692 
0.495018 3.400000 214.460896 
0.500018 3.400000 208.757284 
0.505018 3.400000 203.053671 
0.510018 3.400000 206.856079 
0.515019 3.400000 216.362100 
0.520019 3.400000 214.460896 
0.525019 3.400000 208.757284 
0.530019 3.400000 206.856079 
0.535019 3.400000 208.757284 
0.540019 3.400000 214.460896 
0.545019 3.400000 210.658488 
0.550019 3.400000 214.460896 
0.555020 3.400000 203.053671 
0.560020 3.400000 216.362100 
0.565020 3.400000 212.559692 
0.570020 3.400000 210.658488 
0.575020 3.400000 206.856079 
0.580020 3.400000 204.954875 
0.585020 3.400000 218.263304 
0.590020 3.400000 214.460896 
0.595020 3.400000 220.164508 
0.600020 3.400000 210.658488 
0.605020 3.400000 208.757284 
0.610021 3.400000 208.757284 
0.615021 3.400000 210.658488 
0.620021 3.400000 212.559692 
0.625021 3.400000 212.559692 
0.630021 3.400000 206.856079 
0.635021 3.400000 214.460896 
0.640021 3.400000 214.460896 
0.645021 3.400000 218.263304 
0.650021 3.400000 208.757284 
0.655021 3.400000 220.164508 
0.660021 3.400000 220.164508 
0.665022 3.400000 216.362100 
0.670022 3.400000 208.757284 
0.675022 3.400000 218.263304 
0.680022 3.400000 220.164508 
0.685022 3.400000 220.164508 
0.690022 3.400000 214.460896 
0.695022 3.400000 208.757284 
0.700022 3.400000 216.362100 
0.705022 3.400000 212.559692 
0.710023 3.400000 225.868121 
0.715023 3.400000 218.263304 
0.720023 3.400000 216.362100 
0.725023 3.400000 212.559692 
0.730023 3.400000 206.856079 
0.735023 3.400000 212.559692 
0.740023 3.400000 227.769325 
0.745024 3.400000 218.263304 
0.750024 3.400000 223.966917 
0.755024 3.400000 214.460896 
0.760024 3.400000 214.460896 
0.765024 3.400000 214.460896 
0.770024 3.400000 216.362100 
0.775025 3.400000 222.065713 
0.780025 3.400000 225.868121 
0.785025 3.400000 218.263304 
0.790025 3.400000 216.362100 
0.795025 3.400000 223.966917 
0.800026 3.400000 220.164508 
0.805026 3.400000 225.868121 
0.810026 3.400000 223.966917 
0.815026 3.400000 225.868121 
0.820027 3.400000 218.263304 
0.825027 3.400000 220.164508 
0.830027 3.400000 222.065713 
0.835027 3.400000 225.868121 
0.840027 3.400000 220.164508 
0.845028 3.400000 222.065713 
0.850028 3.400000 223.966917 
0.855028 3.400000 229.670529 
0.860028 3.400000 231.571733 
0.865028 3.400000 225.868121 
0.870028 3.400000 225.868121 
0.875029 3.400000 227.769325 
0.880029 3.400000 229.670529 
0.885029 3.400000 225.868121 
0.890029 3.400000 227.769325 
0.895029 3.400000 227.769325 
0.900029 3.400000 229.670529 
0.905030 3.400000 229.670529 
0.910030 3.400000 223.966917 
0.915030 3.400000 229.670529 
0.920030 3.400000 225.868121 
0.925031 3.400000 233.472937 
0.930031 3.400000 233.472937 
0.935031 3.400000 233.472937 
0.940031 3.400000 229.670529 
0.945031 3.400000 229.670529 
0.950032 3.400000 233.472937 
0.955032 3.400000 241.077754 
0.960032 3.400000 235.374142 
0.965032 3.400000 237.275346 
0.970032 3.400000 233.472937 
0.975032 3.400000 239.176550 
0.980032 3.400000 241.077754 
0.985032 3.400000 246.781367 
0.990032 3.400000 242.978958 
0.995033 3.400000 246.781367 
