0.000001 2.500000 0.279339 
0.005001 2.500000 4.081748 
0.010001 2.500000 -3.523069 
0.015001 2.500000 7.884156 
0.020001 2.500000 44.007035 
0.025001 2.500000 63.019076 
0.030001 2.500000 93.438343 
0.035016 2.500000 110.549180 
0.040028 2.500000 101.043159 
0.045033 2.500000 104.845568 
0.050034 2.500000 110.549180 
0.055034 2.500000 121.956405 
0.060034 2.500000 127.660017 
0.065034 2.500000 140.968447 
0.070034 2.500000 140.968447 
0.075035 2.500000 146.672059 
0.080035 2.500000 139.067242 
0.085035 2.500000 133.363630 
0.090035 2.500000 152.375671 
0.095036 2.500000 156.178080 
0.100036 2.500000 159.980488 
0.105036 2.500000 159.980488 
0.110036 2.500000 161.881692 
0.115036 2.500000 161.881692 
0.120036 2.500000 159.980488 
0.125037 2.500000 159.980488 
0.130037 2.500000 165.684101 
0.135037 2.500000 167.585305 
0.140037 2.500000 161.881692 
0.145037 2.500000 161.881692 
0.150037 2.500000 159.980488 
0.155038 2.500000 163.782896 
0.160038 2.500000 175.190121 
0.165038 2.500000 169.486509 
0.170051 2.500000 173.288917 
0.175051 2.500000 169.486509 
0.180051 2.500000 169.486509 
0.185051 2.500000 169.486509 
0.190051 2.500000 167.585305 
0.195052 2.500000 169.486509 
0.200052 2.500000 171.387713 
0.205052 2.500000 178.992530 
0.210052 2.500000 175.190121 
0.215052 2.500000 171.387713 
0.220052 2.500000 163.782896 
0.225052 2.500000 161.881692 
0.230052 2.500000 165.684101 
0.235052 2.500000 173.288917 
0.240052 2.500000 171.387713 
0.245052 2.500000 171.387713 
0.250053 2.500000 169.486509 
0.255053 2.500000 167.585305 
0.260053 2.500000 173.288917 
0.265053 2.500000 169.486509 
0.270053 2.500000 165.684101 
0.275053 2.500000 165.684101 
0.280053 2.500000 167.585305 
0.285053 2.500000 167.585305 
0.290054 2.500000 161.881692 
0.295054 2.500000 167.585305 
0.300054 2.500000 167.585305 
0.305054 2.500000 167.585305 
0.310054 2.500000 161.881692 
0.315064 2.500000 163.782896 
0.320064 2.500000 167.585305 
0.325081 2.500000 171.387713 
0.330081 2.500000 165.684101 
0.335081 2.500000 171.387713 
0.340081 2.500000 169.486509 
0.345082 2.500000 167.585305 
0.350082 2.500000 163.782896 
0.355082 2.500000 169.486509 
0.360082 2.500000 163.782896 
0.365082 2.500000 163.782896 
0.370082 2.500000 161.881692 
0.375082 2.500000 156.178080 
0.380082 2.500000 158.079284 
0.385082 2.500000 165.684101 
0.390082 2.500000 165.684101 
0.395082 2.500000 159.980488 
0.400083 2.500000 163.782896 
0.405083 2.500000 156.178080 
0.410083 2.500000 152.375671 
0.415083 2.500000 163.782896 
0.420083 2.500000 161.881692 
0.425083 2.500000 165.684101 
0.430083 2.500000 163.782896 
0.435084 2.500000 163.782896 
0.440084 2.500000 154.276876 
0.445084 2.500000 158.079284 
0.450084 2.500000 156.178080 
0.455084 2.500000 156.178080 
0.460084 2.500000 159.980488 
0.465085 2.500000 156.178080 
0.470085 2.500000 154.276876 
0.475085 2.500000 158.079284 
0.480085 2.500000 154.276876 
0.485085 2.500000 152.375671 
0.490086 2.500000 156.178080 
0.495086 2.500000 154.276876 
0.500086 2.500000 156.178080 
0.505086 2.500000 159.980488 
0.510086 2.500000 159.980488 
0.515086 2.500000 159.980488 
0.520086 2.500000 156.178080 
0.525086 2.500000 152.375671 
0.530086 2.500000 156.178080 
0.535087 2.500000 150.474467 
0.540087 2.500000 150.474467 
0.545087 2.500000 146.672059 
0.550087 2.500000 156.178080 
0.555087 2.500000 152.375671 
0.560087 2.500000 154.276876 
0.565087 2.500000 152.375671 
0.570088 2.500000 152.375671 
0.575088 2.500000 154.276876 
0.580088 2.500000 146.672059 
0.585088 2.500000 150.474467 
0.590088 2.500000 158.079284 
0.595088 2.500000 156.178080 
0.600088 2.500000 156.178080 
0.605088 2.500000 159.980488 
0.610089 2.500000 156.178080 
0.615089 2.500000 152.375671 
0.620089 2.500000 148.573263 
0.625089 2.500000 150.474467 
0.630089 2.500000 158.079284 
0.635089 2.500000 156.178080 
0.640089 2.500000 150.474467 
0.645089 2.500000 156.178080 
0.650089 2.500000 150.474467 
0.655090 2.500000 154.276876 
0.660090 2.500000 154.276876 
0.665090 2.500000 154.276876 
0.670090 2.500000 152.375671 
0.675090 2.500000 152.375671 
0.680090 2.500000 154.276876 
0.685090 2.500000 150.474467 
0.690091 2.500000 156.178080 
0.695091 2.500000 158.079284 
0.700091 2.500000 161.881692 
0.705091 2.500000 158.079284 
0.710091 2.500000 159.980488 
0.715091 2.500000 156.178080 
0.720091 2.500000 152.375671 
0.725092 2.500000 154.276876 
0.730092 2.500000 154.276876 
0.735092 2.500000 156.178080 
0.740092 2.500000 161.881692 
0.745098 2.500000 158.079284 
0.750098 2.500000 158.079284 
0.755098 2.500000 152.375671 
0.760102 2.500000 146.672059 
0.765103 2.500000 150.474467 
0.770103 2.500000 154.276876 
0.775103 2.500000 161.881692 
0.780103 2.500000 156.178080 
0.785109 2.500000 158.079284 
0.790110 2.500000 154.276876 
0.795110 2.500000 158.079284 
0.800110 2.500000 159.980488 
0.805110 2.500000 156.178080 
0.810110 2.500000 158.079284 
0.815110 2.500000 156.178080 
0.820110 2.500000 159.980488 
0.825110 2.500000 163.782896 
0.830111 2.500000 158.079284 
0.835111 2.500000 154.276876 
0.840111 2.500000 156.178080 
0.845111 2.500000 159.980488 
0.850111 2.500000 163.782896 
0.855111 2.500000 161.881692 
0.860111 2.500000 161.881692 
0.865112 2.500000 154.276876 
0.870112 2.500000 154.276876 
0.875112 2.500000 156.178080 
0.880112 2.500000 159.980488 
0.885112 2.500000 159.980488 
0.890112 2.500000 159.980488 
0.895112 2.500000 158.079284 
0.900112 2.500000 163.782896 
0.905113 2.500000 171.387713 
0.910113 2.500000 159.980488 
0.915113 2.500000 161.881692 
0.920113 2.500000 156.178080 
0.925113 2.500000 156.178080 
0.930113 2.500000 156.178080 
0.935113 2.500000 158.079284 
0.940113 2.500000 163.782896 
0.945113 2.500000 165.684101 
0.950114 2.500000 163.782896 
0.955114 2.500000 167.585305 
0.960114 2.500000 165.684101 
0.965114 2.500000 165.684101 
0.970114 2.500000 167.585305 
0.975114 2.500000 163.782896 
0.980114 2.500000 167.585305 
0.985114 2.500000 161.881692 
0.990114 2.500000 159.980488 
0.995115 2.500000 161.881692 
