0.000001 1.700000 1.004140 
0.005001 1.700000 2.905344 
0.010001 1.700000 -0.897065 
0.015001 1.700000 -0.897065 
0.020002 1.700000 8.608956 
0.025002 1.700000 20.016181 
0.030002 1.700000 35.225814 
0.035002 1.700000 40.929427 
0.040002 1.700000 39.028223 
0.045003 1.700000 48.534243 
0.050003 1.700000 37.127018 
0.055003 1.700000 44.731835 
0.060003 1.700000 50.435447 
0.065004 1.700000 56.139060 
0.070004 1.700000 61.842672 
0.075004 1.700000 56.139060 
0.080004 1.700000 50.435447 
0.085004 1.700000 52.336652 
0.090004 1.700000 56.139060 
0.095004 1.700000 61.842672 
0.100005 1.700000 59.941468 
0.105005 1.700000 71.348693 
0.110005 1.700000 65.645081 
0.115005 1.700000 71.348693 
0.120005 1.700000 69.447489 
0.125005 1.700000 73.249897 
0.130006 1.700000 73.249897 
0.135006 1.700000 67.546285 
0.140006 1.700000 73.249897 
0.145006 1.700000 65.645081 
0.150006 1.700000 77.052306 
0.155006 1.700000 73.249897 
0.160006 1.700000 73.249897 
0.165007 1.700000 78.953510 
0.170007 1.700000 77.052306 
0.175007 1.700000 75.151101 
0.180007 1.700000 73.249897 
0.185007 1.700000 78.953510 
0.190008 1.700000 73.249897 
0.195008 1.700000 78.953510 
0.200008 1.700000 75.151101 
0.205008 1.700000 71.348693 
0.210008 1.700000 73.249897 
0.215008 1.700000 80.854714 
0.220008 1.700000 75.151101 
0.225009 1.700000 80.854714 
0.230009 1.700000 73.249897 
0.235009 1.700000 80.854714 
0.240009 1.700000 75.151101 
0.245009 1.700000 75.151101 
0.250010 1.700000 78.953510 
0.255010 1.700000 73.249897 
0.260010 1.700000 78.953510 
0.265010 1.700000 73.249897 
0.270010 1.700000 80.854714 
0.275010 1.700000 73.249897 
0.280011 1.700000 78.953510 
0.285011 1.700000 78.953510 
0.290011 1.700000 77.052306 
0.295011 1.700000 82.755918 
0.300011 1.700000 73.249897 
0.305011 1.700000 80.854714 
0.310011 1.700000 78.953510 
0.315011 1.700000 78.953510 
0.320011 1.700000 78.953510 
0.325012 1.700000 80.854714 
0.330012 1.700000 75.151101 
0.335012 1.700000 77.052306 
0.340012 1.700000 82.755918 
0.345013 1.700000 77.052306 
0.350013 1.700000 77.052306 
0.355013 1.700000 71.348693 
0.360013 1.700000 80.854714 
0.365013 1.700000 71.348693 
0.370013 1.700000 77.052306 
0.375014 1.700000 75.151101 
0.380014 1.700000 78.953510 
0.385014 1.700000 77.052306 
0.390014 1.700000 80.854714 
0.395014 1.700000 73.249897 
0.400014 1.700000 77.052306 
0.405014 1.700000 73.249897 
0.410014 1.700000 71.348693 
0.415014 1.700000 71.348693 
0.420015 1.700000 75.151101 
0.425015 1.700000 75.151101 
0.430015 1.700000 75.151101 
0.435015 1.700000 67.546285 
0.440015 1.700000 77.052306 
0.445015 1.700000 73.249897 
0.450015 1.700000 78.953510 
0.455015 1.700000 67.546285 
0.460016 1.700000 69.447489 
0.465016 1.700000 69.447489 
0.470016 1.700000 75.151101 
0.475016 1.700000 77.052306 
0.480016 1.700000 67.546285 
0.485016 1.700000 73.249897 
0.490016 1.700000 67.546285 
0.495016 1.700000 71.348693 
0.500017 1.700000 65.645081 
0.505017 1.700000 75.151101 
0.510017 1.700000 63.743877 
0.515017 1.700000 73.249897 
0.520017 1.700000 69.447489 
0.525017 1.700000 69.447489 
0.530017 1.700000 65.645081 
0.535017 1.700000 65.645081 
0.540017 1.700000 73.249897 
0.545018 1.700000 61.842672 
0.550018 1.700000 73.249897 
0.555018 1.700000 61.842672 
0.560018 1.700000 69.447489 
0.565018 1.700000 67.546285 
0.570018 1.700000 71.348693 
0.575018 1.700000 69.447489 
0.580019 1.700000 65.645081 
0.585019 1.700000 67.546285 
0.590019 1.700000 65.645081 
0.595019 1.700000 69.447489 
0.600019 1.700000 65.645081 
0.605019 1.700000 58.040264 
0.610019 1.700000 61.842672 
0.615019 1.700000 63.743877 
0.620020 1.700000 63.743877 
0.625020 1.700000 59.941468 
0.630020 1.700000 71.348693 
0.635020 1.700000 58.040264 
0.640020 1.700000 73.249897 
0.645020 1.700000 59.941468 
0.650020 1.700000 61.842672 
0.655020 1.700000 63.743877 
0.660020 1.700000 59.941468 
0.665020 1.700000 67.546285 
0.670020 1.700000 69.447489 
0.675021 1.700000 65.645081 
0.680021 1.700000 65.645081 
0.685021 1.700000 63.743877 
0.690021 1.700000 59.941468 
0.695021 1.700000 61.842672 
0.700021 1.700000 65.645081 
0.705021 1.700000 63.743877 
0.710021 1.700000 63.743877 
0.715021 1.700000 58.040264 
0.720021 1.700000 58.040264 
0.725022 1.700000 63.743877 
0.730022 1.700000 58.040264 
0.735022 1.700000 59.941468 
0.740022 1.700000 58.040264 
0.745023 1.700000 58.040264 
0.750023 1.700000 58.040264 
0.755023 1.700000 56.139060 
0.760023 1.700000 59.941468 
0.765023 1.700000 56.139060 
0.770023 1.700000 65.645081 
0.775024 1.700000 54.237856 
0.780024 1.700000 59.941468 
0.785024 1.700000 65.645081 
0.790024 1.700000 54.237856 
0.795024 1.700000 58.040264 
0.800024 1.700000 61.842672 
0.805024 1.700000 56.139060 
0.810025 1.700000 58.040264 
0.815025 1.700000 56.139060 
0.820025 1.700000 61.842672 
0.825025 1.700000 61.842672 
0.830025 1.700000 58.040264 
0.835025 1.700000 58.040264 
0.840026 1.700000 52.336652 
0.845026 1.700000 58.040264 
0.850034 1.700000 54.237856 
0.855034 1.700000 52.336652 
0.860034 1.700000 58.040264 
0.865034 1.700000 54.237856 
0.870034 1.700000 56.139060 
0.875035 1.700000 58.040264 
0.880035 1.700000 54.237856 
0.885035 1.700000 54.237856 
0.890035 1.700000 56.139060 
0.895036 1.700000 44.731835 
0.900036 1.700000 59.941468 
0.905036 1.700000 54.237856 
0.910036 1.700000 59.941468 
0.915036 1.700000 54.237856 
0.920036 1.700000 58.040264 
0.925036 1.700000 48.534243 
0.930036 1.700000 58.040264 
0.935036 1.700000 48.534243 
0.940037 1.700000 54.237856 
0.945037 1.700000 54.237856 
0.950037 1.700000 48.534243 
0.955037 1.700000 54.237856 
0.960037 1.700000 48.534243 
0.965038 1.700000 56.139060 
0.970045 1.700000 58.040264 
0.975045 1.700000 58.040264 
0.980045 1.700000 54.237856 
0.985046 1.700000 52.336652 
0.990046 1.700000 54.237856 
0.995046 1.700000 46.633039 
