0.000000 3.300000 2.419120 
0.005000 3.300000 0.517916 
0.010001 3.300000 10.023936 
0.015001 3.300000 42.344407 
0.020001 3.300000 48.048019 
0.025001 3.300000 84.170898 
0.030001 3.300000 103.182940 
0.035001 3.300000 133.602206 
0.040002 3.300000 156.416656 
0.045002 3.300000 167.823881 
0.050002 3.300000 173.527493 
0.055002 3.300000 177.329902 
0.060002 3.300000 179.231106 
0.065002 3.300000 184.934718 
0.070003 3.300000 186.835922 
0.075003 3.300000 194.440739 
0.080003 3.300000 202.045556 
0.085003 3.300000 207.749168 
0.090003 3.300000 203.946760 
0.095004 3.300000 202.045556 
0.100004 3.300000 209.650372 
0.105004 3.300000 211.551576 
0.110004 3.300000 209.650372 
0.115004 3.300000 213.452781 
0.120004 3.300000 207.749168 
0.125004 3.300000 209.650372 
0.130004 3.300000 209.650372 
0.135005 3.300000 217.255189 
0.140005 3.300000 215.353985 
0.145005 3.300000 217.255189 
0.150005 3.300000 217.255189 
0.155006 3.300000 213.452781 
0.160006 3.300000 209.650372 
0.165006 3.300000 213.452781 
0.170006 3.300000 215.353985 
0.175006 3.300000 207.749168 
0.180006 3.300000 221.057597 
0.185006 3.300000 209.650372 
0.190007 3.300000 221.057597 
0.195007 3.300000 213.452781 
0.200007 3.300000 217.255189 
0.205007 3.300000 213.452781 
0.210007 3.300000 219.156393 
0.215007 3.300000 215.353985 
0.220008 3.300000 211.551576 
0.225008 3.300000 209.650372 
0.230008 3.300000 209.650372 
0.235008 3.300000 215.353985 
0.240008 3.300000 215.353985 
0.245009 3.300000 213.452781 
0.250009 3.300000 209.650372 
0.255009 3.300000 215.353985 
0.260009 3.300000 211.551576 
0.265009 3.300000 209.650372 
0.270010 3.300000 213.452781 
0.275010 3.300000 213.452781 
0.280010 3.300000 211.551576 
0.285010 3.300000 211.551576 
0.290010 3.300000 213.452781 
0.295010 3.300000 205.847964 
0.300011 3.300000 205.847964 
0.305011 3.300000 209.650372 
0.310011 3.300000 213.452781 
0.315011 3.300000 209.650372 
0.320011 3.300000 205.847964 
0.325011 3.300000 207.749168 
0.330012 3.300000 203.946760 
0.335013 3.300000 203.946760 
0.340013 3.300000 215.353985 
0.345013 3.300000 209.650372 
0.350014 3.300000 209.650372 
0.355014 3.300000 202.045556 
0.360014 3.300000 198.243147 
0.365014 3.300000 200.144352 
0.370014 3.300000 205.847964 
0.375015 3.300000 211.551576 
0.380015 3.300000 205.847964 
0.385015 3.300000 207.749168 
0.390015 3.300000 203.946760 
0.395015 3.300000 200.144352 
0.400015 3.300000 205.847964 
0.405026 3.300000 196.341943 
0.410026 3.300000 205.847964 
0.415026 3.300000 207.749168 
0.420026 3.300000 205.847964 
0.425026 3.300000 202.045556 
0.430027 3.300000 205.847964 
0.435027 3.300000 196.341943 
0.440028 3.300000 200.144352 
0.445028 3.300000 213.452781 
0.450028 3.300000 205.847964 
0.455029 3.300000 200.144352 
0.460029 3.300000 200.144352 
0.465029 3.300000 200.144352 
0.470030 3.300000 209.650372 
0.475030 3.300000 203.946760 
0.480030 3.300000 205.847964 
0.485031 3.300000 205.847964 
0.490031 3.300000 200.144352 
0.495032 3.300000 207.749168 
0.500032 3.300000 207.749168 
0.505032 3.300000 207.749168 
0.510032 3.300000 211.551576 
0.515032 3.300000 209.650372 
0.520033 3.300000 203.946760 
0.525033 3.300000 209.650372 
0.530033 3.300000 203.946760 
0.535033 3.300000 202.045556 
0.540034 3.300000 207.749168 
0.545034 3.300000 207.749168 
0.550034 3.300000 207.749168 
0.555034 3.300000 200.144352 
0.560034 3.300000 205.847964 
0.565035 3.300000 205.847964 
0.570035 3.300000 203.946760 
0.575035 3.300000 209.650372 
0.580035 3.300000 207.749168 
0.585036 3.300000 202.045556 
0.590036 3.300000 205.847964 
0.595036 3.300000 209.650372 
0.600037 3.300000 205.847964 
0.605037 3.300000 211.551576 
0.610037 3.300000 205.847964 
0.615037 3.300000 205.847964 
0.620037 3.300000 211.551576 
0.625037 3.300000 209.650372 
0.630038 3.300000 209.650372 
0.635038 3.300000 209.650372 
0.640038 3.300000 198.243147 
0.645038 3.300000 211.551576 
0.650038 3.300000 203.946760 
0.655038 3.300000 213.452781 
0.660038 3.300000 207.749168 
0.665038 3.300000 207.749168 
0.670039 3.300000 207.749168 
0.675039 3.300000 213.452781 
0.680048 3.300000 211.551576 
0.685048 3.300000 211.551576 
0.690049 3.300000 207.749168 
0.695049 3.300000 203.946760 
0.700049 3.300000 213.452781 
0.705049 3.300000 211.551576 
0.710049 3.300000 205.847964 
0.715050 3.300000 205.847964 
0.720050 3.300000 209.650372 
0.725051 3.300000 213.452781 
0.730051 3.300000 219.156393 
0.735051 3.300000 215.353985 
0.740051 3.300000 205.847964 
0.745051 3.300000 209.650372 
0.750052 3.300000 209.650372 
0.755052 3.300000 221.057597 
0.760053 3.300000 213.452781 
0.765053 3.300000 209.650372 
0.770053 3.300000 209.650372 
0.775053 3.300000 219.156393 
0.780053 3.300000 209.650372 
0.785053 3.300000 217.255189 
0.790053 3.300000 222.958801 
0.795053 3.300000 213.452781 
0.800054 3.300000 217.255189 
0.805054 3.300000 215.353985 
0.810054 3.300000 219.156393 
0.815054 3.300000 213.452781 
0.820054 3.300000 209.650372 
0.825058 3.300000 217.255189 
0.830058 3.300000 221.057597 
0.835058 3.300000 222.958801 
0.840059 3.300000 215.353985 
0.845059 3.300000 219.156393 
0.850059 3.300000 219.156393 
0.855059 3.300000 215.353985 
0.860059 3.300000 222.958801 
0.865060 3.300000 221.057597 
0.870060 3.300000 215.353985 
0.875060 3.300000 215.353985 
0.880061 3.300000 222.958801 
0.885061 3.300000 217.255189 
0.890061 3.300000 222.958801 
0.895061 3.300000 226.761210 
0.900061 3.300000 221.057597 
0.905061 3.300000 219.156393 
0.910062 3.300000 226.761210 
0.915062 3.300000 224.860006 
0.920062 3.300000 226.761210 
0.925063 3.300000 224.860006 
0.930063 3.300000 219.156393 
0.935063 3.300000 222.958801 
0.940064 3.300000 228.662414 
0.945064 3.300000 221.057597 
0.950064 3.300000 228.662414 
0.955064 3.300000 230.563618 
0.960064 3.300000 230.563618 
0.965064 3.300000 230.563618 
0.970064 3.300000 232.464822 
0.975065 3.300000 228.662414 
0.980065 3.300000 230.563618 
0.985065 3.300000 228.662414 
0.990065 3.300000 238.168435 
0.995065 3.300000 232.464822 
