0.000001 2.900000 4.402995 
0.005001 2.900000 -1.300617 
0.010001 2.900000 8.205404 
0.015001 2.900000 36.723466 
0.020002 2.900000 48.130691 
0.025002 2.900000 78.549957 
0.030002 2.900000 108.969224 
0.035002 2.900000 133.684878 
0.040002 2.900000 145.092103 
0.045004 2.900000 145.092103 
0.050004 2.900000 152.696919 
0.055005 2.900000 146.993307 
0.060005 2.900000 156.499328 
0.065005 2.900000 171.708961 
0.070005 2.900000 177.412573 
0.075005 2.900000 175.511369 
0.080006 2.900000 173.610165 
0.085006 2.900000 177.412573 
0.090006 2.900000 183.116186 
0.095006 2.900000 186.918594 
0.100006 2.900000 186.918594 
0.105006 2.900000 188.819798 
0.110006 2.900000 188.819798 
0.115007 2.900000 185.017390 
0.120007 2.900000 192.622206 
0.125007 2.900000 194.523411 
0.130007 2.900000 200.227023 
0.135007 2.900000 200.227023 
0.140007 2.900000 194.523411 
0.145008 2.900000 196.424615 
0.150008 2.900000 200.227023 
0.155008 2.900000 196.424615 
0.160008 2.900000 202.128227 
0.165008 2.900000 200.227023 
0.170008 2.900000 198.325819 
0.175008 2.900000 198.325819 
0.180008 2.900000 196.424615 
0.185009 2.900000 200.227023 
0.190009 2.900000 198.325819 
0.195009 2.900000 192.622206 
0.200009 2.900000 196.424615 
0.205009 2.900000 200.227023 
0.210010 2.900000 194.523411 
0.215011 2.900000 192.622206 
0.220012 2.900000 192.622206 
0.225012 2.900000 192.622206 
0.230012 2.900000 194.523411 
0.235012 2.900000 205.930635 
0.240012 2.900000 202.128227 
0.245012 2.900000 202.128227 
0.250013 2.900000 190.721002 
0.255013 2.900000 188.819798 
0.260014 2.900000 192.622206 
0.265014 2.900000 192.622206 
0.270014 2.900000 194.523411 
0.275014 2.900000 190.721002 
0.280014 2.900000 186.918594 
0.285014 2.900000 194.523411 
0.290014 2.900000 194.523411 
0.295014 2.900000 188.819798 
0.300015 2.900000 188.819798 
0.305015 2.900000 186.918594 
0.310025 2.900000 190.721002 
0.315026 2.900000 190.721002 
0.320030 2.900000 196.424615 
0.325030 2.900000 181.214981 
0.330031 2.900000 186.918594 
0.335031 2.900000 194.523411 
0.340031 2.900000 194.523411 
0.345031 2.900000 196.424615 
0.350031 2.900000 186.918594 
0.355031 2.900000 186.918594 
0.360031 2.900000 186.918594 
0.365031 2.900000 190.721002 
0.370031 2.900000 198.325819 
0.375031 2.900000 194.523411 
0.380031 2.900000 192.622206 
0.385032 2.900000 186.918594 
0.390032 2.900000 188.819798 
0.395032 2.900000 190.721002 
0.400032 2.900000 185.017390 
0.405032 2.900000 190.721002 
0.410033 2.900000 186.918594 
0.415033 2.900000 183.116186 
0.420033 2.900000 192.622206 
0.425033 2.900000 190.721002 
0.430033 2.900000 194.523411 
0.435033 2.900000 186.918594 
0.440033 2.900000 186.918594 
0.445034 2.900000 186.918594 
0.450034 2.900000 188.819798 
0.455034 2.900000 185.017390 
0.460035 2.900000 183.116186 
0.465035 2.900000 186.918594 
0.470035 2.900000 186.918594 
0.475035 2.900000 177.412573 
0.480035 2.900000 185.017390 
0.485035 2.900000 190.721002 
0.490036 2.900000 186.918594 
0.495036 2.900000 192.622206 
0.500036 2.900000 179.313777 
0.505036 2.900000 183.116186 
0.510036 2.900000 185.017390 
0.515036 2.900000 181.214981 
0.520036 2.900000 188.819798 
0.525036 2.900000 181.214981 
0.530037 2.900000 179.313777 
0.535037 2.900000 181.214981 
0.540037 2.900000 185.017390 
0.545037 2.900000 196.424615 
0.550037 2.900000 192.622206 
0.555037 2.900000 190.721002 
0.560037 2.900000 183.116186 
0.565038 2.900000 183.116186 
0.570038 2.900000 186.918594 
0.575038 2.900000 192.622206 
0.580038 2.900000 183.116186 
0.585038 2.900000 181.214981 
0.590038 2.900000 183.116186 
0.595039 2.900000 188.819798 
0.600053 2.900000 194.523411 
0.605053 2.900000 188.819798 
0.610054 2.900000 185.017390 
0.615054 2.900000 183.116186 
0.620054 2.900000 185.017390 
0.625054 2.900000 179.313777 
0.630054 2.900000 190.721002 
0.635054 2.900000 190.721002 
0.640055 2.900000 186.918594 
0.645057 2.900000 179.313777 
0.650057 2.900000 181.214981 
0.655057 2.900000 185.017390 
0.660057 2.900000 192.622206 
0.665057 2.900000 190.721002 
0.670057 2.900000 181.214981 
0.675057 2.900000 186.918594 
0.680058 2.900000 186.918594 
0.685058 2.900000 194.523411 
0.690058 2.900000 198.325819 
0.695058 2.900000 192.622206 
0.700058 2.900000 185.017390 
0.705058 2.900000 185.017390 
0.710058 2.900000 190.721002 
0.715058 2.900000 190.721002 
0.720068 2.900000 198.325819 
0.725068 2.900000 200.227023 
0.730068 2.900000 186.918594 
0.735069 2.900000 186.918594 
0.740069 2.900000 190.721002 
0.745069 2.900000 188.819798 
0.750069 2.900000 188.819798 
0.755069 2.900000 183.116186 
0.760069 2.900000 186.918594 
0.765069 2.900000 190.721002 
0.770069 2.900000 192.622206 
0.775083 2.900000 198.325819 
0.780083 2.900000 198.325819 
0.785084 2.900000 190.721002 
0.790084 2.900000 186.918594 
0.795084 2.900000 192.622206 
0.800084 2.900000 190.721002 
0.805084 2.900000 200.227023 
0.810084 2.900000 192.622206 
0.815098 2.900000 185.017390 
0.820098 2.900000 188.819798 
0.825098 2.900000 188.819798 
0.830098 2.900000 202.128227 
0.835098 2.900000 194.523411 
0.840098 2.900000 194.523411 
0.845098 2.900000 192.622206 
0.850114 2.900000 196.424615 
0.855114 2.900000 196.424615 
0.860114 2.900000 200.227023 
0.865115 2.900000 198.325819 
0.870115 2.900000 200.227023 
0.875115 2.900000 194.523411 
0.880115 2.900000 192.622206 
0.885115 2.900000 194.523411 
0.890115 2.900000 198.325819 
0.895127 2.900000 198.325819 
0.900127 2.900000 192.622206 
0.905127 2.900000 194.523411 
0.910127 2.900000 202.128227 
0.915127 2.900000 205.930635 
0.920129 2.900000 207.831840 
0.925129 2.900000 204.029431 
0.930129 2.900000 202.128227 
0.935129 2.900000 205.930635 
0.940129 2.900000 207.831840 
0.945129 2.900000 207.831840 
0.950129 2.900000 205.930635 
0.955130 2.900000 202.128227 
0.960130 2.900000 198.325819 
0.965130 2.900000 200.227023 
0.970130 2.900000 207.831840 
0.975130 2.900000 204.029431 
0.980130 2.900000 207.831840 
0.985130 2.900000 213.535452 
0.990130 2.900000 207.831840 
0.995130 2.900000 207.831840 
