0.000001 2.700000 -5.086981 
0.005001 2.700000 -1.284573 
0.010001 2.700000 8.221448 
0.015001 2.700000 15.826265 
0.020001 2.700000 50.047939 
0.025001 2.700000 70.961185 
0.030002 2.700000 112.787676 
0.035002 2.700000 114.688881 
0.040002 2.700000 120.392493 
0.045002 2.700000 127.997310 
0.050002 2.700000 131.799718 
0.055013 2.700000 139.404535 
0.060013 2.700000 145.108147 
0.065013 2.700000 150.811759 
0.070013 2.700000 154.614168 
0.075028 2.700000 158.416576 
0.080028 2.700000 156.515372 
0.085036 2.700000 160.317780 
0.090036 2.700000 162.218984 
0.095036 2.700000 177.428618 
0.100036 2.700000 175.527413 
0.105037 2.700000 175.527413 
0.110037 2.700000 175.527413 
0.115037 2.700000 175.527413 
0.120037 2.700000 169.823801 
0.125037 2.700000 179.329822 
0.130037 2.700000 181.231026 
0.135038 2.700000 181.231026 
0.140038 2.700000 185.033434 
0.145038 2.700000 181.231026 
0.150038 2.700000 179.329822 
0.155038 2.700000 179.329822 
0.160038 2.700000 186.934638 
0.165038 2.700000 190.737047 
0.170039 2.700000 190.737047 
0.175039 2.700000 181.231026 
0.180039 2.700000 185.033434 
0.185039 2.700000 186.934638 
0.190050 2.700000 188.835843 
0.195051 2.700000 194.539455 
0.200051 2.700000 185.033434 
0.205051 2.700000 183.132230 
0.210051 2.700000 177.428618 
0.215052 2.700000 183.132230 
0.220052 2.700000 190.737047 
0.225052 2.700000 179.329822 
0.230052 2.700000 179.329822 
0.235052 2.700000 175.527413 
0.240053 2.700000 186.934638 
0.245053 2.700000 186.934638 
0.250053 2.700000 190.737047 
0.255053 2.700000 179.329822 
0.260053 2.700000 177.428618 
0.265053 2.700000 179.329822 
0.270053 2.700000 186.934638 
0.275054 2.700000 190.737047 
0.280054 2.700000 186.934638 
0.285054 2.700000 177.428618 
0.290054 2.700000 175.527413 
0.295054 2.700000 177.428618 
0.300054 2.700000 183.132230 
0.305055 2.700000 185.033434 
0.310055 2.700000 175.527413 
0.315055 2.700000 181.231026 
0.320055 2.700000 177.428618 
0.325055 2.700000 183.132230 
0.330055 2.700000 185.033434 
0.335055 2.700000 183.132230 
0.340055 2.700000 185.033434 
0.345055 2.700000 171.725005 
0.350055 2.700000 173.626209 
0.355056 2.700000 179.329822 
0.360056 2.700000 186.934638 
0.365066 2.700000 186.934638 
0.370067 2.700000 175.527413 
0.375067 2.700000 175.527413 
0.380067 2.700000 171.725005 
0.385067 2.700000 175.527413 
0.390067 2.700000 179.329822 
0.395068 2.700000 175.527413 
0.400083 2.700000 175.527413 
0.405083 2.700000 179.329822 
0.410083 2.700000 173.626209 
0.415084 2.700000 167.922597 
0.420084 2.700000 179.329822 
0.425084 2.700000 175.527413 
0.430084 2.700000 175.527413 
0.435093 2.700000 169.823801 
0.440093 2.700000 167.922597 
0.445093 2.700000 179.329822 
0.450094 2.700000 175.527413 
0.455094 2.700000 175.527413 
0.460094 2.700000 173.626209 
0.465108 2.700000 166.021393 
0.470109 2.700000 166.021393 
0.475109 2.700000 167.922597 
0.480109 2.700000 173.626209 
0.485109 2.700000 177.428618 
0.490109 2.700000 177.428618 
0.495110 2.700000 173.626209 
0.500110 2.700000 162.218984 
0.505110 2.700000 167.922597 
0.510110 2.700000 167.922597 
0.515110 2.700000 177.428618 
0.520110 2.700000 179.329822 
0.525110 2.700000 171.725005 
0.530111 2.700000 179.329822 
0.535111 2.700000 164.120189 
0.540111 2.700000 166.021393 
0.545111 2.700000 171.725005 
0.550111 2.700000 175.527413 
0.555111 2.700000 179.329822 
0.560111 2.700000 169.823801 
0.565111 2.700000 167.922597 
0.570112 2.700000 166.021393 
0.575112 2.700000 171.725005 
0.580112 2.700000 175.527413 
0.585112 2.700000 175.527413 
0.590112 2.700000 171.725005 
0.595112 2.700000 166.021393 
0.600112 2.700000 175.527413 
0.605112 2.700000 171.725005 
0.610113 2.700000 179.329822 
0.615113 2.700000 173.626209 
0.620113 2.700000 171.725005 
0.625113 2.700000 169.823801 
0.630113 2.700000 173.626209 
0.635114 2.700000 173.626209 
0.640114 2.700000 171.725005 
0.645114 2.700000 175.527413 
0.650114 2.700000 166.021393 
0.655114 2.700000 164.120189 
0.660114 2.700000 162.218984 
0.665114 2.700000 173.626209 
0.670114 2.700000 179.329822 
0.675115 2.700000 179.329822 
0.680115 2.700000 181.231026 
0.685115 2.700000 169.823801 
0.690115 2.700000 164.120189 
0.695115 2.700000 164.120189 
0.700115 2.700000 177.428618 
0.705115 2.700000 179.329822 
0.710116 2.700000 179.329822 
0.715116 2.700000 164.120189 
0.720116 2.700000 166.021393 
0.725116 2.700000 173.626209 
0.730116 2.700000 179.329822 
0.735116 2.700000 183.132230 
0.740117 2.700000 179.329822 
0.745117 2.700000 169.823801 
0.750117 2.700000 167.922597 
0.755117 2.700000 171.725005 
0.760117 2.700000 171.725005 
0.765117 2.700000 177.428618 
0.770117 2.700000 179.329822 
0.775117 2.700000 179.329822 
0.780117 2.700000 177.428618 
0.785118 2.700000 173.626209 
0.790118 2.700000 173.626209 
0.795118 2.700000 173.626209 
0.800118 2.700000 179.329822 
0.805118 2.700000 179.329822 
0.810119 2.700000 175.527413 
0.815119 2.700000 177.428618 
0.820119 2.700000 175.527413 
0.825119 2.700000 179.329822 
0.830120 2.700000 179.329822 
0.835120 2.700000 179.329822 
0.840120 2.700000 169.823801 
0.845120 2.700000 175.527413 
0.850121 2.700000 175.527413 
0.855121 2.700000 181.231026 
0.860121 2.700000 183.132230 
0.865121 2.700000 185.033434 
0.870121 2.700000 177.428618 
0.875121 2.700000 177.428618 
0.880121 2.700000 179.329822 
0.885121 2.700000 177.428618 
0.890122 2.700000 179.329822 
0.895122 2.700000 186.934638 
0.900122 2.700000 185.033434 
0.905122 2.700000 183.132230 
0.910122 2.700000 181.231026 
0.915122 2.700000 185.033434 
0.920122 2.700000 181.231026 
0.925123 2.700000 181.231026 
0.930123 2.700000 188.835843 
0.935123 2.700000 186.934638 
0.940123 2.700000 186.934638 
0.945123 2.700000 183.132230 
0.950123 2.700000 183.132230 
0.955123 2.700000 186.934638 
0.960124 2.700000 188.835843 
0.965124 2.700000 188.835843 
0.970124 2.700000 185.033434 
0.975124 2.700000 190.737047 
0.980124 2.700000 190.737047 
0.985124 2.700000 192.638251 
0.990124 2.700000 188.835843 
0.995124 2.700000 186.934638 
