0.000001 0.000011 5.360279 
0.005001 0.109933 7.261483 
0.010001 0.219643 1.557870 
0.015001 0.328928 5.360279 
0.020001 0.437577 1.557870 
0.025001 0.545380 3.459074 
0.030001 0.652127 -0.343334 
0.035001 0.757618 3.459074 
0.040002 0.861642 -2.244538 
0.045002 0.963999 3.459074 
0.050002 1.064488 1.557870 
0.055002 1.162921 3.459074 
0.060003 1.259107 9.162687 
0.065003 1.352857 14.866299 
0.070003 1.443987 24.372320 
0.075003 1.532323 33.878341 
0.080003 1.617697 33.878341 
0.085004 1.699943 35.779545 
0.090004 1.778898 37.680749 
0.095004 1.854412 47.186770 
0.100004 1.926341 49.087974 
0.105004 1.994543 47.186770 
0.110004 2.058886 58.593995 
0.115005 2.119249 54.791587 
0.120005 2.175510 58.593995 
0.125005 2.227564 60.495199 
0.130005 2.275310 64.297607 
0.135006 2.318658 73.803628 
0.140006 2.357518 73.803628 
0.145006 2.391818 77.606036 
0.150006 2.421491 83.309649 
0.155006 2.446480 81.408445 
0.160006 2.466738 83.309649 
0.165007 2.482224 83.309649 
0.170007 2.492908 87.112057 
0.175007 2.498771 89.013261 
0.180007 2.499801 87.112057 
0.185007 2.495995 94.716874 
0.190008 2.487361 96.618078 
0.195008 2.473915 102.321690 
0.200008 2.455685 100.420486 
0.205008 2.432704 100.420486 
0.210009 2.405018 100.420486 
0.215009 2.372680 104.222894 
0.220019 2.335677 104.222894 
0.225019 2.294221 108.025303 
0.230019 2.248328 109.926507 
0.235020 2.198085 108.025303 
0.240020 2.143591 108.025303 
0.245020 2.084952 100.420486 
0.250021 2.022277 104.222894 
0.255021 1.955695 109.926507 
0.260021 1.885328 109.926507 
0.265021 1.811313 108.025303 
0.270021 1.733796 104.222894 
0.275022 1.652925 98.519282 
0.280022 1.568857 104.222894 
0.285022 1.481756 106.124099 
0.290022 1.391789 98.519282 
0.295022 1.299130 100.420486 
0.300022 1.203956 102.321690 
0.305022 1.106454 92.815670 
0.310023 1.006811 94.716874 
0.315023 0.905221 90.914465 
0.320023 0.801880 90.914465 
0.325023 0.696990 92.815670 
0.330023 0.590750 87.112057 
0.335023 0.483369 83.309649 
0.340024 0.375051 83.309649 
0.345024 0.266010 73.803628 
0.350024 0.156443 71.902424 
0.355025 0.046582 68.100016 
0.360025 -0.063366 62.396403 
0.365025 -0.173192 58.593995 
0.370025 -0.282683 54.791587 
0.375025 -0.391627 47.186770 
0.380030 -0.499913 45.285566 
0.385030 -0.607134 39.581953 
0.390030 -0.713178 41.483157 
0.395030 -0.817848 31.977137 
0.400031 -0.920935 28.174728 
0.405031 -1.022239 26.273524 
0.410031 -1.121563 12.965095 
0.415031 -1.218721 11.063891 
0.420040 -1.313681 1.557870 
0.425040 -1.405936 -0.343334 
0.430040 -1.495469 -13.651763 
0.435040 -1.582110 -25.058988 
0.440040 -1.665691 -44.071029 
0.445040 -1.746050 -44.071029 
0.450040 -1.823031 -51.675846 
0.455041 -1.896487 -51.675846 
0.460041 -1.966274 -59.280663 
0.465058 -2.032481 -59.280663 
0.470058 -2.094522 -66.885479 
0.475059 -2.152513 -63.083071 
0.480059 -2.206341 -74.490296 
0.485060 -2.255901 -72.589092 
0.490060 -2.301094 -72.589092 
0.495060 -2.341838 -82.095112 
0.500060 -2.378051 -80.193908 
0.505061 -2.409666 -91.601133 
0.510061 -2.436617 -89.699929 
0.515061 -2.458856 -99.205950 
0.520061 -2.476339 -106.810766 
0.525061 -2.489032 -104.909562 
0.530062 -2.496910 -101.107154 
0.535062 -2.499959 -114.415583 
0.540062 -2.498172 -108.711970 
0.545062 -2.491553 -114.415583 
0.550062 -2.480115 -118.217991 
0.555062 -2.463881 -118.217991 
0.560062 -2.442880 -123.921604 
0.565062 -2.417154 -116.316787 
0.570063 -2.386752 -120.119195 
0.575063 -2.351734 -127.724012 
0.580063 -2.312168 -125.822808 
0.585063 -2.268129 -133.427624 
0.590063 -2.219703 -123.921604 
0.595063 -2.166984 -133.427624 
0.600063 -2.110074 -125.822808 
0.605063 -2.049082 -133.427624 
0.610064 -1.984125 -131.526420 
0.615064 -1.915330 -133.427624 
0.620064 -1.842829 -135.328829 
0.625072 -1.766645 -129.625216 
0.630072 -1.687159 -133.427624 
0.635072 -1.604411 -135.328829 
0.640073 -1.518558 -131.526420 
0.645073 -1.429767 -133.427624 
0.650073 -1.338213 -141.032441 
0.655073 -1.244067 -129.625216 
0.660073 -1.147516 -131.526420 
0.665074 -1.048747 -131.526420 
0.670074 -0.947944 -125.822808 
0.675074 -0.845311 -118.217991 
0.680074 -0.741046 -108.711970 
0.685075 -0.635342 -103.008358 
0.690075 -0.528414 -106.810766 
0.695075 -0.420462 -103.008358 
0.700075 -0.311697 -101.107154 
0.705075 -0.202328 -91.601133 
0.710075 -0.092571 -93.502337 
0.715076 0.017368 -87.798725 
0.720076 0.127271 -80.193908 
0.725076 0.236928 -80.193908 
0.730076 0.346127 -70.687887 
0.735076 0.454658 -72.589092 
0.740076 0.562310 -72.589092 
0.745077 0.668876 -72.589092 
0.750077 0.774149 -49.774642 
0.755077 0.877921 -28.861396 
0.760077 0.979994 -13.651763 
0.765077 1.080173 9.162687 
0.770077 1.178261 18.668708 
0.775078 1.274072 20.569912 
0.780078 1.367418 31.977137 
0.785078 1.458120 26.273524 
0.790078 1.546003 30.075933 
0.795078 1.630891 31.977137 
0.800079 1.712626 35.779545 
0.805079 1.791048 45.285566 
0.810079 1.866005 54.791587 
0.815079 1.937352 62.396403 
0.820079 2.004956 60.495199 
0.825079 2.068681 71.902424 
0.830096 2.128593 60.495199 
0.835096 2.184185 64.297607 
0.840096 2.235553 68.100016 
0.845097 2.282596 64.297607 
0.850097 2.325223 79.507240 
0.855097 2.363353 79.507240 
0.860097 2.396912 81.408445 
0.865097 2.425835 89.013261 
0.870097 2.450064 92.815670 
0.875097 2.469555 87.112057 
0.880098 2.484270 85.210853 
0.885098 2.494179 89.013261 
0.890098 2.499264 92.815670 
0.895098 2.499514 89.013261 
0.900098 2.494930 102.321690 
0.905099 2.485520 100.420486 
0.910099 2.471302 100.420486 
0.915099 2.452305 100.420486 
0.920101 2.428554 106.124099 
0.925101 2.400114 108.025303 
0.930101 2.367032 109.926507 
0.935101 2.329371 104.222894 
0.940101 2.287204 104.222894 
0.945101 2.240614 102.321690 
0.950102 2.189689 111.827711 
0.955102 2.134529 102.321690 
0.960105 2.075208 104.222894 
0.965105 2.011903 108.025303 
0.970105 1.944706 111.827711 
0.975105 1.873748 113.728915 
0.980105 1.799167 113.728915 
0.985105 1.721106 106.124099 
0.990105 1.639715 111.827711 
0.995106 1.555154 109.926507 
1.000106 1.467582 106.124099 
1.005106 1.377172 106.124099 
1.010106 1.284099 104.222894 
1.015106 1.188541 94.716874 
1.020106 1.090686 96.618078 
1.025107 0.990720 96.618078 
1.030107 0.888839 102.321690 
1.035107 0.785237 100.420486 
1.040107 0.680116 94.716874 
1.045107 0.573679 87.112057 
1.050107 0.466133 83.309649 
1.055108 0.357687 85.210853 
1.060108 0.248548 81.408445 
1.065108 0.138927 77.606036 
1.070108 0.029040 77.606036 
1.075108 -0.080901 71.902424 
1.080108 -0.190687 62.396403 
1.085108 -0.300107 62.396403 
1.090108 -0.408945 64.297607 
1.095109 -0.516991 52.890382 
1.100109 -0.624040 50.989178 
1.105109 -0.729879 41.483157 
1.110109 -0.834307 41.483157 
1.115109 -0.937119 31.977137 
1.120109 -1.038122 35.779545 
1.125109 -1.137115 22.471116 
1.130109 -1.233909 7.261483 
1.135109 -1.328317 -6.046946 
1.140110 -1.420155 -13.651763 
1.145110 -1.509246 -26.960192 
1.150110 -1.595418 -38.367417 
1.155110 -1.678504 -32.663804 
1.160110 -1.758344 -42.169825 
1.165110 -1.834784 -49.774642 
1.170110 -1.907675 -44.071029 
1.175111 -1.976876 -49.774642 
1.180111 -2.042252 -53.577050 
1.185111 -2.103677 -51.675846 
1.190111 -2.161035 -57.379458 
1.195111 -2.214212 -61.181867 
1.200111 -2.263107 -72.589092 
1.205111 -2.307625 -76.391500 
1.210111 -2.347678 -83.996317 
1.215112 -2.383191 -82.095112 
1.220112 -2.414094 -87.798725 
1.225112 -2.440327 -93.502337 
1.230112 -2.461841 -91.601133 
1.235112 -2.478592 -93.502337 
1.240112 -2.490550 -99.205950 
1.245112 -2.497690 -103.008358 
1.250112 -2.499999 -110.613175 
1.255113 -2.497472 -104.909562 
1.260113 -2.490114 -114.415583 
1.265113 -2.477940 -114.415583 
1.270113 -2.460973 -120.119195 
1.275113 -2.439246 -114.415583 
1.280114 -2.412802 -118.217991 
1.285114 -2.381690 -118.217991 
1.290114 -2.345971 -120.119195 
1.295114 -2.305715 -123.921604 
1.300114 -2.260999 -123.921604 
1.305114 -2.211909 -122.020400 
1.310114 -2.158542 -120.119195 
1.315114 -2.100999 -129.625216 
1.320115 -2.039393 -125.822808 
1.325115 -1.973843 -123.921604 
1.330115 -1.904475 -122.020400 
1.335115 -1.831421 -125.822808 
1.340115 -1.754828 -127.724012 
1.345115 -1.674837 -127.724012 
1.350115 -1.591609 -123.921604 
1.355115 -1.505302 -129.625216 
1.360115 -1.416084 -127.724012 
1.365115 -1.324126 -123.921604 
1.370116 -1.229607 -123.921604 
1.375116 -1.132709 -127.724012 
1.380116 -1.033619 -123.921604 
1.385116 -0.932530 -122.020400 
1.390116 -0.829639 -120.119195 
1.395116 -0.725143 -114.415583 
1.400116 -0.619245 -110.613175 
1.405117 -0.512147 -104.909562 
1.410117 -0.404058 -104.909562 
1.415117 -0.295188 -99.205950 
1.420117 -0.185749 -91.601133 
1.425117 -0.075951 -85.897521 
1.430117 0.033994 -76.391500 
1.435118 0.143876 -80.193908 
1.440118 0.253477 -70.687887 
1.445118 0.362590 -70.687887 
1.450118 0.471000 -72.589092 
1.455118 0.578501 -64.984275 
1.460118 0.684882 -61.181867 
1.465118 0.789937 -44.071029 
1.470119 0.893464 -40.268621 
1.475119 0.995265 -21.256580 
1.480119 1.095139 1.557870 
1.485119 1.192904 14.866299 
1.490119 1.288350 22.471116 
1.495120 1.381308 31.977137 
1.500120 1.471595 37.680749 
1.505120 1.559037 37.680749 
1.510121 1.643462 41.483157 
1.515121 1.724707 33.878341 
1.520121 1.802614 39.581953 
1.525121 1.877033 41.483157 
1.530121 1.947825 56.692791 
1.535121 2.014850 56.692791 
1.540122 2.077976 56.692791 
1.545122 2.137082 70.001220 
1.550122 2.192055 71.902424 
1.555122 2.242787 75.704832 
1.560122 2.289182 66.198811 
1.565122 2.331149 70.001220 
1.570122 2.368608 73.803628 
1.575123 2.401484 87.112057 
1.580123 2.429715 87.112057 
1.585123 2.453247 92.815670 
1.590123 2.472034 90.914465 
1.595123 2.486039 90.914465 
1.600123 2.495235 94.716874 
1.605123 2.499606 98.519282 
1.610123 2.499141 92.815670 
1.615123 2.493842 104.222894 
1.620124 2.483720 104.222894 
1.625124 2.468793 109.926507 
1.630124 2.449092 106.124099 
1.635124 2.424652 113.728915 
1.640125 2.395521 106.124099 
1.645125 2.361758 109.926507 
1.650125 2.323428 102.321690 
1.655125 2.280603 108.025303 
1.660125 2.233368 113.728915 
1.665126 2.181810 115.630119 
1.670126 2.126032 113.728915 
1.675126 2.066143 119.432528 
1.680127 2.002253 113.728915 
1.685127 1.934493 117.531324 
1.690127 1.862992 113.728915 
1.695127 1.787886 109.926507 
1.700128 1.709323 109.926507 
1.705128 1.627454 111.827711 
1.710128 1.542435 109.926507 
1.715128 1.454434 108.025303 
1.720128 1.363624 106.124099 
1.725128 1.270172 102.321690 
1.730129 1.174264 100.420486 
1.735129 1.076086 102.321690 
1.740129 0.975827 102.321690 
1.745129 0.873680 100.420486 
1.750129 0.769844 102.321690 
1.755129 0.664516 96.618078 
1.760129 0.557903 87.112057 
1.765130 0.450213 89.013261 
1.770130 0.341648 87.112057 
1.775130 0.232422 87.112057 
1.780130 0.122749 75.704832 
1.785130 0.012840 77.606036 
1.790130 -0.097091 77.606036 
1.795131 -0.206839 66.198811 
1.800131 -0.316187 60.495199 
1.805131 -0.424921 62.396403 
1.810131 -0.532833 60.495199 
1.815131 -0.639714 58.593995 
1.820131 -0.745358 50.989178 
1.825131 -0.849561 49.087974 
1.830138 -0.952248 41.483157 
1.835138 -1.052966 41.483157 
1.840138 -1.151648 20.569912 
1.845138 -1.248099 3.459074 
1.850138 -1.342136 -4.145742 
1.855139 -1.433578 -11.750559 
1.860139 -1.522246 -34.565009 
1.865139 -1.607970 -36.466213 
1.870139 -1.690584 -42.169825 
1.875139 -1.769927 -36.466213 
1.880139 -1.845847 -38.367417 
1.885139 -1.918197 -42.169825 
1.890139 -1.986838 -49.774642 
1.895139 -2.051634 -49.774642 
1.900140 -2.112463 -59.280663 
1.905140 -2.169207 -53.577050 
1.910140 -2.221754 -63.083071 
1.915140 -2.270004 -66.885479 
1.920140 -2.313862 -80.193908 
1.925140 -2.353245 -80.193908 
1.930140 -2.388077 -83.996317 
1.935140 -2.418289 -83.996317 
1.940141 -2.443824 -87.798725 
1.945141 -2.464632 -85.897521 
1.950141 -2.480673 -97.304746 
1.955141 -2.491916 -101.107154 
1.960141 -2.498339 -103.008358 
1.965141 -2.499929 -99.205950 
1.970141 -2.496684 -103.008358 
1.975141 -2.488610 -103.008358 
1.980142 -2.475723 -114.415583 
1.985142 -2.458047 -118.217991 
1.990142 -2.435616 -122.020400 
1.995142 -2.408474 -116.316787 
2.000142 -2.376674 -114.415583 
2.005142 -2.340276 -118.217991 
2.010142 -2.299352 -120.119195 
2.015143 -2.253981 -120.119195 
2.020143 -2.204249 -112.514379 
2.025143 -2.150255 -125.822808 
2.030143 -2.092100 -120.119195 
2.035143 -2.029900 -116.316787 
2.040143 -1.963774 -122.020400 
2.045143 -1.893849 -123.921604 
2.050143 -1.820263 -122.020400 
2.055143 -1.743153 -122.020400 
2.060144 -1.662674 -120.119195 
2.065144 -1.578977 -122.020400 
2.070156 -1.492008 -114.415583 
2.075156 -1.402362 -118.217991 
2.080157 -1.310007 -114.415583 
2.085157 -1.215117 -114.415583 
2.090157 -1.117875 -122.020400 
2.095157 -1.018473 -116.316787 
2.100157 -0.917100 -118.217991 
2.105157 -0.813954 -118.217991 
2.110157 -0.709234 -106.810766 
2.115157 -0.603142 -108.711970 
2.120158 -0.495878 -112.514379 
2.125158 -0.387660 -108.711970 
2.130158 -0.278695 -106.810766 
2.135158 -0.169186 -97.304746 
2.140158 -0.059352 -91.601133 
2.145158 0.050599 -83.996317 
2.150158 0.160453 -80.193908 
2.155159 0.269993 -70.687887 
2.160159 0.379014 -66.885479 
2.165159 0.487299 -61.181867 
2.170159 0.594642 -53.577050 
2.175159 0.700833 -51.675846 
2.180159 0.805670 -42.169825 
2.185159 0.908947 -30.762600 
2.190159 1.010467 -19.355375 
2.195159 1.110034 9.162687 
2.200159 1.207453 14.866299 
2.205159 1.302537 18.668708 
2.210160 1.395101 33.878341 
2.215160 1.484967 35.779545 
2.220160 1.571961 37.680749 
2.225160 1.655914 31.977137 
2.230160 1.736664 37.680749 
2.235160 1.814056 45.285566 
2.240160 1.887938 49.087974 
2.245160 1.958169 50.989178 
2.250160 2.024613 52.890382 
2.255161 2.087141 64.297607 
2.260161 2.145633 60.495199 
2.265161 2.199974 62.396403 
2.270161 2.250059 62.396403 
2.275161 2.295791 75.704832 
2.280161 2.337083 79.507240 
2.285162 2.373857 83.309649 
2.290162 2.406038 79.507240 
2.295162 2.433565 87.112057 
2.300162 2.456384 90.914465 
2.305162 2.474451 94.716874 
2.310162 2.487733 92.815670 
2.315162 2.496203 96.618078 
2.320163 2.499845 100.420486 
2.325163 2.498651 109.926507 
2.330163 2.492625 104.222894 
2.335163 2.481776 109.926507 
2.340164 2.466127 108.025303 
2.345164 2.445709 104.222894 
2.350164 2.420560 102.321690 
2.355164 2.390729 108.025303 
2.360164 2.356274 111.827711 
2.365164 2.317261 117.531324 
2.370164 2.273765 117.531324 
2.375164 2.225873 117.531324 
2.380165 2.173675 117.531324 
2.385165 2.117271 111.827711 
2.390165 2.056772 111.827711 
2.395165 1.992298 109.926507 
2.400165 1.923967 108.025303 
2.405165 1.851916 113.728915 
2.410165 1.776285 111.827711 
2.415165 1.697215 115.630119 
2.420166 1.614863 113.728915 
2.425166 1.529387 106.124099 
2.430166 1.440954 109.926507 
2.435166 1.349726 102.321690 
2.440166 1.255895 102.321690 
2.445167 1.159633 104.222894 
2.450167 1.061128 104.222894 
2.455167 0.960568 98.519282 
2.460167 0.858155 96.618078 
2.465167 0.754079 94.716874 
2.470168 0.648545 94.716874 
2.475168 0.541758 87.112057 
2.480168 0.433924 92.815670 
2.485168 0.325239 90.914465 
2.490169 0.215932 92.815670 
2.495169 0.106209 89.013261 
2.500169 -0.003725 75.704832 
2.505182 -0.113914 79.507240 
2.510182 -0.223617 73.803628 
2.515183 -0.332906 71.902424 
2.520184 -0.441532 71.902424 
2.525184 -0.549306 68.100016 
2.530184 -0.656016 56.692791 
2.535185 -0.761454 50.989178 
2.540185 -0.865417 47.186770 
2.545185 -0.967706 47.186770 
2.550185 -1.068124 33.878341 
2.555185 -1.166476 16.767503 
2.560185 -1.262571 5.360279 
2.565185 -1.356224 -11.750559 
2.570185 -1.447255 -23.157784 
2.575185 -1.535485 -26.960192 
2.580185 -1.620746 -36.466213 
2.585192 -1.702982 -38.367417 
2.590192 -1.781811 -36.466213 
2.595193 -1.857192 -36.466213 
2.600193 -1.928982 -40.268621 
2.605193 -1.997042 -45.972234 
2.610193 -2.061237 -53.577050 
2.615193 -2.121446 -63.083071 
2.620193 -2.177552 -70.687887 
2.625194 -2.229445 -66.885479 
2.630194 -2.277025 -66.885479 
2.635194 -2.320202 -66.885479 
2.640194 -2.358891 -72.589092 
2.645194 -2.393018 -78.292704 
2.650194 -2.422515 -85.897521 
2.655194 -2.447327 -85.897521 
2.660194 -2.467406 -89.699929 
2.665194 -2.482712 -99.205950 
2.670195 -2.493216 -104.909562 
2.675195 -2.498897 -108.711970 
2.680195 -2.499745 -110.613175 
2.685195 -2.495758 -106.810766 
2.690195 -2.486943 -108.711970 
2.695195 -2.473319 -114.415583 
2.700195 -2.454910 -110.613175 
2.705195 -2.431753 -110.613175 
2.710196 -2.403892 -118.217991 
2.715196 -2.371381 -112.514379 
2.720196 -2.334284 -114.415583 
2.725196 -2.292672 -118.217991 
2.730208 -2.246506 -112.514379 
2.735209 -2.196102 -114.415583 
2.740209 -2.141451 -114.415583 
2.745209 -2.082658 -123.921604 
2.750209 -2.019835 -114.415583 
2.755209 -1.953106 -120.119195 
2.760210 -1.882596 -120.119195 
2.765210 -1.808450 -122.020400 
2.770210 -1.730804 -122.020400 
2.775210 -1.649809 -114.415583 
2.780211 -1.565622 -116.316787 
2.785211 -1.478408 -116.316787 
2.790211 -1.388334 -116.316787 
2.795211 -1.295577 -122.020400 
2.800211 -1.200314 -118.217991 
2.805211 -1.102729 -108.711970 
2.810211 -1.003009 -110.613175 
2.815212 -0.901350 -108.711970 
2.820212 -0.797946 -114.415583 
2.825212 -0.693002 -110.613175 
2.830212 -0.586717 -110.613175 
2.835212 -0.479295 -103.008358 
2.840212 -0.370945 -104.909562 
2.845213 -0.261881 -101.107154 
2.850213 -0.152310 -99.205950 
2.855213 -0.042444 -99.205950 
2.860213 0.067501 -95.403541 
2.865213 0.177318 -87.798725 
2.870213 0.286792 -82.095112 
2.875213 0.395712 -80.193908 
2.880213 0.503870 -64.984275 
2.885214 0.611052 -61.181867 
2.890214 0.717051 -42.169825 
2.895214 0.821662 -38.367417 
2.900214 0.924685 -9.849355 
2.905214 1.025920 5.360279 
2.910214 1.125168 24.372320 
2.915214 1.222240 20.569912 
2.920214 1.316948 28.174728 
2.925215 1.409109 33.878341 
2.930215 1.498544 28.174728 
2.935215 1.585081 31.977137 
2.940215 1.668554 33.878341 
2.945215 1.748795 39.581953 
2.950215 1.825659 49.087974 
2.955216 1.898990 52.890382 
2.960216 1.968647 49.087974 
2.965216 2.034496 56.692791 
2.970216 2.096409 60.495199 
2.975216 2.154268 64.297607 
2.980216 2.207960 62.396403 
2.985216 2.257383 73.803628 
2.990217 2.302439 79.507240 
2.995217 2.343040 81.408445 
3.000217 2.379110 81.408445 
3.005217 2.410577 89.013261 
3.010217 2.437382 89.013261 
3.015217 2.459473 83.309649 
3.020217 2.476807 89.013261 
3.025217 2.489350 96.618078 
3.030217 2.497078 92.815670 
3.035218 2.499976 100.420486 
3.040218 2.498039 102.321690 
3.045218 2.491269 104.222894 
3.050218 2.479681 98.519282 
3.055218 2.463298 109.926507 
3.060218 2.442148 108.025303 
3.065218 2.416276 104.222894 
3.070219 2.385729 109.926507 
3.075219 2.350563 111.827711 
3.080220 2.310854 117.531324 
3.085220 2.266674 115.630119 
3.090231 2.218003 113.728915 
3.095231 2.165140 113.728915 
3.100231 2.108090 119.432528 
3.105232 2.046961 115.630119 
3.110232 1.981873 111.827711 
3.115232 1.912952 109.926507 
3.120232 1.840329 111.827711 
3.125233 1.764146 108.025303 
3.130233 1.684550 113.728915 
3.135233 1.601696 108.025303 
3.140234 1.515744 106.124099 
3.145234 1.426861 113.728915 
3.150234 1.335217 104.222894 
3.155234 1.240991 108.025303 
3.160235 1.144365 102.321690 
3.165235 1.045522 98.519282 
3.170235 0.944661 96.618078 
3.175235 0.841972 94.716874 
3.180235 0.737657 100.420486 
3.185236 0.631913 92.815670 
3.190236 0.524947 87.112057 
3.195236 0.416963 89.013261 
3.200236 0.308177 87.112057 
3.205237 0.198790 83.309649 
3.210238 0.088993 77.606036 
3.215238 -0.020946 79.507240 
3.220248 -0.131057 75.704832 
3.225248 -0.240704 71.902424 
3.230248 -0.349883 73.803628 
3.235248 -0.458385 66.198811 
3.240249 -0.566001 58.593995 
3.245249 -0.672522 58.593995 
3.250249 -0.777742 50.989178 
3.255249 -0.881458 52.890382 
3.260249 -0.983469 52.890382 
3.265249 -1.083577 31.977137 
3.270257 -1.181743 22.471116 
3.275257 -1.277467 3.459074 
3.280257 -1.370720 -13.651763 
3.285257 -1.461323 -19.355375 
3.290258 -1.549099 -28.861396 
3.295258 -1.633880 -38.367417 
3.300258 -1.715501 -42.169825 
3.305258 -1.793802 -42.169825 
3.310259 -1.868634 -40.268621 
3.315259 -1.939861 -49.774642 
3.320260 -2.007326 -47.873438 
3.325260 -2.070909 -47.873438 
3.330260 -2.130486 -49.774642 
3.335260 -2.185940 -59.280663 
3.340261 -2.237166 -64.984275 
3.345261 -2.284067 -66.885479 
3.350261 -2.326548 -74.490296 
3.355261 -2.364528 -76.391500 
3.360261 -2.397937 -87.798725 
3.365262 -2.426706 -83.996317 
3.370263 -2.450788 -93.502337 
3.375264 -2.470121 -91.601133 
3.380264 -2.484676 -89.699929 
3.385264 -2.494425 -97.304746 
3.390264 -2.499350 -103.008358 
3.395264 -2.499440 -103.008358 
3.400264 -2.494695 -106.810766 
3.405265 -2.485125 -106.810766 
3.410265 -2.470748 -103.008358 
3.415265 -2.451593 -112.514379 
3.420265 -2.427694 -110.613175 
3.425265 -2.399100 -112.514379 
3.430265 -2.365866 -118.217991 
3.435266 -2.328054 -110.613175 
3.440266 -2.285740 -116.316787 
3.445266 -2.239005 -120.119195 
3.450266 -2.187938 -110.613175 
3.455267 -2.132640 -116.316787 
3.460268 -2.073204 -123.921604 
3.465268 -2.009767 -120.119195 
3.470269 -1.942444 -120.119195 
3.475269 -1.871365 -122.020400 
3.480269 -1.796666 -112.514379 
3.485269 -1.718491 -118.217991 
3.490269 -1.636991 -112.514379 
3.495270 -1.552325 -116.316787 
3.500270 -1.464657 -116.316787 
3.505270 -1.374153 -116.316787 
3.510271 -1.280992 -110.613175 
3.515271 -1.185358 -108.711970 
3.520271 -1.087430 -110.613175 
3.525271 -0.987397 -112.514379 
3.530271 -0.885457 -110.613175 
3.535271 -0.781799 -108.711970 
3.540272 -0.676632 -104.909562 
3.545272 -0.570156 -104.909562 
3.550272 -0.462578 -108.711970 
3.555272 -0.354105 -103.008358 
3.560272 -0.244950 -97.304746 
3.565272 -0.135317 -99.205950 
3.570273 -0.025423 -91.601133 
3.575273 0.084521 -89.699929 
3.580273 0.194296 -87.798725 
3.585273 0.303705 -85.897521 
3.590273 0.412522 -78.292704 
3.595273 0.520539 -68.786683 
3.600274 0.627549 -59.280663 
3.605274 0.733345 -40.268621 
3.610274 0.837722 -28.861396 
3.615274 0.940482 -9.849355 
3.620274 1.041422 11.063891 
3.625274 1.140348 20.569912 
3.630275 1.237068 24.372320 
3.635275 1.331395 33.878341 
3.640275 1.423143 30.075933 
3.645275 1.512142 31.977137 
3.650275 1.598215 39.581953 
3.655275 1.681195 37.680749 
3.660276 1.760931 45.285566 
3.665276 1.837254 45.285566 
3.670276 1.910024 52.890382 
3.675276 1.979099 50.989178 
3.680276 2.044346 60.495199 
3.685276 2.105640 60.495199 
3.690276 2.162861 64.297607 
3.695276 2.215899 68.100016 
3.700287 2.264750 75.704832 
3.705287 2.309111 75.704832 
3.710296 2.349073 79.507240 
3.715296 2.384415 89.013261 
3.720297 2.415147 81.408445 
3.725297 2.441207 85.210853 
3.730297 2.462545 90.914465 
3.735297 2.479120 85.210853 
3.740297 2.490899 89.013261 
3.745297 2.497861 100.420486 
3.750297 2.499991 102.321690 
3.755297 2.497286 102.321690 
3.760298 2.489751 104.222894 
3.765298 2.477399 108.025303 
3.770298 2.460255 102.321690 
3.775298 2.438353 106.124099 
3.780298 2.411735 108.025303 
3.785299 2.380451 113.728915 
3.790299 2.344563 111.827711 
3.795299 2.304139 109.926507 
3.800299 2.259260 117.531324 
3.805299 2.210011 113.728915 
3.810299 2.156487 111.827711 
3.815299 2.098793 115.630119 
3.820299 2.037038 117.531324 
3.825300 1.971343 108.025303 
3.830300 1.901834 119.432528 
3.835300 1.828648 108.025303 
3.840300 1.751925 108.025303 
3.845300 1.671813 109.926507 
3.850300 1.588468 106.124099 
3.855300 1.502048 117.531324 
3.860301 1.412723 111.827711 
3.865301 1.320666 108.025303 
3.870301 1.226056 106.124099 
3.875301 1.129074 106.124099 
3.880301 1.029909 102.321690 
3.885301 0.928752 102.321690 
3.890301 0.825798 106.124099 
3.895301 0.721247 92.815670 
3.900302 0.615298 98.519282 
3.905302 0.508160 94.716874 
3.910302 0.400039 85.210853 
3.915302 0.291143 83.309649 
3.920302 0.181685 85.210853 
3.925302 0.071878 87.112057 
3.930303 -0.038073 75.704832 
3.935303 -0.147953 77.606036 
3.940303 -0.257540 71.902424 
3.945304 -0.366630 71.902424 
3.950304 -0.475012 66.198811 
3.955304 -0.582473 64.297607 
3.960304 -0.688809 54.791587 
3.965304 -0.793808 50.989178 
3.970304 -0.897277 52.890382 
3.975304 -0.999008 47.186770 
3.980304 -1.098806 37.680749 
3.985304 -1.196479 16.767503 
3.990305 -1.291838 9.162687 
3.995305 -1.384699 -11.750559 
4.000305 -1.474881 -19.355375 
4.005305 -1.562212 -30.762600 
4.010305 -1.646521 -34.565009 
4.015306 -1.727647 -42.169825 
4.020306 -1.805431 -36.466213 
4.025306 -1.879721 -42.169825 
4.030306 -1.950377 -44.071029 
4.035306 -2.017258 -38.367417 
4.040307 -2.080237 -49.774642 
4.045307 -2.139193 -49.774642 
4.050307 -2.194012 -64.984275 
4.055307 -2.244587 -63.083071 
4.060307 -2.290819 -66.885479 
4.065308 -2.332620 -80.193908 
4.070308 -2.369909 -78.292704 
4.075308 -2.402613 -80.193908 
4.080308 -2.430673 -80.193908 
4.085308 -2.454030 -87.798725 
4.090309 -2.472640 -97.304746 
4.095309 -2.486467 -87.798725 
4.100309 -2.495484 -101.107154 
4.105309 -2.499675 -104.909562 
4.110310 -2.499030 -103.008358 
4.115310 -2.493552 -106.810766 
4.120310 -2.483250 -114.415583 
4.125310 -2.468145 -104.909562 
4.130310 -2.448267 -110.613175 
4.135310 -2.423653 -108.711970 
4.140311 -2.394349 -106.810766 
4.145311 -2.360416 -108.711970 
4.150311 -2.321916 -118.217991 
4.155311 -2.278925 -110.613175 
4.160311 -2.231525 -112.514379 
4.165323 -2.179686 -116.316787 
4.170323 -2.123744 -116.316787 
4.175324 -2.063693 -114.415583 
4.180324 -1.999652 -116.316787 
4.185324 -1.931737 -118.217991 
4.190325 -1.860090 -118.217991 
4.195326 -1.784826 -118.217991 
4.200326 -1.706128 -112.514379 
4.205327 -1.624131 -110.613175 
4.210327 -1.538994 -110.613175 
4.215327 -1.450878 -118.217991 
4.220327 -1.359956 -110.613175 
4.225327 -1.266405 -112.514379 
4.230328 -1.170401 -116.316787 
4.235328 -1.072134 -110.613175 
4.240328 -0.971796 -106.810766 
4.245328 -0.869579 -114.415583 
4.250328 -0.765681 -106.810766 
4.255328 -0.660301 -103.008358 
4.260328 -0.553643 -110.613175 
4.265328 -0.445912 -103.008358 
4.270328 -0.337321 -103.008358 
4.275328 -0.228078 -97.304746 
4.280329 -0.118393 -97.304746 
4.285329 -0.008479 -99.205950 
4.290329 0.101451 -85.897521 
4.295329 0.211184 -87.798725 
4.300329 0.320512 -85.897521 
4.305329 0.429217 -70.687887 
4.310329 0.537093 -72.589092 
4.315329 0.643929 -63.083071 
4.320330 0.749522 -49.774642 
4.325330 0.853665 -38.367417 
4.330330 0.956155 -15.552967 
4.335330 1.056796 -4.145742 
4.340330 1.155392 20.569912 
4.345330 1.251752 20.569912 
4.350330 1.345694 30.075933 
4.355330 1.437032 39.581953 
4.360331 1.525592 31.977137 
4.365331 1.611199 37.680749 
4.370331 1.693690 41.483157 
4.375331 1.772905 45.285566 
4.380331 1.848691 52.890382 
4.385331 1.920899 49.087974 
4.390331 1.989395 58.593995 
4.395331 2.054043 54.791587 
4.400331 2.114716 54.791587 
4.405332 2.171299 66.198811 
4.410332 2.223683 68.100016 
4.415332 2.271766 71.902424 
4.420332 2.315454 77.606036 
4.425332 2.354665 79.507240 
4.430332 2.389321 83.309649 
4.435332 2.419355 87.112057 
4.440333 2.444711 89.013261 
4.445333 2.465337 90.914465 
4.450333 2.481194 92.815670 
4.455333 2.492252 90.914465 
4.460333 2.498489 100.420486 
4.465334 2.499894 106.124099 
4.470334 2.496463 100.420486 
4.475334 2.488203 108.025303 
4.480334 2.475131 108.025303 
4.485334 2.457271 102.321690 
4.490334 2.434659 106.124099 
4.495334 2.407337 113.728915 
4.500334 2.375359 108.025303 
4.505335 2.338785 113.728915 
4.510335 2.297689 115.630119 
4.515335 2.252148 109.926507 
4.520335 2.202252 117.531324 
4.525335 2.148096 115.630119 
4.530335 2.089785 113.728915 
4.535335 2.027430 119.432528 
4.540336 1.961151 117.531324 
4.545336 1.891079 113.728915 
4.550336 1.817351 117.531324 
4.555337 1.740106 117.531324 
4.560337 1.659494 106.124099 
4.565337 1.575675 109.926507 
4.570337 1.488808 106.124099 
4.575337 1.399065 109.926507 
4.580338 1.306613 109.926507 
4.585338 1.211625 115.630119 
4.590339 1.114299 104.222894 
4.595339 1.014820 104.222894 
4.600339 0.913376 104.222894 
4.605339 0.810167 102.321690 
4.610339 0.705391 104.222894 
4.615340 0.599252 96.618078 
4.620340 0.491953 96.618078 
4.625340 0.383702 90.914465 
4.630340 0.274708 87.112057 
4.635340 0.165184 79.507240 
4.640341 0.055337 79.507240 
4.645341 -0.054614 81.408445 
4.650341 -0.164458 75.704832 
4.655341 -0.273983 77.606036 
4.660341 -0.382980 70.001220 
4.665341 -0.491235 66.198811 
4.670342 -0.598546 68.100016 
4.675342 -0.704701 58.593995 
4.680343 -0.809489 54.791587 
4.685343 -0.912711 52.890382 
4.690343 -1.014165 49.087974 
4.695343 -1.113656 31.977137 
4.700343 -1.210992 16.767503 
4.705343 -1.305985 -2.244538 
4.710343 -1.398453 -13.651763 
4.715344 -1.488222 -26.960192 
4.720344 -1.575112 -25.058988 
4.725345 -1.658955 -28.861396 
4.730345 -1.739589 -34.565009 
4.735345 -1.816856 -44.071029 
4.740346 -1.890610 -44.071029 
4.745346 -1.960704 -38.367417 
4.750346 -2.027004 -44.071029 
4.755346 -2.089385 -49.774642 
4.760346 -2.147724 -59.280663 
4.765347 -2.201909 -64.984275 
4.770347 -2.251835 -66.885479 
4.775347 -2.297404 -70.687887 
4.780347 -2.338530 -72.589092 
4.785353 -2.375175 -80.193908 
4.790354 -2.407179 -80.193908 
4.795354 -2.434527 -85.897521 
4.800354 -2.457165 -85.897521 
4.805354 -2.475050 -87.798725 
4.810358 -2.488154 -93.502337 
4.815358 -2.496436 -101.107154 
4.820358 -2.499889 -106.810766 
4.825358 -2.498507 -106.810766 
4.830358 -2.492291 -106.810766 
4.835359 -2.481255 -112.514379 
4.840359 -2.465419 -110.613175 
4.845359 -2.444815 -108.711970 
4.850359 -2.419481 -104.909562 
4.855359 -2.389468 -106.810766 
4.860360 -2.354833 -114.415583 
4.865360 -2.315644 -120.119195 
4.870360 -2.271976 -114.415583 
4.875360 -2.223911 -120.119195 
4.880360 -2.171547 -116.316787 
4.885360 -2.114982 -112.514379 
4.890360 -2.054326 -122.020400 
4.895361 -1.989695 -118.217991 
4.900361 -1.921216 -116.316787 
4.905361 -1.849019 -122.020400 
4.910361 -1.773247 -116.316787 
4.915362 -1.694046 -112.514379 
4.920362 -1.611567 -110.613175 
4.925362 -1.525973 -110.613175 
4.930362 -1.437429 -114.415583 
4.935362 -1.346104 -110.613175 
4.940362 -1.252174 -112.514379 
4.945362 -1.155821 -106.810766 
4.950362 -1.057234 -110.613175 
4.955362 -0.956602 -110.613175 
4.960362 -0.854120 -108.711970 
4.965363 -0.749983 -104.909562 
4.970363 -0.644396 -104.909562 
4.975363 -0.537563 -104.909562 
4.980363 -0.429692 -97.304746 
4.985364 -0.320976 -99.205950 
4.990364 -0.211646 -99.205950 
4.995364 -0.101914 -101.107154 
5.000365 0.008020 -99.205950 
5.005365 0.117939 -93.502337 
5.010365 0.227627 -82.095112 
5.015365 0.336873 -78.292704 
5.020365 0.445467 -72.589092 
5.025366 0.553202 -70.687887 
5.030366 0.659862 -57.379458 
5.035366 0.765257 -49.774642 
5.040367 0.869177 -30.762600 
5.045367 0.971408 -9.849355 
5.050368 1.071757 1.557870 
5.055368 1.170034 18.668708 
5.060368 1.266043 22.471116 
5.065368 1.359603 28.174728 
5.070368 1.450532 31.977137 
5.075368 1.538659 31.977137 
5.080369 1.623813 31.977137 
5.085369 1.705826 45.285566 
5.090369 1.784538 47.186770 
5.095370 1.859797 49.087974 
5.100370 1.931458 52.890382 
5.105370 1.999383 50.989178 
5.110370 2.063439 60.495199 
5.115370 2.123504 60.495199 
5.120370 2.179461 56.692791 
5.125371 2.231208 68.100016 
5.130371 2.278637 70.001220 
5.135372 2.321657 77.606036 
5.140372 2.360186 79.507240 
5.145372 2.394148 87.112057 
5.150372 2.423480 92.815670 
5.155372 2.448125 92.815670 
5.160373 2.468034 87.112057 
5.165373 2.483169 92.815670 
5.170373 2.493501 94.716874 
5.175373 2.499010 104.222894 
5.180373 2.499686 100.420486 
5.185373 2.495527 104.222894 
5.190373 2.486540 106.124099 
5.195374 2.472743 104.222894 
5.200374 2.454163 109.926507 
5.205375 2.430836 109.926507 
5.210375 2.402806 106.124099 
5.215375 2.370129 108.025303 
5.220375 2.332869 117.531324 
5.225375 2.291097 113.728915 
5.230375 2.244892 113.728915 
5.235376 2.194346 113.728915 
5.240376 2.139556 113.728915 
5.245376 2.080627 117.531324 
5.250376 2.017674 113.728915 
5.255376 1.950818 113.728915 
5.260376 1.880189 119.432528 
5.265376 1.805923 117.531324 
5.270377 1.728157 115.630119 
5.275377 1.647050 113.728915 
5.280378 1.562757 109.926507 
5.285378 1.475443 109.926507 
5.290378 1.385277 109.926507 
5.295378 1.292431 109.926507 
5.300378 1.197087 111.827711 
5.305379 1.099426 108.025303 
5.310379 0.999638 104.222894 
5.315379 0.897919 106.124099 
5.320379 0.794463 100.420486 
5.325379 0.689470 94.716874 
5.330379 0.583146 92.815670 
5.335379 0.475690 94.716874 
5.340379 0.367315 89.013261 
5.345379 0.258231 94.716874 
5.350380 0.148633 87.112057 
5.355381 0.038753 83.309649 
5.360381 -0.071199 79.507240 
5.365381 -0.181012 73.803628 
5.370382 -0.290475 73.803628 
5.375382 -0.399375 68.100016 
5.380382 -0.507501 68.100016 
5.385382 -0.614644 66.198811 
5.390382 -0.720598 60.495199 
5.395382 -0.825159 52.890382 
5.400382 -0.928123 47.186770 
5.405382 -1.029292 31.977137 
5.410383 -1.128470 16.767503 
5.415383 -1.225466 -2.244538 
5.420383 -1.320091 -19.355375 
5.425383 -1.412168 -28.861396 
5.430384 -1.501516 -28.861396 
5.435384 -1.587953 -32.663804 
5.440384 -1.671319 -32.663804 
5.445384 -1.751454 -42.169825 
5.450384 -1.828199 -32.663804 
5.455385 -1.901407 -38.367417 
5.460385 -1.970938 -44.071029 
5.465385 -2.036657 -45.972234 
5.470385 -2.098437 -57.379458 
5.475390 -2.156203 -64.984275 
5.480392 -2.209776 -66.885479 
5.485393 -2.259049 -70.687887 
5.490393 -2.303950 -74.490296 
5.495394 -2.344395 -78.292704 
5.500394 -2.380302 -72.589092 
5.505394 -2.411607 -80.193908 
5.510394 -2.438247 -82.095112 
5.515394 -2.460169 -83.996317 
5.520395 -2.477334 -83.996317 
5.525395 -2.489707 -91.601133 
5.530395 -2.497264 -104.909562 
5.535395 -2.499990 -108.711970 
5.540395 -2.497881 -104.909562 
5.545395 -2.490941 -106.810766 
5.550395 -2.479182 -110.613175 
5.555396 -2.462628 -108.711970 
5.560396 -2.441311 -114.415583 
5.565396 -2.415272 -106.810766 
5.570396 -2.384561 -108.711970 
5.575397 -2.349232 -114.415583 
5.580397 -2.309362 -112.514379 
5.585398 -2.265024 -112.514379 
5.590398 -2.216307 -114.415583 
5.595398 -2.163303 -116.316787 
5.600398 -2.106116 -116.316787 
5.605398 -2.044855 -122.020400 
5.610398 -1.979638 -118.217991 
5.615399 -1.910592 -122.020400 
5.620399 -1.837852 -118.217991 
5.625399 -1.761556 -116.316787 
5.630399 -1.681854 -122.020400 
5.635399 -1.598898 -112.514379 
5.640399 -1.512850 -116.316787 
5.645399 -1.423875 -118.217991 
5.650399 -1.332147 -110.613175 
5.655399 -1.237841 -110.613175 
5.660399 -1.141142 -112.514379 
5.665400 -1.042225 -112.514379 
5.670401 -0.941290 -103.008358 
5.675401 -0.838542 -101.107154 
5.680401 -0.734173 -103.008358 
5.685402 -0.628383 -101.107154 
5.690402 -0.521384 -101.107154 
5.695402 -0.413374 -93.502337 
5.700402 -0.304565 -91.601133 
5.705402 -0.195164 -93.502337 
5.710402 -0.085386 -91.601133 
5.715403 0.024566 -89.699929 
5.720403 0.134466 -87.798725 
5.725404 0.244103 -89.699929 
5.730404 0.353269 -82.095112 
5.735404 0.461749 -74.490296 
5.740404 0.569336 -66.885479 
5.745404 0.675819 -64.984275 
5.750404 0.780996 -49.774642 
5.755404 0.884659 -38.367417 
5.760405 0.986616 -21.256580 
5.765405 1.086676 -0.343334 
5.770406 1.184628 22.471116 
5.775406 1.280286 20.569912 
5.780407 1.373466 28.174728 
5.785407 1.463989 28.174728 
5.790407 1.551677 35.779545 
5.795407 1.636363 35.779545 
5.800407 1.717885 33.878341 
5.805407 1.796085 49.087974 
5.810408 1.870811 49.087974 
5.815408 1.941922 56.692791 
5.820409 2.009277 58.593995 
5.825409 2.072741 56.692791 
5.830409 2.132197 64.297607 
5.835411 2.187546 58.593995 
5.840411 2.238643 64.297607 
5.845411 2.285409 73.803628 
5.850411 2.327756 73.803628 
5.855412 2.365601 83.309649 
5.860412 2.398870 87.112057 
5.865412 2.427498 94.716874 
5.870412 2.451431 90.914465 
5.875427 2.470671 87.112057 
5.880444 2.485111 94.716874 
5.885444 2.494687 96.618078 
5.890445 2.499437 100.420486 
5.895445 2.499352 108.025303 
5.900445 2.494433 109.926507 
5.905445 2.484689 108.025303 
5.910446 2.470138 106.124099 
5.915446 2.450809 104.222894 
5.920446 2.426739 108.025303 
5.925447 2.397973 102.321690 
5.930447 2.364571 108.025303 
5.935447 2.326596 113.728915 
5.940447 2.284121 113.728915 
5.945448 2.237227 117.531324 
5.950448 2.186001 117.531324 
5.955449 2.130548 111.827711 
5.960449 2.070976 121.333732 
5.965449 2.007398 115.630119 
5.970450 1.939936 117.531324 
5.975450 1.868723 111.827711 
5.980450 1.793896 117.531324 
5.985450 1.715600 115.630119 
5.990450 1.633986 113.728915 
5.995451 1.549204 106.124099 
