0.000001 0.000013 1.381264 
0.005001 0.133476 -0.519940 
0.010001 0.266557 -4.322348 
0.015001 0.398878 -4.322348 
0.020002 0.530060 1.381264 
0.025002 0.659732 5.183672 
0.030002 0.787520 1.381264 
0.035002 0.913062 3.282468 
0.040003 1.036002 7.084877 
0.045003 1.155983 5.183672 
0.050003 1.272670 22.294510 
0.055003 1.385730 18.492102 
0.060003 1.494835 16.590897 
0.065004 1.599678 29.899326 
0.070004 1.699958 24.195714 
0.075004 1.795390 29.899326 
0.080004 1.885702 39.405347 
0.085004 1.970635 43.207756 
0.090004 2.049949 45.108960 
0.095005 2.123419 52.713776 
0.100005 2.190832 45.108960 
0.105005 2.251995 50.812572 
0.110005 2.306737 66.022205 
0.115006 2.354901 58.417389 
0.120006 2.396349 62.219797 
0.125013 2.431006 67.923409 
0.130014 2.458679 67.923409 
0.135014 2.479338 75.528226 
0.140014 2.492925 85.034247 
0.145014 2.499404 75.528226 
0.150014 2.498754 83.133043 
0.155014 2.490980 86.935451 
0.160014 2.476101 83.133043 
0.165015 2.454161 90.737859 
0.170015 2.425221 86.935451 
0.175015 2.389366 96.441472 
0.180015 2.346696 98.342676 
0.185015 2.297334 98.342676 
0.190015 2.241422 100.243880 
0.195015 2.179117 102.145084 
0.200021 2.110525 98.342676 
0.205021 2.035980 94.540268 
0.210021 1.955628 98.342676 
0.215021 1.869701 100.243880 
0.220021 1.778441 94.540268 
0.225021 1.682111 102.145084 
0.230021 1.580985 98.342676 
0.235022 1.475344 100.243880 
0.240022 1.365498 98.342676 
0.245022 1.251760 88.836655 
0.250022 1.134448 92.639063 
0.255022 1.013903 86.935451 
0.260022 0.890468 86.935451 
0.265022 0.764497 83.133043 
0.270023 0.636341 85.034247 
0.275023 0.506372 88.836655 
0.280023 0.374959 83.133043 
0.285023 0.242477 77.429430 
0.290023 0.109304 77.429430 
0.295023 -0.024181 64.121001 
0.300023 -0.157600 66.022205 
0.305023 -0.290567 64.121001 
0.310024 -0.422705 52.713776 
0.315024 -0.553637 52.713776 
0.320024 -0.682991 45.108960 
0.325024 -0.810397 47.010164 
0.330024 -0.935492 37.504143 
0.335024 -1.057920 31.800531 
0.340024 -1.177330 33.701735 
0.345024 -1.293385 22.294510 
0.350025 -1.405752 7.084877 
0.355025 -1.514107 -6.223552 
0.360031 -1.618269 -21.433186 
0.365031 -1.717686 -36.642819 
0.370031 -1.812205 -42.346431 
0.375031 -1.901558 -38.544023 
0.380031 -1.985487 -53.753656 
0.385032 -2.063753 -46.148840 
0.390047 -2.136347 -57.556064 
0.395047 -2.202617 -65.160881 
0.400047 -2.262607 -63.259677 
0.405048 -2.316145 -70.864494 
0.410048 -2.363077 -68.963289 
0.415048 -2.403269 -80.370514 
0.420049 -2.436608 -80.370514 
0.425049 -2.462997 -91.777739 
0.430049 -2.482361 -89.876535 
0.435049 -2.494647 -87.975331 
0.440049 -2.499819 -101.283760 
0.445049 -2.497861 -99.382556 
0.450049 -2.488781 -103.184964 
0.455049 -2.472603 -105.086168 
0.460050 -2.449373 -106.987372 
0.465050 -2.419158 -110.789781 
0.470050 -2.382044 -112.690985 
0.475050 -2.338138 -116.493393 
0.480050 -2.287560 -114.592189 
0.485051 -2.230461 -122.197006 
0.490051 -2.167001 -127.900618 
0.495051 -2.097362 -124.098210 
0.500051 -2.021742 -127.900618 
0.505051 -1.940356 -125.999414 
0.510051 -1.853437 -127.900618 
0.515051 -1.761233 -133.604231 
0.520051 -1.664006 -127.900618 
0.525051 -1.562033 -129.801822 
0.530052 -1.455606 -133.604231 
0.535052 -1.345026 -129.801822 
0.540052 -1.230610 -129.801822 
0.545052 -1.112684 -137.406639 
0.550052 -0.991588 -131.703026 
0.555052 -0.867664 -131.703026 
0.560052 -0.741265 -131.703026 
0.565053 -0.612753 -116.493393 
0.570053 -0.482490 -110.789781 
0.575053 -0.350852 -103.184964 
0.580053 -0.218215 -93.678943 
0.585053 -0.084957 -95.580148 
0.590053 0.048544 -87.975331 
0.595053 0.181907 -87.975331 
0.600054 0.314758 -84.172923 
0.605054 0.446704 -80.370514 
0.610054 0.577379 -74.666902 
0.615054 0.706407 -76.568106 
0.620054 0.833419 -65.160881 
0.625055 0.958055 -49.951248 
0.630055 1.079958 -36.642819 
0.635055 1.198782 -17.630777 
0.640055 1.314188 8.986081 
0.645055 1.425844 18.492102 
0.650055 1.533434 24.195714 
0.655055 1.636651 29.899326 
0.660055 1.735200 22.294510 
0.665056 1.828802 27.998122 
0.670056 1.917187 26.096918 
0.675056 2.000106 35.602939 
0.680056 2.077321 33.701735 
0.685056 2.148613 45.108960 
0.690056 2.213776 50.812572 
0.695056 2.272626 66.022205 
0.700056 2.324995 66.022205 
0.705056 2.370734 67.923409 
0.710057 2.409712 67.923409 
0.715057 2.441818 64.121001 
0.720057 2.466961 75.528226 
0.725057 2.485069 75.528226 
0.730057 2.496089 73.627022 
0.735057 2.499992 85.034247 
0.740057 2.496765 85.034247 
0.745058 2.486418 90.737859 
0.750058 2.468979 85.034247 
0.755058 2.444500 98.342676 
0.760058 2.413051 94.540268 
0.765058 2.374719 102.145084 
0.770058 2.329615 98.342676 
0.775058 2.277867 94.540268 
0.780058 2.219623 100.243880 
0.785059 2.155050 100.243880 
0.790059 2.084331 98.342676 
0.795059 2.007668 102.145084 
0.800059 1.925280 100.243880 
0.805059 1.837402 92.639063 
0.810073 1.744017 100.243880 
0.815073 1.645911 96.441472 
0.820073 1.543114 100.243880 
0.825073 1.435909 100.243880 
0.830074 1.324612 104.046288 
0.835074 1.209536 92.639063 
0.840074 1.091014 96.441472 
0.845074 0.969381 88.836655 
0.850074 0.844983 90.737859 
0.855074 0.718175 86.935451 
0.860092 0.588858 85.034247 
0.865092 0.458319 85.034247 
0.870092 0.326467 83.133043 
0.875092 0.193685 83.133043 
0.880093 0.060353 77.429430 
0.885093 -0.073153 77.429430 
0.890093 -0.206446 66.022205 
0.895093 -0.339156 66.022205 
0.900093 -0.470895 66.022205 
0.905093 -0.601294 60.318593 
0.910093 -0.729979 52.713776 
0.915093 -0.856576 52.713776 
0.920094 -0.980736 48.911368 
0.925094 -1.102094 45.108960 
0.930094 -1.220314 35.602939 
0.935094 -1.335052 22.294510 
0.940094 -1.445982 10.887285 
0.945094 -1.552789 -13.828369 
0.950094 -1.655168 -25.235594 
0.955094 -1.752826 -36.642819 
0.960095 -1.845488 -34.741615 
0.965095 -1.932885 -44.247635 
0.970095 -2.014769 -44.247635 
0.975095 -2.090909 -49.951248 
0.980095 -2.161085 -55.654860 
0.985095 -2.225099 -51.852452 
0.990095 -2.282766 -59.457269 
0.995095 -2.333925 -61.358473 
1.000095 -2.378427 -70.864494 
1.005096 -2.416147 -80.370514 
1.010096 -2.446977 -86.074127 
1.015096 -2.470829 -80.370514 
1.020096 -2.487634 -89.876535 
1.025096 -2.497344 -95.580148 
1.030096 -2.499933 -91.777739 
1.035096 -2.495393 -105.086168 
1.040097 -2.483735 -101.283760 
1.045097 -2.464994 -99.382556 
1.050097 -2.439224 -106.987372 
1.055097 -2.406498 -106.987372 
1.060097 -2.366910 -106.987372 
1.065097 -2.320571 -112.690985 
1.070098 -2.267615 -112.690985 
1.075098 -2.208191 -120.295801 
1.080098 -2.142471 -120.295801 
1.085098 -2.070639 -118.394597 
1.090098 -1.992904 -122.197006 
1.095098 -1.909484 -122.197006 
1.100099 -1.820616 -122.197006 
1.105099 -1.726558 -125.999414 
1.110099 -1.627577 -118.394597 
1.115100 -1.523936 -127.900618 
1.120101 -1.415961 -122.197006 
1.125101 -1.303948 -120.295801 
1.130101 -1.188216 -124.098210 
1.135102 -1.069100 -122.197006 
1.140102 -0.946935 -125.999414 
1.145102 -0.822067 -124.098210 
1.150102 -0.694857 -116.493393 
1.155102 -0.565662 -120.295801 
1.160103 -0.434857 -114.592189 
1.165103 -0.302812 -106.987372 
1.170103 -0.169903 -101.283760 
1.175103 -0.036507 -86.074127 
1.180104 0.096990 -86.074127 
1.185104 0.230211 -86.074127 
1.190104 0.362775 -78.469310 
1.195104 0.494307 -74.666902 
1.200104 0.624425 -76.568106 
1.205105 0.752764 -72.765698 
1.210105 0.878956 -51.852452 
1.215105 1.002637 -44.247635 
1.220105 1.123466 -15.729573 
1.225105 1.241088 -4.322348 
1.230105 1.355171 10.887285 
1.235106 1.465392 18.492102 
1.240106 1.571429 22.294510 
1.245106 1.672986 33.701735 
1.250106 1.769773 29.899326 
1.255107 1.861512 39.405347 
1.260107 1.947945 37.504143 
1.265107 2.028825 37.504143 
1.270107 2.103913 43.207756 
1.275108 2.173001 56.516185 
1.280116 2.235986 60.318593 
1.285116 2.292490 60.318593 
1.290116 2.342457 73.627022 
1.295116 2.385744 66.022205 
1.300116 2.422228 71.725818 
1.305116 2.451803 73.627022 
1.310116 2.474386 83.133043 
1.315117 2.489913 83.133043 
1.320117 2.498339 86.935451 
1.325117 2.499641 85.034247 
1.330117 2.493814 94.540268 
1.335117 2.480875 86.935451 
1.340117 2.460861 90.737859 
1.345117 2.433829 92.639063 
1.350118 2.399855 96.441472 
1.355118 2.359037 98.342676 
1.360118 2.311490 100.243880 
1.365118 2.257354 107.848697 
1.370119 2.196779 98.342676 
1.375119 2.129940 104.046288 
1.380119 2.057024 102.145084 
1.385119 1.978244 96.441472 
1.390120 1.893821 102.145084 
1.395120 1.803998 105.947493 
1.400120 1.709028 102.145084 
1.405120 1.609189 105.947493 
1.410120 1.504760 100.243880 
1.415120 1.396040 98.342676 
1.420120 1.283338 100.243880 
1.425121 1.166977 92.639063 
1.430121 1.047284 98.342676 
1.435121 0.924603 102.145084 
1.440121 0.799286 98.342676 
1.445122 0.671688 94.540268 
1.450122 0.542176 90.737859 
1.455123 0.411114 88.836655 
1.460123 0.278885 86.935451 
1.465123 0.145858 77.429430 
1.470123 0.012418 77.429430 
1.475124 -0.121063 77.429430 
1.480124 -0.254191 75.528226 
1.485124 -0.386596 69.824614 
1.490124 -0.517899 69.824614 
1.495124 -0.647722 64.121001 
1.500124 -0.775701 60.318593 
1.505125 -0.901470 54.614980 
1.510125 -1.024666 48.911368 
1.515125 -1.144942 35.602939 
1.520125 -1.261952 20.393306 
1.525126 -1.375361 5.183672 
1.530126 -1.484850 -11.927165 
1.535126 -1.590104 -23.334390 
1.540127 -1.690822 -30.939206 
1.545127 -1.786719 -36.642819 
1.550127 -1.877519 -44.247635 
1.555127 -1.962962 -40.445227 
1.560127 -2.042808 -40.445227 
1.565128 -2.116831 -48.050044 
1.570128 -2.184816 -53.753656 
1.575128 -2.246568 -59.457269 
1.580128 -2.301915 -68.963289 
1.585128 -2.350697 -76.568106 
1.590128 -2.392775 -68.963289 
1.595129 -2.428030 -78.469310 
1.600129 -2.456360 -74.666902 
1.605129 -2.477685 -84.172923 
1.610129 -2.491944 -82.271718 
1.615129 -2.499096 -91.777739 
1.620129 -2.499121 -101.283760 
1.625130 -2.492019 -93.678943 
1.630130 -2.477811 -108.888577 
1.635130 -2.456537 -106.987372 
1.640130 -2.428257 -110.789781 
1.645130 -2.393052 -118.394597 
1.650130 -2.351024 -116.493393 
1.655130 -2.302287 -118.394597 
1.660131 -2.246985 -110.789781 
1.665131 -2.185274 -122.197006 
1.670131 -2.117331 -116.493393 
1.675132 -2.043350 -114.592189 
1.680132 -1.963541 -116.493393 
1.685132 -1.878131 -118.394597 
1.690133 -1.787365 -112.690985 
1.695133 -1.691501 -122.197006 
1.700133 -1.590812 -114.592189 
1.705134 -1.485585 -118.394597 
1.710134 -1.376124 -118.394597 
1.715134 -1.262743 -112.690985 
1.720134 -1.145761 -116.493393 
1.725134 -1.025511 -122.197006 
1.730135 -0.902337 -114.592189 
1.735135 -0.776590 -112.690985 
1.740135 -0.648628 -118.394597 
1.745135 -0.518816 -106.987372 
1.750135 -0.387525 -112.690985 
1.755135 -0.255126 -106.987372 
1.760135 -0.122002 -110.789781 
1.765135 0.011470 -110.789781 
1.770135 0.144909 -95.580148 
1.775136 0.277937 -99.382556 
1.780136 0.410173 -84.172923 
1.785136 0.541234 -76.568106 
1.790136 0.670757 -59.457269 
1.795136 0.798364 -49.951248 
1.800136 0.923697 -36.642819 
1.805136 1.046393 -11.927165 
1.810137 1.166106 1.381264 
1.815137 1.282490 20.393306 
1.820137 1.395224 22.294510 
1.825137 1.503975 27.998122 
1.830137 1.608436 29.899326 
1.835137 1.708311 35.602939 
1.840137 1.803314 35.602939 
1.845137 1.893176 35.602939 
1.850138 1.977639 50.812572 
1.855138 2.056462 54.614980 
1.860138 2.129421 54.614980 
1.865138 2.196307 56.516185 
1.870146 2.257019 62.219797 
1.875146 2.311193 62.219797 
1.880147 2.358776 69.824614 
1.885147 2.399634 69.824614 
1.890147 2.433649 81.231839 
1.895147 2.460723 85.034247 
1.900148 2.480778 77.429430 
1.905148 2.493759 81.231839 
1.910148 2.499627 85.034247 
1.915148 2.498368 86.935451 
1.920153 2.489972 90.737859 
1.925153 2.474481 96.441472 
1.930153 2.451932 96.441472 
1.935153 2.422391 104.046288 
1.940153 2.385941 104.046288 
1.945154 2.342688 111.651105 
1.950154 2.292750 102.145084 
1.955154 2.236275 107.848697 
1.960154 2.173424 105.947493 
1.965155 2.104375 98.342676 
1.970155 2.029326 105.947493 
1.975155 1.948489 105.947493 
1.980155 1.862095 111.651105 
1.985155 1.770384 102.145084 
1.990156 1.673626 105.947493 
1.995156 1.572098 107.848697 
2.000156 1.466089 96.441472 
2.005156 1.355899 100.243880 
2.010156 1.241842 102.145084 
2.015157 1.124242 96.441472 
2.020157 1.003435 100.243880 
2.025157 0.879769 94.540268 
2.030157 0.753592 86.935451 
2.035157 0.625268 96.441472 
2.040157 0.495161 86.935451 
2.045157 0.363639 86.935451 
2.050158 0.231081 81.231839 
2.055158 0.097860 85.034247 
2.060158 -0.035639 77.429430 
2.065158 -0.169034 79.330634 
2.070158 -0.301945 69.824614 
2.075159 -0.434000 69.824614 
2.080159 -0.564811 67.923409 
2.085159 -0.694017 66.022205 
2.090160 -0.821247 62.219797 
2.095160 -0.946131 54.614980 
2.100160 -1.068315 52.713776 
2.105160 -1.187457 39.405347 
2.110161 -1.303210 24.195714 
2.115161 -1.415246 7.084877 
2.120161 -1.523243 -8.124757 
2.125162 -1.626897 -25.235594 
2.130162 -1.725911 -36.642819 
2.135162 -1.820003 -34.741615 
2.140162 -1.908904 -40.445227 
2.145162 -1.992360 -42.346431 
2.150162 -2.070136 -49.951248 
2.155163 -2.142008 -48.050044 
2.160163 -2.207771 -49.951248 
2.165163 -2.267238 -59.457269 
2.170163 -2.320239 -65.160881 
2.175163 -2.366622 -63.259677 
2.180163 -2.406257 -76.568106 
2.185164 -2.439029 -72.765698 
2.190164 -2.464846 -80.370514 
2.195164 -2.483633 -80.370514 
2.200164 -2.495338 -91.777739 
2.205164 -2.499926 -91.777739 
2.210164 -2.497386 -93.678943 
2.215180 -2.487680 -105.086168 
2.220181 -2.470900 -103.184964 
2.225181 -2.447073 -101.283760 
2.230181 -2.416268 -112.690985 
2.235181 -2.378572 -110.789781 
2.240183 -2.334075 -106.987372 
2.245183 -2.282938 -116.493393 
2.250183 -2.225289 -112.690985 
2.255184 -2.161293 -110.789781 
2.260184 -2.091134 -118.394597 
2.265184 -2.015013 -114.592189 
2.270184 -1.933146 -108.888577 
2.275184 -1.845766 -118.394597 
2.280184 -1.753122 -112.690985 
2.285185 -1.655474 -116.493393 
2.290198 -1.552838 -110.789781 
2.295198 -1.446033 -112.690985 
2.300198 -1.335104 -110.789781 
2.305198 -1.220366 -110.789781 
2.310198 -1.102148 -114.592189 
2.315198 -0.980788 -110.789781 
2.320198 -0.856632 -108.888577 
2.325198 -0.730035 -116.493393 
2.330198 -0.601354 -105.086168 
2.335199 -0.470959 -112.690985 
2.340199 -0.339217 -108.888577 
2.345199 -0.206511 -108.888577 
2.350199 -0.073215 -101.283760 
2.355199 0.060289 -105.086168 
2.360199 0.193621 -99.382556 
2.365199 0.326403 -101.283760 
2.370200 0.458255 -82.271718 
2.375200 0.588797 -74.666902 
2.380200 0.717673 -67.062085 
2.385201 0.844497 -48.050044 
2.390201 0.968908 -38.544023 
2.395201 1.090552 -23.334390 
2.400201 1.209087 1.381264 
2.405201 1.324179 22.294510 
2.410201 1.435489 24.195714 
2.415202 1.542706 26.096918 
2.420202 1.645523 24.195714 
2.425202 1.743648 29.899326 
2.430202 1.836802 33.701735 
2.435202 1.924716 39.405347 
2.440202 2.007141 43.207756 
2.445202 2.083844 52.713776 
2.450203 2.154604 48.911368 
2.455203 2.219218 64.121001 
2.460203 2.277504 69.824614 
2.465203 2.329295 69.824614 
2.470203 2.374444 69.824614 
2.475203 2.412820 73.627022 
2.480203 2.444316 71.725818 
2.485203 2.468841 79.330634 
2.490204 2.486326 86.935451 
2.495204 2.496720 83.133043 
2.500204 2.499994 96.441472 
2.505204 2.496139 92.639063 
2.510204 2.485165 98.342676 
2.515205 2.467103 90.737859 
2.520205 2.442005 98.342676 
2.525205 2.409943 96.441472 
2.530205 2.371010 102.145084 
2.535205 2.325314 109.749901 
2.540205 2.272987 102.145084 
2.545205 2.214178 107.848697 
2.550206 2.149055 111.651105 
2.555206 2.077802 100.243880 
2.560206 2.000624 104.046288 
2.565206 1.917741 98.342676 
2.570206 1.829390 107.848697 
2.575206 1.735822 105.947493 
2.580206 1.637301 102.145084 
2.585207 1.534114 111.651105 
2.590207 1.426551 104.046288 
2.595207 1.314920 102.145084 
2.600207 1.199540 100.243880 
2.605207 1.080738 96.441472 
2.610207 0.958855 100.243880 
2.615207 0.834237 92.639063 
2.620207 0.707243 100.243880 
2.625207 0.578229 92.639063 
2.630207 0.447567 92.639063 
2.635207 0.315628 83.133043 
2.640208 0.182789 85.034247 
2.645208 0.049426 81.231839 
2.650208 -0.084078 73.627022 
2.655208 -0.217340 69.824614 
2.660208 -0.349982 77.429430 
2.665208 -0.481623 69.824614 
2.670208 -0.611893 62.219797 
2.675209 -0.740433 67.923409 
2.680209 -0.866852 52.713776 
2.685209 -0.990793 58.417389 
2.690209 -1.111909 52.713776 
2.695210 -1.229854 41.306551 
2.700210 -1.344294 22.294510 
2.705210 -1.454900 8.986081 
2.710210 -1.561357 -10.025961 
2.715210 -1.663361 -30.939206 
2.720211 -1.760628 -30.939206 
2.725211 -1.852865 -34.741615 
2.730211 -1.939819 -40.445227 
2.735211 -2.021240 -42.346431 
2.740211 -2.096898 -40.445227 
2.745211 -2.166575 -48.050044 
2.750211 -2.230075 -44.247635 
2.755212 -2.287214 -55.654860 
2.760212 -2.337831 -65.160881 
2.765212 -2.381782 -67.062085 
2.770212 -2.418940 -74.666902 
2.775212 -2.449200 -84.172923 
2.780212 -2.472475 -78.469310 
2.785212 -2.488699 -86.074127 
2.790213 -2.497826 -93.678943 
2.795213 -2.499829 -86.074127 
2.800213 -2.494703 -93.678943 
2.805213 -2.482464 -99.382556 
2.810213 -2.463144 -95.580148 
2.815213 -2.436800 -108.888577 
2.820213 -2.403508 -114.592189 
2.825214 -2.363360 -105.086168 
2.830214 -2.316473 -112.690985 
2.835214 -2.262980 -112.690985 
2.840214 -2.203032 -108.888577 
2.845214 -2.136802 -112.690985 
2.850214 -2.064479 -106.987372 
2.855214 -1.986269 -110.789781 
2.860214 -1.902397 -116.493393 
2.865215 -1.813095 -112.690985 
2.870215 -1.718625 -120.295801 
2.875215 -1.619254 -112.690985 
2.880226 -1.515030 -112.690985 
2.885226 -1.406706 -114.592189 
2.890226 -1.294375 -114.592189 
2.895226 -1.178355 -116.493393 
2.900227 -1.058970 -105.086168 
2.905227 -0.936567 -114.592189 
2.910227 -0.811494 -106.987372 
2.915227 -0.684101 -106.987372 
2.920227 -0.554758 -105.086168 
2.925228 -0.423834 -103.184964 
2.930228 -0.291697 -110.789781 
2.935228 -0.158733 -108.888577 
2.940228 -0.025316 -103.184964 
2.945228 0.108170 -101.283760 
2.950229 0.241347 -93.678943 
2.955229 0.373837 -95.580148 
2.960229 0.505263 -87.975331 
2.965229 0.635248 -84.172923 
2.970229 0.763421 -65.160881 
2.975229 0.889417 -51.852452 
2.980230 1.012877 -32.840411 
2.985230 1.133446 -6.223552 
2.990230 1.250782 14.689693 
2.995230 1.364552 22.294510 
3.000230 1.474428 29.899326 
3.005238 1.580256 29.899326 
3.010238 1.681417 31.800531 
3.015238 1.777780 33.701735 
3.020238 1.869078 41.306551 
3.025238 1.955045 41.306551 
3.030238 2.035434 48.911368 
3.035238 2.110022 50.812572 
3.040239 2.178593 56.516185 
3.045239 2.240951 69.824614 
3.050239 2.296916 71.725818 
3.055239 2.346331 71.725818 
3.060239 2.389053 75.528226 
3.065240 2.424964 75.528226 
3.070240 2.453959 71.725818 
3.075240 2.475954 77.429430 
3.080240 2.490890 85.034247 
3.085240 2.498721 81.231839 
3.090241 2.499427 88.836655 
3.095241 2.493004 92.639063 
3.100241 2.479472 88.836655 
3.105241 2.458870 100.243880 
3.110241 2.431254 98.342676 
3.115241 2.396706 100.243880 
3.120241 2.355322 104.046288 
3.125242 2.307222 107.848697 
3.130242 2.252543 105.947493 
3.135242 2.191438 111.651105 
3.140242 2.124082 105.947493 
3.145242 2.050671 105.947493 
3.150243 1.971410 104.046288 
3.155243 1.886530 100.243880 
3.160243 1.796269 102.145084 
3.165243 1.700886 105.947493 
3.170243 1.600652 107.848697 
3.175243 1.495854 109.749901 
3.180243 1.386790 105.947493 
3.185243 1.273771 109.749901 
3.190243 1.157120 100.243880 
3.195243 1.037171 105.947493 
3.200244 0.914260 96.441472 
3.205244 0.788741 100.243880 
3.210244 0.660979 96.441472 
3.215244 0.531326 96.441472 
3.220244 0.400163 90.737859 
3.225244 0.267853 92.639063 
3.230244 0.134783 81.231839 
3.235244 0.001328 81.231839 
3.240244 -0.132131 79.330634 
3.245245 -0.265213 75.528226 
3.250245 -0.397541 77.429430 
3.255245 -0.528736 69.824614 
3.260246 -0.658433 66.022205 
3.265246 -0.786247 67.923409 
3.270246 -0.911813 60.318593 
3.275265 -1.035234 52.713776 
3.280265 -1.155235 41.306551 
3.285265 -1.271941 27.998122 
3.290265 -1.385023 14.689693 
3.295266 -1.494154 -13.828369 
3.300266 -1.599022 -19.531981 
3.305266 -1.699329 -29.038002 
3.310266 -1.794793 -32.840411 
3.315266 -1.885135 -36.642819 
3.320266 -1.970105 -48.050044 
3.325266 -2.049455 -36.642819 
3.330266 -2.122962 -44.247635 
3.335267 -2.190413 -48.050044 
3.340267 -2.251617 -53.753656 
3.345267 -2.306399 -55.654860 
3.350267 -2.354607 -72.765698 
3.355267 -2.396100 -74.666902 
3.360267 -2.430758 -74.666902 
3.365268 -2.458485 -84.172923 
3.370268 -2.479200 -89.876535 
3.375268 -2.492845 -84.172923 
3.380268 -2.499380 -89.876535 
3.385268 -2.498788 -95.580148 
3.390268 -2.491070 -95.580148 
3.395268 -2.476248 -99.382556 
3.400269 -2.454364 -108.888577 
3.405269 -2.425481 -105.086168 
3.410269 -2.389682 -108.888577 
3.415269 -2.347067 -112.690985 
3.420269 -2.297759 -112.690985 
3.425269 -2.241897 -112.690985 
3.430269 -2.179643 -114.592189 
3.435269 -2.111173 -108.888577 
3.440269 -2.036683 -110.789781 
3.445270 -1.956385 -108.888577 
3.450270 -1.870509 -112.690985 
3.455270 -1.779297 -112.690985 
3.460270 -1.683012 -114.592189 
3.465270 -1.581926 -110.789781 
3.470270 -1.476328 -116.493393 
3.475270 -1.366521 -116.493393 
3.480270 -1.252817 -112.690985 
3.485270 -1.135541 -114.592189 
3.490270 -1.015026 -110.789781 
3.495271 -0.891616 -105.086168 
3.500271 -0.765664 -112.690985 
3.505271 -0.637529 -105.086168 
3.510271 -0.507573 -108.888577 
3.515271 -0.376172 -112.690985 
3.520271 -0.243698 -110.789781 
3.525271 -0.110526 -99.382556 
3.530272 0.022971 -101.283760 
3.535272 0.156395 -101.283760 
3.540272 0.289370 -91.777739 
3.545273 0.421523 -99.382556 
3.550273 0.552473 -86.074127 
3.555273 0.681842 -74.666902 
3.560273 0.809268 -57.556064 
3.565274 0.934392 -42.346431 
3.570274 1.056847 -19.531981 
3.575274 1.176286 -6.223552 
3.580275 1.292379 16.590897 
3.585275 1.404780 16.590897 
3.590275 1.513172 29.899326 
3.595275 1.617253 29.899326 
3.600275 1.716717 27.998122 
3.605275 1.811287 35.602939 
3.610275 1.900690 33.701735 
3.615276 1.984674 39.405347 
3.620276 2.062999 43.207756 
3.625276 2.135439 48.911368 
3.630276 2.201790 58.417389 
3.635276 2.261862 62.219797 
3.640276 2.315484 71.725818 
3.645276 2.362503 77.429430 
3.650276 2.402783 79.330634 
3.655276 2.436211 77.429430 
3.660277 2.462693 77.429430 
3.665277 2.482151 79.330634 
3.670277 2.494531 86.935451 
3.675277 2.499797 86.935451 
3.680277 2.497934 88.836655 
3.685277 2.488947 94.540268 
3.690277 2.472863 90.737859 
3.695278 2.449726 98.342676 
3.700278 2.419602 100.243880 
3.705278 2.382580 100.243880 
3.710278 2.338762 100.243880 
3.715291 2.288134 109.749901 
3.720291 2.231104 109.749901 
3.725291 2.167712 107.848697 
3.730292 2.098138 111.651105 
3.735292 2.022580 107.848697 
3.740292 1.941254 105.947493 
3.745292 1.854391 107.848697 
3.750292 1.762241 104.046288 
3.755292 1.665066 107.848697 
3.760297 1.563053 105.947493 
3.765297 1.456666 111.651105 
3.770297 1.346127 105.947493 
3.775297 1.231744 100.243880 
3.780297 1.113851 102.145084 
3.785298 0.992784 100.243880 
3.790298 0.868884 92.639063 
3.795298 0.742505 96.441472 
3.800298 0.614011 96.441472 
3.805298 0.483767 86.935451 
3.810299 0.352127 94.540268 
3.815299 0.219490 92.639063 
3.820299 0.086233 83.133043 
3.825300 -0.047270 79.330634 
3.830300 -0.180638 79.330634 
3.835300 -0.313489 79.330634 
3.840300 -0.445443 71.725818 
3.845300 -0.576132 66.022205 
3.850300 -0.705175 67.923409 
3.855300 -0.832207 64.121001 
3.860300 -0.956866 66.022205 
3.865301 -1.078796 50.812572 
3.870301 -1.197650 39.405347 
3.875301 -1.313091 22.294510 
3.880301 -1.424784 1.381264 
3.885301 -1.532415 -13.828369 
3.890301 -1.635675 -17.630777 
3.895301 -1.734271 -30.939206 
3.900301 -1.827922 -34.741615 
3.905302 -1.916359 -44.247635 
3.910302 -1.999333 -38.544023 
3.915302 -2.076605 -46.148840 
3.920302 -2.147954 -46.148840 
3.925302 -2.213177 -49.951248 
3.930302 -2.272088 -61.358473 
3.935302 -2.324521 -61.358473 
3.940302 -2.370325 -72.765698 
3.945303 -2.409369 -82.271718 
3.950303 -2.441542 -74.666902 
3.955303 -2.466753 -80.370514 
3.960303 -2.484929 -87.975331 
3.965303 -2.496018 -89.876535 
3.970303 -2.499988 -89.876535 
3.975303 -2.496830 -87.975331 
3.980303 -2.486551 -105.086168 
3.985304 -2.469181 -99.382556 
3.990304 -2.444770 -105.086168 
3.995304 -2.413387 -112.690985 
4.000304 -2.375121 -108.888577 
4.005304 -2.330081 -114.592189 
4.010304 -2.278397 -108.888577 
4.015304 -2.220216 -108.888577 
4.020304 -2.155703 -110.789781 
4.025304 -2.085043 -108.888577 
4.030305 -2.008437 -110.789781 
4.035305 -1.926103 -108.888577 
4.040305 -1.838278 -112.690985 
4.045305 -1.745209 -112.690985 
4.050305 -1.647164 -114.592189 
4.055305 -1.544418 -120.295801 
4.060305 -1.437271 -110.789781 
4.065305 -1.326025 -112.690985 
4.070305 -1.210997 -112.690985 
4.075305 -1.092516 -105.086168 
4.080306 -0.970922 -110.789781 
4.085306 -0.846554 -110.789781 
4.090306 -0.719774 -101.283760 
4.095306 -0.590942 -105.086168 
4.100306 -0.460424 -105.086168 
4.105307 -0.328580 -108.888577 
4.110307 -0.195810 -103.184964 
4.115307 -0.062476 -105.086168 
4.120307 0.071034 -93.678943 
4.125308 0.204338 -93.678943 
4.130308 0.337060 -101.283760 
4.135308 0.468817 -91.777739 
4.140308 0.599238 -78.469310 
4.145309 0.727966 -76.568106 
4.150309 0.854614 -59.457269 
4.155310 0.978817 -46.148840 
4.160310 1.100226 -21.433186 
4.165310 1.218498 1.381264 
4.170310 1.333295 16.590897 
4.175310 1.444287 24.195714 
4.180311 1.551162 31.800531 
4.185311 1.653612 27.998122 
4.190311 1.751346 35.602939 
4.195311 1.844084 27.998122 
4.200311 1.931566 39.405347 
4.205311 2.013539 41.306551 
4.210311 2.089769 48.911368 
4.215311 2.160041 50.812572 
4.220312 2.224153 58.417389 
4.225312 2.281922 66.022205 
4.230322 2.333283 69.824614 
4.235323 2.377876 77.429430 
4.240323 2.415687 73.627022 
4.245323 2.446610 77.429430 
4.250323 2.470555 73.627022 
4.255323 2.487455 79.330634 
4.260323 2.497261 83.133043 
4.265323 2.499946 92.639063 
4.270324 2.495501 86.935451 
4.275324 2.483938 100.243880 
4.280324 2.465292 94.540268 
4.285324 2.439616 100.243880 
4.290325 2.406981 98.342676 
4.295325 2.367483 107.848697 
4.300325 2.321231 100.243880 
4.305325 2.268360 102.145084 
4.310325 2.209022 105.947493 
4.315326 2.143383 104.046288 
4.320326 2.071629 109.749901 
4.325326 1.993969 107.848697 
4.330327 1.910621 107.848697 
4.335327 1.821824 105.947493 
4.340327 1.727835 105.947493 
4.345327 1.628918 102.145084 
4.350327 1.525354 98.342676 
4.355328 1.417436 104.046288 
4.360328 1.305479 107.848697 
4.365328 1.189797 98.342676 
4.370328 1.070727 104.046288 
4.375329 0.948598 100.243880 
4.380329 0.823762 98.342676 
4.385329 0.696583 96.441472 
4.390329 0.567416 96.441472 
4.395329 0.436630 92.639063 
4.400330 0.304594 92.639063 
4.405330 0.171694 86.935451 
4.410344 0.037928 90.737859 
4.415344 -0.095570 75.528226 
4.420345 -0.228796 79.330634 
4.425345 -0.361369 81.231839 
4.430345 -0.492917 71.725818 
4.435346 -0.623054 73.627022 
4.440346 -0.751414 69.824614 
4.445346 -0.877628 64.121001 
4.450346 -1.001340 54.614980 
4.455346 -1.122196 48.911368 
4.460346 -1.239852 37.504143 
4.465346 -1.353972 16.590897 
4.470346 -1.464232 1.381264 
4.475346 -1.570315 -19.531981 
4.480346 -1.671920 -29.038002 
4.485347 -1.768761 -36.642819 
4.490354 -1.860685 -38.544023 
4.495354 -1.947164 -38.544023 
4.500354 -2.028091 -42.346431 
4.505354 -2.103234 -44.247635 
4.510355 -2.172380 -53.753656 
4.515355 -2.235331 -48.050044 
4.520355 -2.291906 -57.556064 
4.525355 -2.341945 -68.963289 
4.530355 -2.385307 -74.666902 
4.535356 -2.421866 -80.370514 
4.540356 -2.451518 -82.271718 
4.545356 -2.474179 -76.568106 
4.550356 -2.489783 -89.876535 
4.555357 -2.498286 -82.271718 
4.560357 -2.499665 -99.382556 
4.565357 -2.493915 -99.382556 
4.570357 -2.481052 -95.580148 
4.575357 -2.461114 -101.283760 
4.580358 -2.434158 -110.789781 
4.585358 -2.400260 -110.789781 
4.590358 -2.359516 -106.987372 
4.595358 -2.312045 -108.888577 
4.600358 -2.257980 -110.789781 
4.605358 -2.197474 -108.888577 
4.610359 -2.130702 -108.888577 
4.615359 -2.057851 -108.888577 
4.620359 -1.979130 -110.789781 
4.625360 -1.894765 -108.888577 
4.630360 -1.805000 -114.592189 
4.635360 -1.710087 -105.086168 
4.640360 -1.610298 -112.690985 
4.645360 -1.505916 -112.690985 
4.650360 -1.397236 -118.394597 
4.655361 -1.284574 -106.987372 
4.660361 -1.168251 -110.789781 
4.665361 -1.048596 -116.493393 
4.670361 -0.925948 -108.888577 
4.675361 -0.800662 -108.888577 
4.680361 -0.673088 -106.987372 
4.685362 -0.543599 -103.184964 
4.690362 -0.412558 -105.086168 
4.695362 -0.280337 -103.184964 
4.700362 -0.147320 -97.481352 
4.705362 -0.013882 -97.481352 
4.710363 0.119595 -103.184964 
4.715363 0.252734 -93.678943 
4.720363 0.385150 -89.876535 
4.725363 0.516467 -84.172923 
4.730363 0.646306 -76.568106 
4.735364 0.774307 -67.062085 
4.740364 0.900097 -49.951248 
4.745364 1.023321 -21.433186 
4.750364 1.143626 -4.322348 
4.755364 1.260670 8.986081 
4.760364 1.374119 22.294510 
4.765364 1.483649 27.998122 
4.770364 1.588950 31.800531 
4.775365 1.689720 35.602939 
4.780365 1.785671 29.899326 
4.785365 1.876527 43.207756 
4.790365 1.962032 43.207756 
4.795365 2.041942 48.911368 
4.800365 2.116029 54.614980 
4.805365 2.184083 52.713776 
4.810366 2.245908 66.022205 
4.815366 2.301328 62.219797 
4.820366 2.350184 71.725818 
4.825366 2.392338 73.627022 
4.830366 2.427671 81.231839 
4.835367 2.456081 77.429430 
4.840367 2.477485 73.627022 
4.845367 2.491823 81.231839 
4.850367 2.499055 90.737859 
4.855368 2.499160 79.330634 
4.860368 2.492138 94.540268 
4.865368 2.478009 102.145084 
4.870368 2.456813 94.540268 
4.875368 2.428611 98.342676 
4.880368 2.393483 107.848697 
4.885368 2.351528 105.947493 
4.890369 2.302868 107.848697 
4.895369 2.247640 109.749901 
4.900369 2.186001 104.046288 
4.905369 2.118129 107.848697 
4.910369 2.044218 113.552309 
4.915369 1.964477 100.243880 
4.920370 1.879134 105.947493 
4.925370 1.788433 105.947493 
4.930370 1.692629 104.046288 
4.935370 1.591998 98.342676 
4.940370 1.486829 104.046288 
4.945371 1.377395 105.947493 
4.950371 1.264055 105.947493 
4.955372 1.147112 104.046288 
4.960372 1.026895 96.441472 
4.965372 0.903750 102.145084 
4.970372 0.778030 98.342676 
4.975372 0.650091 96.441472 
4.980372 0.520298 98.342676 
4.985372 0.389021 92.639063 
4.990373 0.256633 88.836655 
4.995373 0.123512 83.133043 
5.000373 -0.009960 85.034247 
5.005373 -0.143402 85.034247 
5.010373 -0.276435 77.429430 
5.015373 -0.408679 77.429430 
5.020374 -0.539768 75.528226 
5.025374 -0.669308 66.022205 
5.030374 -0.796939 66.022205 
5.035374 -0.922304 66.022205 
5.040375 -1.045035 52.713776 
5.045375 -1.164782 41.306551 
5.050375 -1.281208 18.492102 
5.055375 -1.393980 -0.519940 
5.060375 -1.502779 -13.828369 
5.065375 -1.607295 -27.136798 
5.070376 -1.707228 -34.741615 
5.075376 -1.802289 -42.346431 
5.080376 -1.892209 -40.445227 
5.085376 -1.976735 -46.148840 
5.090377 -2.055620 -40.445227 
5.095377 -2.128645 -48.050044 
5.100377 -2.195600 -51.852452 
5.105377 -2.256292 -55.654860 
5.110377 -2.310550 -65.160881 
5.115378 -2.358217 -74.666902 
5.120378 -2.399160 -68.963289 
5.125378 -2.433261 -84.172923 
5.130378 -2.460423 -76.568106 
5.135378 -2.480568 -87.975331 
5.140379 -2.493638 -84.172923 
5.145379 -2.499598 -89.876535 
5.150380 -2.498427 -89.876535 
5.155380 -2.490132 -89.876535 
5.160380 -2.474735 -101.283760 
5.165380 -2.452281 -106.987372 
5.170380 -2.422834 -101.283760 
5.175380 -2.386478 -110.789781 
5.180380 -2.343315 -112.690985 
5.185380 -2.293471 -112.690985 
5.190381 -2.237085 -108.888577 
5.195381 -2.174319 -112.690985 
5.200381 -2.105354 -110.789781 
5.205381 -2.030384 -106.987372 
5.210381 -1.949625 -106.987372 
5.215381 -1.863305 -108.888577 
5.220381 -1.771670 -106.987372 
5.225386 -1.674891 -116.493393 
5.230386 -1.573420 -112.690985 
5.235387 -1.467464 -116.493393 
5.240387 -1.357323 -112.690985 
5.245387 -1.243309 -106.987372 
5.250387 -1.125752 -105.086168 
5.255388 -1.004981 -108.888577 
5.260388 -0.881344 -112.690985 
5.265388 -0.755194 -106.987372 
5.270388 -0.626889 -110.789781 
5.275389 -0.496803 -99.382556 
5.280389 -0.365299 -99.382556 
5.285389 -0.232756 -106.987372 
5.290389 -0.099544 -103.184964 
5.295389 0.033949 -97.481352 
5.300389 0.167345 -93.678943 
5.305389 0.300264 -95.580148 
5.310389 0.432326 -97.481352 
5.315389 0.563159 -84.172923 
5.320390 0.692385 -80.370514 
5.325390 0.819634 -57.556064 
5.330390 0.944549 -42.346431 
5.335390 1.066769 -17.630777 
5.340390 1.185948 -2.421144 
5.345390 1.301739 16.590897 
5.350390 1.413821 22.294510 
5.355391 1.521873 22.294510 
5.360391 1.625582 35.602939 
5.365391 1.724656 35.602939 
5.370391 1.818812 35.602939 
5.375391 1.907781 39.405347 
5.380391 1.991309 47.010164 
5.385391 2.069159 48.911368 
5.390391 2.141108 54.614980 
5.395392 2.206952 62.219797 
5.400392 2.266501 66.022205 
5.405392 2.319587 69.824614 
5.410392 2.366058 75.528226 
5.415392 2.405781 79.330634 
5.420392 2.438644 73.627022 
5.425392 2.464552 77.429430 
5.430392 2.483432 85.034247 
5.435392 2.495230 83.133043 
5.440402 2.499915 86.935451 
5.445402 2.497454 92.639063 
5.450403 2.487870 90.737859 
5.455403 2.471192 98.342676 
5.460403 2.447467 94.540268 
5.465403 2.416760 104.046288 
5.470403 2.379161 104.046288 
5.475404 2.334778 104.046288 
5.480404 2.283736 109.749901 
5.485404 2.226183 109.749901 
5.490404 2.162281 105.947493 
5.495404 2.092214 109.749901 
5.500404 2.016178 111.651105 
5.505404 1.934393 111.651105 
5.510408 1.847031 105.947493 
5.515408 1.754458 102.145084 
5.520408 1.656881 104.046288 
5.525408 1.554583 107.848697 
5.530408 1.447847 105.947493 
5.535409 1.336985 102.145084 
5.540409 1.222312 104.046288 
5.545409 1.104151 104.046288 
5.550409 0.982834 98.342676 
5.555409 0.858717 100.243880 
5.560410 0.732150 92.639063 
5.565410 0.603496 96.441472 
5.570410 0.473120 100.243880 
5.575410 0.341397 92.639063 
5.580411 0.208701 85.034247 
5.585411 0.075413 85.034247 
5.590411 -0.058091 85.034247 
5.595411 -0.191429 75.528226 
5.600411 -0.324219 77.429430 
5.605411 -0.456089 75.528226 
5.610411 -0.586658 67.923409 
5.615411 -0.715552 67.923409 
5.620412 -0.842405 60.318593 
5.625412 -0.966854 66.022205 
5.630412 -1.088550 47.010164 
5.635412 -1.207139 29.899326 
5.640412 -1.322286 20.393306 
5.645412 -1.433662 -4.322348 
5.650412 -1.540952 -23.334390 
5.655413 -1.643847 -23.334390 
5.660413 -1.742055 -34.741615 
5.665413 -1.835294 -34.741615 
5.670413 -1.923299 -34.741615 
5.675413 -2.005819 -40.445227 
5.680414 -2.082618 -40.445227 
5.685414 -2.153479 -53.753656 
5.690414 -2.218197 -55.654860 
5.695414 -2.276588 -61.358473 
5.700416 -2.328512 -63.259677 
5.705417 -2.373769 -76.568106 
5.710417 -2.412256 -74.666902 
5.715417 -2.443864 -74.666902 
5.720417 -2.468502 -80.370514 
5.725417 -2.486101 -84.172923 
5.730417 -2.496609 -84.172923 
5.735418 -2.499998 -91.777739 
5.740418 -2.496257 -93.678943 
5.745418 -2.485398 -93.678943 
5.750418 -2.467450 -106.987372 
5.755418 -2.442466 -99.382556 
5.760418 -2.410516 -106.987372 
5.765418 -2.371693 -110.789781 
5.770419 -2.326105 -108.888577 
5.775419 -2.273884 -112.690985 
5.780419 -2.215179 -106.987372 
5.785419 -2.150156 -108.888577 
5.790419 -2.079000 -114.592189 
5.795419 -2.001917 -105.086168 
5.800419 -1.919125 -114.592189 
5.805419 -1.830860 -106.987372 
5.810419 -1.737376 -112.690985 
5.815420 -1.638934 -108.888577 
5.820420 -1.535819 -116.493393 
5.825420 -1.428327 -112.690985 
5.830420 -1.316758 -118.394597 
5.835420 -1.201433 -110.789781 
5.840420 -1.082684 -105.086168 
5.845420 -0.960848 -114.592189 
5.850420 -0.836271 -110.789781 
5.855421 -0.709310 -103.184964 
5.860421 -0.580326 -110.789781 
5.865421 -0.449685 -105.086168 
5.870421 -0.317760 -106.987372 
5.875421 -0.184933 -95.580148 
5.880421 -0.051578 -99.382556 
5.885422 0.081929 -105.086168 
5.890422 0.215200 -89.876535 
5.895422 0.347855 -93.678943 
5.900422 0.479518 -95.580148 
5.905422 0.609813 -86.074127 
5.910422 0.738367 -70.864494 
5.915422 0.864817 -55.654860 
5.920422 0.988802 -38.544023 
5.925422 1.109966 -21.433186 
5.930423 1.227968 3.282468 
5.935423 1.342463 14.689693 
5.940423 1.453134 22.294510 
5.945423 1.559659 33.701735 
5.950423 1.661738 31.800531 
5.955423 1.759078 37.504143 
5.960423 1.851398 37.504143 
5.965423 1.938441 39.405347 
5.970424 2.019960 52.713776 
5.975424 2.095715 50.812572 
5.980424 2.165491 60.318593 
5.985424 2.229092 62.219797 
5.990424 2.286338 62.219797 
5.995425 2.337063 71.725818 
