0.000001 0.000007 4.052344 
0.005001 0.074611 -1.651268 
0.010001 0.149147 0.249936 
0.015001 0.223551 -1.651268 
0.020001 0.297759 -3.552473 
0.025001 0.371702 -5.453677 
0.030002 0.445312 -1.651268 
0.035002 0.518525 -1.651268 
0.040002 0.591276 -1.651268 
0.045002 0.663501 -1.651268 
0.050002 0.735134 -7.354881 
0.055003 0.806114 4.052344 
0.060003 0.876374 7.854752 
0.065003 0.945852 15.459569 
0.070003 1.014490 17.360773 
0.075003 1.082226 17.360773 
0.080003 1.148995 19.261977 
0.085004 1.214741 21.163181 
0.090004 1.279408 17.360773 
0.095004 1.342933 15.459569 
0.100004 1.405260 24.965590 
0.105004 1.466336 28.767998 
0.110004 1.526106 36.372815 
0.115005 1.584518 40.175223 
0.120005 1.641517 45.878835 
0.125005 1.697056 42.076427 
0.130005 1.751082 45.878835 
0.135005 1.803548 43.977631 
0.140005 1.854407 47.780040 
0.145005 1.903615 55.384856 
0.150006 1.951128 57.286060 
0.155006 1.996903 61.088469 
0.160006 2.040901 53.483652 
0.165006 2.083079 59.187264 
0.170006 2.123401 64.890877 
0.175006 2.161832 74.396898 
0.180007 2.198337 78.199306 
0.185007 2.232884 76.298102 
0.190007 2.265443 74.396898 
0.195007 2.295984 76.298102 
0.200007 2.324480 78.199306 
0.205007 2.350905 76.298102 
0.210007 2.375237 78.199306 
0.215008 2.397453 78.199306 
0.220008 2.417533 87.705327 
0.225008 2.435460 87.705327 
0.230008 2.451217 91.507735 
0.235008 2.464791 97.211347 
0.240008 2.476170 97.211347 
0.245008 2.485343 99.112552 
0.250008 2.492303 97.211347 
0.255008 2.497043 102.914960 
0.260009 2.499558 101.013756 
0.265009 2.499847 104.816164 
0.270009 2.497910 99.112552 
0.275009 2.493748 101.013756 
0.280009 2.487364 101.013756 
0.285009 2.478765 108.618572 
0.290009 2.467958 110.519777 
0.295009 2.454952 112.420981 
0.300010 2.439761 112.420981 
0.305010 2.422396 106.717368 
0.310010 2.402873 106.717368 
0.315010 2.381210 102.914960 
0.320010 2.357426 102.914960 
0.325010 2.331542 106.717368 
0.330010 2.303581 101.013756 
0.335011 2.273569 114.322185 
0.340011 2.241532 110.519777 
0.345011 2.207498 106.717368 
0.350011 2.171498 104.816164 
0.355011 2.133563 108.618572 
0.360011 2.093728 106.717368 
0.365012 2.052028 110.519777 
0.370012 2.008500 110.519777 
0.375012 1.963182 106.717368 
0.380023 1.916016 99.112552 
0.385023 1.867238 102.914960 
0.390023 1.816798 101.013756 
0.395036 1.764606 97.211347 
0.400036 1.710972 99.112552 
0.405037 1.655814 97.211347 
0.410037 1.599182 97.211347 
0.415037 1.541126 101.013756 
0.420037 1.481699 95.310143 
0.425037 1.420952 87.705327 
0.430037 1.358937 95.310143 
0.435037 1.295712 91.507735 
0.440037 1.231333 89.606531 
0.445037 1.165858 83.902918 
0.450038 1.099344 78.199306 
0.455038 1.031851 80.100510 
0.460038 0.963438 80.100510 
0.465038 0.894167 76.298102 
0.470038 0.824098 76.298102 
0.475039 0.753294 74.396898 
0.480039 0.681821 72.495694 
0.485039 0.609741 72.495694 
0.490039 0.537116 61.088469 
0.495040 0.464013 59.187264 
0.500040 0.390500 61.088469 
0.505040 0.316635 49.681244 
0.510040 0.242490 47.780040 
0.515040 0.168131 45.878835 
0.520040 0.093622 45.878835 
0.525041 0.019029 38.274019 
0.530041 -0.055582 36.372815 
0.535041 -0.130142 26.866794 
0.540041 -0.204586 23.064386 
0.545041 -0.278851 19.261977 
0.550042 -0.352868 9.755957 
0.555042 -0.426570 15.459569 
0.560042 -0.499891 11.657161 
0.565042 -0.572765 2.151140 
0.570042 -0.645127 -3.552473 
0.575042 -0.716918 -7.354881 
0.580042 -0.788068 -11.157289 
0.585043 -0.858517 -14.959697 
0.590043 -0.928201 -18.762106 
0.595043 -0.997060 -30.169331 
0.600043 -1.065030 -32.070535 
0.605043 -1.132052 -35.872943 
0.610043 -1.198064 -32.070535 
0.615043 -1.263009 -41.576556 
0.620044 -1.326828 -41.576556 
0.625044 -1.389468 -47.280168 
0.630044 -1.450870 -47.280168 
0.635044 -1.510979 -52.983780 
0.640044 -1.569743 -49.181372 
0.645044 -1.627107 -54.884985 
0.650045 -1.683022 -58.687393 
0.655045 -1.737438 -62.489801 
0.660045 -1.790308 -68.193414 
0.665045 -1.841583 -70.094618 
0.670045 -1.891216 -70.094618 
0.675045 -1.939165 -73.897026 
0.680045 -1.985387 -77.699434 
0.685045 -2.029840 -83.403047 
0.690046 -2.072486 -87.205455 
0.695046 -2.113287 -100.513884 
0.700046 -2.152204 -87.205455 
0.705046 -2.189204 -94.810272 
0.710046 -2.224255 -96.711476 
0.715046 -2.257323 -98.612680 
0.720046 -2.288382 -104.316293 
0.725046 -2.317402 -111.921109 
0.730047 -2.344358 -104.316293 
0.735047 -2.369226 -115.723517 
0.740047 -2.391983 -117.624722 
0.745047 -2.412610 -113.822313 
0.750047 -2.431088 -113.822313 
0.755047 -2.447401 -115.723517 
0.760047 -2.461534 -127.130742 
0.765047 -2.473475 -132.834355 
0.770048 -2.483212 -123.328334 
0.775048 -2.490737 -123.328334 
0.780048 -2.496044 -129.031947 
0.785048 -2.499128 -134.735559 
0.790048 -2.499985 -132.834355 
0.795048 -2.498616 -132.834355 
0.800048 -2.495022 -127.130742 
0.805048 -2.489204 -134.735559 
0.810048 -2.481171 -134.735559 
0.815049 -2.470926 -138.537967 
0.820049 -2.458481 -134.735559 
0.825049 -2.443846 -136.636763 
0.830049 -2.427035 -140.439171 
0.835049 -2.408061 -130.933151 
0.840050 -2.386941 -138.537967 
0.845050 -2.363697 -136.636763 
0.850050 -2.338346 -140.439171 
0.855050 -2.310913 -138.537967 
0.860050 -2.281422 -136.636763 
0.865051 -2.249898 -144.241580 
0.870051 -2.216371 -140.439171 
0.875051 -2.180869 -138.537967 
0.880051 -2.143425 -136.636763 
0.885051 -2.104072 -140.439171 
0.890051 -2.062846 -134.735559 
0.895051 -2.019782 -134.735559 
0.900051 -1.974918 -136.636763 
0.905051 -1.928296 -140.439171 
0.910052 -1.879953 -134.735559 
0.915052 -1.829937 -138.537967 
0.920052 -1.778293 -130.933151 
0.925052 -1.725063 -130.933151 
0.930052 -1.670298 -130.933151 
0.935053 -1.614046 -129.031947 
0.940053 -1.556354 -127.130742 
0.945053 -1.497277 -127.130742 
0.950053 -1.436867 -127.130742 
0.955053 -1.375177 -129.031947 
0.960053 -1.312263 -121.427130 
0.965053 -1.248180 -123.328334 
0.970053 -1.182983 -119.525926 
0.975053 -1.116734 -119.525926 
0.980054 -1.049490 -115.723517 
0.985054 -0.981310 -115.723517 
0.990054 -0.912258 -115.723517 
0.995054 -0.842392 -111.921109 
1.000054 -0.771776 -108.118701 
1.005054 -0.700473 -102.415088 
1.010054 -0.628546 -104.316293 
1.015054 -0.556059 -98.612680 
1.020054 -0.483079 -92.909068 
1.025054 -0.409665 -96.711476 
1.030055 -0.335889 -94.810272 
1.035055 -0.261813 -87.205455 
1.040055 -0.187503 -85.304251 
1.045055 -0.113025 -81.501843 
1.050055 -0.038448 -71.995822 
1.055055 0.036164 -70.094618 
1.060055 0.110742 -73.897026 
1.065055 0.185224 -71.995822 
1.070055 0.259540 -66.292210 
1.075056 0.333624 -58.687393 
1.080056 0.407413 -52.983780 
1.085056 0.480838 -51.082576 
1.090056 0.553834 -49.181372 
1.095056 0.626335 -49.181372 
1.100056 0.698282 -35.872943 
1.105056 0.769605 -20.663310 
1.110056 0.840244 0.249936 
1.115072 0.910352 5.953548 
1.120073 0.979431 19.261977 
1.125073 1.047636 24.965590 
1.130073 1.114906 21.163181 
1.135073 1.181183 30.669202 
1.140075 1.246429 24.965590 
1.145083 1.310651 24.965590 
1.150083 1.373597 28.767998 
1.155083 1.435319 32.570406 
1.160084 1.495762 38.274019 
1.165084 1.554872 40.175223 
1.170084 1.612599 38.274019 
1.175084 1.668888 42.076427 
1.180084 1.723692 49.681244 
1.185084 1.776961 53.483652 
1.190084 1.828646 55.384856 
1.195084 1.878703 64.890877 
1.200085 1.927088 70.594489 
1.205098 1.973872 74.396898 
1.210098 2.018777 70.594489 
1.215098 2.061883 70.594489 
1.220098 2.103152 76.298102 
1.225098 2.142548 68.693285 
1.230098 2.180036 80.100510 
1.235098 2.215582 82.001714 
1.240098 2.249155 89.606531 
1.245098 2.280724 91.507735 
1.250099 2.310261 95.310143 
1.255099 2.337741 91.507735 
1.260099 2.363140 89.606531 
1.265099 2.386433 91.507735 
1.270099 2.407600 93.408939 
1.275099 2.426623 99.112552 
1.280099 2.443484 101.013756 
1.285099 2.458169 99.112552 
1.290100 2.470665 102.914960 
1.295100 2.480960 112.420981 
1.300100 2.489045 110.519777 
1.305100 2.494913 110.519777 
1.310100 2.498558 102.914960 
1.315100 2.499979 101.013756 
1.320100 2.499172 114.322185 
1.325101 2.496140 118.124593 
1.330101 2.490884 120.025797 
1.335101 2.483409 114.322185 
1.340101 2.473723 112.420981 
1.345101 2.461833 110.519777 
1.350101 2.447751 112.420981 
1.355101 2.431488 114.322185 
1.360101 2.413059 118.124593 
1.365101 2.392482 123.828206 
1.370102 2.369772 114.322185 
1.375102 2.344953 116.223389 
1.380102 2.318044 114.322185 
1.385102 2.289071 114.322185 
1.390102 2.258059 114.322185 
1.395102 2.225036 114.322185 
1.400102 2.190031 110.519777 
1.405102 2.153075 112.420981 
1.410110 2.114140 116.223389 
1.415110 2.073380 118.124593 
1.420110 2.030775 118.124593 
1.425111 1.986359 121.927001 
1.430111 1.940174 120.025797 
1.435111 1.892262 108.618572 
1.440111 1.842663 110.519777 
1.445111 1.791423 116.223389 
1.450111 1.738589 102.914960 
1.455112 1.684204 106.717368 
1.460112 1.628320 112.420981 
1.465112 1.570986 106.717368 
1.470112 1.512253 106.717368 
1.475112 1.452173 102.914960 
1.480112 1.390799 99.112552 
1.485112 1.328187 101.013756 
1.490112 1.264392 97.211347 
1.495112 1.199470 91.507735 
1.500112 1.133480 89.606531 
1.505113 1.066481 87.705327 
1.510113 0.998531 91.507735 
1.515113 0.929692 87.705327 
1.520113 0.860026 91.507735 
1.525113 0.789591 85.804123 
1.530113 0.718454 82.001714 
1.535113 0.646677 78.199306 
1.540114 0.574324 72.495694 
1.545114 0.501457 78.199306 
1.550114 0.428144 70.594489 
1.555114 0.354451 70.594489 
1.560115 0.280443 61.088469 
1.565115 0.206186 59.187264 
1.570115 0.131745 57.286060 
1.575115 0.057187 53.483652 
1.580115 -0.017422 49.681244 
1.585115 -0.092018 43.977631 
1.590115 -0.166531 36.372815 
1.595115 -0.240894 30.669202 
1.600116 -0.315043 30.669202 
1.605116 -0.388913 26.866794 
1.610116 -0.462434 26.866794 
1.615116 -0.535544 23.064386 
1.620116 -0.608177 13.558365 
1.625116 -0.680270 15.459569 
1.630116 -0.751757 -1.651268 
1.635116 -0.822572 4.052344 
1.640117 -0.892655 -1.651268 
1.645117 -0.961943 -13.058493 
1.650117 -1.030374 -7.354881 
1.655117 -1.097888 -14.959697 
1.660117 -1.164424 -18.762106 
1.665117 -1.229923 -22.564514 
1.670117 -1.294325 -24.465718 
1.675117 -1.357575 -32.070535 
1.680118 -1.419616 -32.070535 
1.685118 -1.480392 -37.774147 
1.690118 -1.539850 -39.675351 
1.695118 -1.597938 -39.675351 
1.700118 -1.654602 -39.675351 
1.705119 -1.709795 -45.378964 
1.710119 -1.763464 -64.391005 
1.715119 -1.815561 -66.292210 
1.720120 -1.866040 -71.995822 
1.725120 -1.914858 -75.798230 
1.730120 -1.961969 -77.699434 
1.735120 -2.007333 -79.600639 
1.740120 -2.050908 -75.798230 
1.745123 -2.092673 -81.501843 
1.750123 -2.132559 -81.501843 
1.755123 -2.170543 -91.007864 
1.760123 -2.206594 -94.810272 
1.765124 -2.240680 -94.810272 
1.770124 -2.272771 -104.316293 
1.775124 -2.302836 -100.513884 
1.780124 -2.330850 -106.217497 
1.785125 -2.356787 -106.217497 
1.790125 -2.380626 -111.921109 
1.795125 -2.402344 -115.723517 
1.800125 -2.421923 -110.019905 
1.805126 -2.439344 -113.822313 
1.810126 -2.454591 -119.525926 
1.815126 -2.467653 -117.624722 
1.820126 -2.478516 -115.723517 
1.825126 -2.487172 -119.525926 
1.830127 -2.493612 -129.031947 
1.835127 -2.497831 -129.031947 
1.840127 -2.499826 -132.834355 
1.845127 -2.499593 -127.130742 
1.850128 -2.497134 -130.933151 
1.855128 -2.492451 -130.933151 
1.860128 -2.485548 -129.031947 
1.865128 -2.476430 -129.031947 
1.870129 -2.465107 -129.031947 
1.875129 -2.451587 -134.735559 
1.880129 -2.435884 -136.636763 
1.885129 -2.418012 -132.834355 
1.890130 -2.397985 -134.735559 
1.895130 -2.375822 -136.636763 
1.900130 -2.351544 -142.340376 
1.905130 -2.325171 -142.340376 
1.910130 -2.296728 -140.439171 
1.915130 -2.266238 -144.241580 
1.920144 -2.233639 -136.636763 
1.925144 -2.199135 -136.636763 
1.930144 -2.162673 -134.735559 
1.935145 -2.124283 -136.636763 
1.940145 -2.084002 -136.636763 
1.945145 -2.041864 -136.636763 
1.950146 -1.997905 -140.439171 
1.955146 -1.952169 -134.735559 
1.960146 -1.904693 -138.537967 
1.965147 -1.855522 -136.636763 
1.970147 -1.804696 -138.537967 
1.975147 -1.752265 -130.933151 
1.980147 -1.698271 -129.031947 
1.985147 -1.642766 -129.031947 
1.990148 -1.585797 -121.427130 
1.995148 -1.527416 -121.427130 
2.000148 -1.467675 -121.427130 
2.005148 -1.406627 -119.525926 
2.010148 -1.344326 -121.427130 
2.015148 -1.280828 -119.525926 
2.020148 -1.216190 -117.624722 
2.025149 -1.150468 -123.328334 
2.030149 -1.083721 -119.525926 
2.035149 -1.016009 -117.624722 
2.040149 -0.947392 -111.921109 
2.045160 -0.877782 -108.118701 
2.050160 -0.807537 -100.513884 
2.055160 -0.736572 -102.415088 
2.060160 -0.664949 -106.217497 
2.065160 -0.592737 -102.415088 
2.070161 -0.519996 -94.810272 
2.075161 -0.446793 -96.711476 
2.080161 -0.373191 -85.304251 
2.085161 -0.299255 -91.007864 
2.090161 -0.225053 -85.304251 
2.095162 -0.150651 -87.205455 
2.100162 -0.076115 -77.699434 
2.105162 -0.001514 -68.193414 
2.110162 0.073091 -71.995822 
2.115162 0.147632 -62.489801 
2.120162 0.222039 -54.884985 
2.125163 0.296251 -47.280168 
2.130163 0.370202 -47.280168 
2.135163 0.443822 -43.477760 
2.140164 0.517045 -39.675351 
2.145164 0.589808 -35.872943 
2.150164 0.662046 -30.169331 
2.155164 0.733691 -24.465718 
2.160165 0.804684 2.151140 
2.165165 0.874960 7.854752 
2.170165 0.944458 19.261977 
2.175165 1.013115 17.360773 
2.180165 1.080868 23.064386 
2.185166 1.147658 30.669202 
2.190166 1.213426 30.669202 
2.195166 1.278112 36.372815 
2.200166 1.341659 36.372815 
2.205166 1.404012 40.175223 
2.210166 1.465113 42.076427 
2.215167 1.524911 38.274019 
2.220167 1.583351 38.274019 
2.225167 1.640382 43.977631 
2.230182 1.696107 47.780040 
2.235182 1.750161 55.384856 
2.240191 1.802753 57.286060 
2.245192 1.853637 66.792081 
2.250192 1.902872 66.792081 
2.255192 1.950411 72.495694 
2.260192 1.996212 76.298102 
2.265192 2.040236 70.594489 
2.270192 2.082443 74.396898 
2.275202 2.122870 76.298102 
2.280202 2.161327 80.100510 
2.285203 2.197860 83.902918 
2.290203 2.232433 89.606531 
2.295203 2.265019 89.606531 
2.300203 2.295589 87.705327 
2.305203 2.324113 91.507735 
2.310204 2.350566 93.408939 
2.315204 2.374926 97.211347 
2.320204 2.397170 99.112552 
2.325204 2.417279 104.816164 
2.330204 2.435235 106.717368 
2.335204 2.451021 102.914960 
2.340205 2.464625 108.618572 
2.345205 2.476033 108.618572 
2.350205 2.485236 106.717368 
2.355205 2.492225 106.717368 
2.360205 2.496994 112.420981 
2.365205 2.499539 106.717368 
2.370205 2.499858 110.519777 
2.375206 2.497950 110.519777 
2.380206 2.493817 114.322185 
2.385206 2.487463 118.124593 
2.390206 2.478893 121.927001 
2.395207 2.468114 125.729410 
2.400207 2.455137 125.729410 
2.405207 2.439974 125.729410 
2.410208 2.422637 118.124593 
2.415208 2.403141 116.223389 
2.420208 2.381506 114.322185 
2.425208 2.357750 120.025797 
2.430209 2.331891 120.025797 
2.435209 2.303957 121.927001 
2.440209 2.273971 114.322185 
2.445209 2.241960 114.322185 
2.450209 2.207953 114.322185 
2.455209 2.171978 120.025797 
2.460209 2.134068 118.124593 
2.465210 2.094257 118.124593 
2.470210 2.052582 116.223389 
2.475210 2.009077 120.025797 
2.480210 1.963783 118.124593 
2.485210 1.916742 114.322185 
2.490210 1.867990 120.025797 
2.495211 1.817576 116.223389 
2.500211 1.765542 116.223389 
2.505211 1.711936 110.519777 
2.510211 1.656805 112.420981 
2.515211 1.600199 116.223389 
2.520211 1.542169 110.519777 
2.525212 1.482762 112.420981 
2.530212 1.422035 114.322185 
2.535212 1.360043 104.816164 
2.540212 1.296838 102.914960 
2.545212 1.232479 101.013756 
2.550213 1.167021 95.310143 
2.555213 1.100525 95.310143 
2.560213 1.033049 91.507735 
2.565213 0.964652 95.310143 
2.570213 0.895394 93.408939 
2.575213 0.825339 95.310143 
2.580214 0.754549 82.001714 
2.585214 0.683087 85.804123 
2.590214 0.611015 83.902918 
2.595214 0.538404 76.298102 
2.600214 0.465310 74.396898 
2.605214 0.391805 76.298102 
2.610215 0.317947 66.792081 
2.615215 0.243808 64.890877 
2.620215 0.169451 59.187264 
2.625215 0.094941 62.989673 
2.630216 0.020346 57.286060 
2.635216 -0.054267 53.483652 
2.640216 -0.128830 53.483652 
2.645216 -0.203278 49.681244 
2.650217 -0.277547 36.372815 
2.655217 -0.351565 40.175223 
2.660217 -0.425273 30.669202 
2.665217 -0.498601 26.866794 
2.670218 -0.571490 28.767998 
2.675218 -0.643866 19.261977 
2.680218 -0.715669 13.558365 
2.685219 -0.786834 11.657161 
2.690219 -0.857298 9.755957 
2.695219 -0.926997 5.953548 
2.700219 -0.995874 -3.552473 
2.705219 -1.063859 -3.552473 
2.710220 -1.130896 -16.860902 
2.715220 -1.196926 -18.762106 
2.720220 -1.261889 -22.564514 
2.725220 -1.325731 -18.762106 
2.730220 -1.388390 -22.564514 
2.735220 -1.449814 -26.366922 
2.740220 -1.509945 -35.872943 
2.745221 -1.568733 -49.181372 
2.750221 -1.626122 -54.884985 
2.755221 -1.682064 -56.786189 
2.760221 -1.736506 -62.489801 
2.765228 -1.789479 -70.094618 
2.770228 -1.840778 -71.995822 
2.775229 -1.890439 -68.193414 
2.780229 -1.938415 -71.995822 
2.785229 -1.984663 -73.897026 
2.790229 -2.029147 -83.403047 
2.795229 -2.071821 -79.600639 
2.800229 -2.112651 -81.501843 
2.805229 -2.151599 -79.600639 
2.810230 -2.188630 -81.501843 
2.815230 -2.223712 -87.205455 
2.820230 -2.256812 -91.007864 
2.825230 -2.287903 -102.415088 
2.830230 -2.316955 -102.415088 
2.835230 -2.343945 -100.513884 
2.840230 -2.368846 -100.513884 
2.845230 -2.391638 -104.316293 
2.850231 -2.412299 -106.217497 
2.855231 -2.430811 -110.019905 
2.860231 -2.447159 -108.118701 
2.865231 -2.461326 -117.624722 
2.870231 -2.473302 -113.822313 
2.875231 -2.483074 -117.624722 
2.880231 -2.490635 -123.328334 
2.885231 -2.495977 -115.723517 
2.890231 -2.499096 -121.427130 
2.895232 -2.499989 -125.229538 
2.900232 -2.498655 -123.328334 
2.905232 -2.495096 -127.130742 
2.910232 -2.489314 -130.933151 
2.915232 -2.481316 -129.031947 
2.920232 -2.471107 -129.031947 
2.925232 -2.458697 -123.328334 
2.930232 -2.444097 -129.031947 
2.935232 -2.427319 -129.031947 
2.940233 -2.408380 -129.031947 
2.945233 -2.387296 -127.130742 
2.950233 -2.364086 -130.933151 
2.955233 -2.338770 -130.933151 
2.960233 -2.311370 -129.031947 
2.965233 -2.281912 -134.735559 
2.970233 -2.250422 -129.031947 
2.975233 -2.216927 -129.031947 
2.980233 -2.181457 -127.130742 
2.985234 -2.144044 -127.130742 
2.990234 -2.104721 -130.933151 
2.995234 -2.063523 -136.636763 
3.000234 -2.020487 -129.031947 
3.005234 -1.975652 -132.834355 
3.010234 -1.929058 -129.031947 
3.015235 -1.880742 -121.427130 
3.020235 -1.830754 -127.130742 
3.025235 -1.779135 -127.130742 
3.030235 -1.725932 -127.130742 
3.035235 -1.671191 -125.229538 
3.040235 -1.614962 -127.130742 
3.045235 -1.557295 -129.031947 
3.050235 -1.498240 -125.229538 
3.055235 -1.437852 -119.525926 
3.060236 -1.376182 -117.624722 
3.065236 -1.313285 -115.723517 
3.070236 -1.249221 -108.118701 
3.075236 -1.184042 -108.118701 
3.080236 -1.117809 -106.217497 
3.085236 -1.050581 -110.019905 
3.090236 -0.982417 -110.019905 
3.095236 -0.913377 -108.118701 
3.100236 -0.843525 -106.217497 
3.105236 -0.772921 -104.316293 
3.110237 -0.701628 -96.711476 
3.115237 -0.629711 -89.106659 
3.120237 -0.557233 -85.304251 
3.125237 -0.484257 -92.909068 
3.130237 -0.410845 -85.304251 
3.135238 -0.337068 -87.205455 
3.140238 -0.262993 -79.600639 
3.145238 -0.188687 -79.600639 
3.150239 -0.114211 -75.798230 
3.155239 -0.039632 -71.995822 
3.160239 0.034981 -75.798230 
3.165239 0.109563 -66.292210 
3.170239 0.184044 -68.193414 
3.175239 0.258363 -64.391005 
3.180239 0.332453 -54.884985 
3.185240 0.406246 -52.983780 
3.190240 0.479677 -49.181372 
3.195240 0.552680 -45.378964 
3.200240 0.625192 -39.675351 
3.205240 0.697147 -32.070535 
3.210240 0.768482 -18.762106 
3.215240 0.839132 0.249936 
3.220241 0.909034 11.657161 
3.225241 0.978126 21.163181 
3.230241 1.046346 19.261977 
3.235241 1.113634 23.064386 
3.240241 1.179933 30.669202 
3.245241 1.245180 36.372815 
3.250241 1.309318 40.175223 
3.255244 1.372314 38.274019 
3.260244 1.434063 42.076427 
3.265244 1.494533 38.274019 
3.270244 1.553672 42.076427 
3.275244 1.611427 43.977631 
3.280244 1.667748 45.878835 
3.285245 1.722584 51.582448 
3.290245 1.775883 53.483652 
3.295245 1.827601 57.286060 
3.300245 1.877691 72.495694 
3.305245 1.926110 70.594489 
3.310245 1.972812 68.693285 
3.315245 2.017758 80.100510 
3.320245 2.060906 74.396898 
3.325246 2.102219 76.298102 
3.330246 2.141658 72.495694 
3.335246 2.179192 83.902918 
3.340246 2.214783 82.001714 
3.345246 2.248401 93.408939 
3.350246 2.280018 95.310143 
3.355246 2.309603 93.408939 
3.360246 2.337130 89.606531 
3.365247 2.362579 95.310143 
3.370248 2.385925 101.013756 
3.375248 2.407141 102.914960 
3.380248 2.426213 102.914960 
3.385248 2.443124 106.717368 
3.390248 2.457858 108.618572 
3.395249 2.470404 106.717368 
3.400249 2.480749 114.322185 
3.405249 2.488885 118.124593 
3.410249 2.494803 114.322185 
3.415249 2.498500 114.322185 
3.420249 2.499971 120.025797 
3.425249 2.499216 114.322185 
3.430249 2.496234 116.223389 
3.435249 2.491029 116.223389 
3.440250 2.483605 123.828206 
3.445250 2.473969 120.025797 
3.450250 2.462129 114.322185 
3.455250 2.448097 125.729410 
3.460250 2.431883 125.729410 
3.465250 2.413504 123.828206 
3.470250 2.392976 125.729410 
3.475250 2.370315 125.729410 
3.480251 2.345543 125.729410 
3.485251 2.318682 125.729410 
3.490251 2.289756 120.025797 
3.495251 2.258791 127.630614 
3.500251 2.225813 123.828206 
3.505251 2.190853 120.025797 
3.510251 2.153941 118.124593 
3.515251 2.115111 120.025797 
3.520252 2.074397 120.025797 
3.525252 2.031836 116.223389 
3.530252 1.987466 121.927001 
3.535252 1.941323 118.124593 
3.540252 1.893452 120.025797 
3.545252 1.843895 120.025797 
3.550252 1.792695 116.223389 
3.555252 1.739898 116.223389 
3.560253 1.685550 118.124593 
3.565253 1.629703 116.223389 
3.570253 1.572404 110.519777 
3.575253 1.513702 114.322185 
3.580254 1.453650 114.322185 
3.585254 1.392308 112.420981 
3.590254 1.329725 104.816164 
3.595254 1.265956 106.717368 
3.600254 1.201061 110.519777 
3.605254 1.135094 102.914960 
3.610254 1.068118 99.112552 
3.615255 1.000191 93.408939 
3.620255 0.931372 91.507735 
3.625255 0.861723 95.310143 
3.630255 0.791308 91.507735 
3.635255 0.720187 95.310143 
3.640255 0.648424 87.705327 
3.645256 0.576080 80.100510 
3.650256 0.503227 78.199306 
3.655256 0.429925 76.298102 
3.660256 0.356240 76.298102 
3.665257 0.282237 78.199306 
3.670257 0.207983 66.792081 
3.675257 0.133544 62.989673 
3.680257 0.058988 64.890877 
3.685257 -0.015620 59.187264 
3.690257 -0.090214 53.483652 
3.695257 -0.164730 45.878835 
3.700258 -0.239097 42.076427 
3.705258 -0.313252 47.780040 
3.710258 -0.387130 38.274019 
3.715258 -0.460660 28.767998 
3.720258 -0.533781 30.669202 
3.725258 -0.606428 28.767998 
3.730259 -0.678540 17.360773 
3.735259 -0.750043 23.064386 
3.740259 -0.820877 9.755957 
3.745259 -0.890977 7.854752 
3.750260 -0.960286 0.249936 
3.755260 -1.028740 4.052344 
3.760260 -1.096276 -1.651268 
3.765260 -1.162836 -13.058493 
3.770260 -1.228360 -20.663310 
3.775260 -1.292788 -37.774147 
3.780260 -1.356068 -37.774147 
3.785260 -1.418138 -37.774147 
3.790260 -1.478946 -45.378964 
3.795261 -1.538436 -45.378964 
3.800261 -1.596556 -45.378964 
3.805261 -1.653253 -52.983780 
3.810261 -1.708479 -52.983780 
3.815261 -1.762184 -51.082576 
3.820261 -1.814319 -64.391005 
3.825262 -1.864836 -62.489801 
3.830262 -1.913694 -58.687393 
3.835262 -1.960847 -66.292210 
3.840262 -2.006253 -71.995822 
3.845262 -2.049872 -73.897026 
3.850262 -2.091666 -83.403047 
3.855263 -2.131595 -83.403047 
3.860263 -2.169627 -89.106659 
3.865263 -2.205726 -89.106659 
3.870263 -2.239861 -83.403047 
3.875263 -2.271999 -92.909068 
3.880263 -2.302115 -100.513884 
3.885264 -2.330180 -96.711476 
3.890264 -2.356170 -102.415088 
3.895264 -2.380061 -98.612680 
3.900265 -2.401833 -104.316293 
3.905265 -2.421464 -113.822313 
3.910265 -2.438938 -111.921109 
3.915265 -2.454240 -115.723517 
3.920265 -2.467355 -111.921109 
3.925265 -2.478273 -115.723517 
3.930265 -2.486983 -117.624722 
3.935265 -2.493479 -119.525926 
3.940265 -2.497753 -125.229538 
3.945266 -2.499803 -121.427130 
3.950266 -2.499626 -121.427130 
3.955266 -2.497223 -130.933151 
3.960266 -2.492595 -127.130742 
3.965266 -2.485747 -127.130742 
3.970266 -2.476686 -130.933151 
3.975266 -2.465418 -125.229538 
3.980266 -2.451954 -132.834355 
3.985266 -2.436306 -127.130742 
3.990267 -2.418488 -129.031947 
3.995267 -2.398516 -132.834355 
4.000267 -2.376407 -127.130742 
4.005268 -2.352180 -132.834355 
4.010268 -2.325860 -136.636763 
4.015268 -2.297467 -132.834355 
4.020268 -2.267028 -129.031947 
4.025268 -2.234570 -132.834355 
4.030268 -2.200123 -125.229538 
4.035268 -2.163715 -127.130742 
4.040269 -2.125379 -132.834355 
4.045269 -2.085150 -125.229538 
4.050269 -2.043066 -129.031947 
4.055269 -1.999160 -127.130742 
4.060269 -1.953475 -127.130742 
4.065269 -1.906049 -121.427130 
4.070269 -1.856926 -125.229538 
4.075269 -1.806147 -121.427130 
4.080270 -1.753760 -123.328334 
4.085270 -1.699811 -123.328334 
4.090270 -1.644349 -123.328334 
4.095270 -1.587422 -125.229538 
4.100270 -1.529082 -117.624722 
4.105270 -1.469378 -117.624722 
4.110270 -1.408367 -121.427130 
4.115270 -1.346101 -115.723517 
4.120270 -1.282636 -111.921109 
4.125271 -1.218030 -113.822313 
4.130271 -1.152336 -113.822313 
4.135271 -1.085617 -104.316293 
4.140271 -1.017930 -110.019905 
4.145271 -0.949338 -108.118701 
4.150271 -0.879900 -94.810272 
4.155271 -0.809679 -100.513884 
4.160271 -0.738736 -96.711476 
4.165272 -0.667135 -94.810272 
4.170272 -0.594941 -87.205455 
4.175272 -0.522217 -89.106659 
4.180272 -0.449025 -87.205455 
4.185272 -0.375435 -89.106659 
4.190272 -0.301512 -83.403047 
4.195272 -0.227318 -77.699434 
4.200272 -0.152922 -81.501843 
4.205272 -0.078391 -77.699434 
4.210272 -0.003789 -68.193414 
4.215272 0.070816 -62.489801 
4.220273 0.145358 -62.489801 
4.225273 0.219770 -58.687393 
4.230273 0.293986 -52.983780 
4.235273 0.367943 -52.983780 
4.240273 0.441570 -52.983780 
4.245273 0.514802 -39.675351 
4.250273 0.587578 -41.576556 
4.255273 0.659830 -33.971739 
4.260274 0.731494 -32.070535 
4.265274 0.802507 -22.564514 
4.270274 0.872804 0.249936 
4.275276 0.942352 11.657161 
4.280276 1.011034 15.459569 
4.285276 1.078816 28.767998 
4.290276 1.145636 24.965590 
4.295277 1.211436 30.669202 
4.300277 1.276156 38.274019 
4.305277 1.339738 40.175223 
4.310277 1.402129 43.977631 
4.315277 1.463269 38.274019 
4.320277 1.523107 51.582448 
4.325277 1.581587 51.582448 
4.330277 1.638660 40.175223 
4.335294 1.694451 51.582448 
4.340294 1.748550 45.878835 
4.345294 1.801091 53.483652 
4.350294 1.852028 62.989673 
4.355294 1.901315 68.693285 
4.360294 1.948908 76.298102 
4.365294 1.994766 76.298102 
4.370294 2.038846 72.495694 
4.375294 2.081112 83.902918 
4.380295 2.121524 83.902918 
4.385295 2.160046 80.100510 
4.390295 2.196643 82.001714 
4.395295 2.231285 91.507735 
4.400295 2.263939 89.606531 
4.405295 2.294576 93.408939 
4.410295 2.323170 93.408939 
4.415295 2.349694 95.310143 
4.420295 2.374125 97.211347 
4.425296 2.396442 95.310143 
4.430296 2.416625 101.013756 
4.435296 2.434654 101.013756 
4.440296 2.450516 102.914960 
4.445296 2.464195 104.816164 
4.450296 2.475678 116.223389 
4.455296 2.484957 112.420981 
4.460297 2.492022 108.618572 
4.465297 2.496867 116.223389 
4.470297 2.499489 110.519777 
4.475297 2.499884 120.025797 
4.480297 2.498053 116.223389 
4.485297 2.493996 125.729410 
4.490297 2.487718 123.828206 
4.495297 2.479224 118.124593 
4.500298 2.468522 125.729410 
4.505298 2.455621 121.927001 
4.510298 2.440533 120.025797 
4.515298 2.423270 116.223389 
4.520298 2.403850 120.025797 
4.525299 2.382288 129.531818 
4.530299 2.358605 120.025797 
4.535299 2.332820 127.630614 
4.540299 2.304958 125.729410 
4.545299 2.275043 127.630614 
4.550299 2.243101 121.927001 
4.555299 2.209162 120.025797 
4.560299 2.173254 120.025797 
4.565300 2.135412 125.729410 
4.570300 2.095667 123.828206 
4.575300 2.054055 121.927001 
4.580300 2.010615 121.927001 
4.585300 1.965382 120.025797 
4.590303 1.918369 114.322185 
4.595303 1.869676 112.420981 
4.600304 1.819317 120.025797 
4.605304 1.767339 116.223389 
4.610304 1.713788 112.420981 
4.615304 1.658708 120.025797 
4.620304 1.602152 108.618572 
4.625304 1.544169 116.223389 
4.630304 1.484810 108.618572 
4.635304 1.424129 104.816164 
4.640304 1.362179 106.717368 
4.645304 1.299016 112.420981 
4.650305 1.234696 101.013756 
4.655305 1.169277 101.013756 
4.660305 1.102815 104.816164 
4.665305 1.035371 101.013756 
4.670305 0.967004 91.507735 
4.675305 0.897775 99.112552 
4.680306 0.827749 97.211347 
4.685306 0.756985 93.408939 
4.690306 0.685546 83.902918 
4.695306 0.613496 83.902918 
4.700306 0.540899 83.902918 
4.705306 0.467822 82.001714 
4.710306 0.394330 74.396898 
4.715306 0.320485 76.298102 
4.720307 0.246353 72.495694 
4.725307 0.172003 72.495694 
4.730307 0.097500 64.890877 
4.735307 0.022909 64.890877 
4.740307 -0.051701 53.483652 
4.745307 -0.126266 49.681244 
4.750307 -0.200717 53.483652 
4.755307 -0.274991 49.681244 
4.760307 -0.349019 42.076427 
4.765307 -0.422734 38.274019 
4.770308 -0.496076 34.471610 
4.775308 -0.568975 32.570406 
4.780308 -0.641367 24.965590 
4.785308 -0.713187 23.064386 
4.790308 -0.784376 11.657161 
4.795308 -0.854865 9.755957 
4.800309 -0.924590 13.558365 
4.805309 -0.993492 4.052344 
4.810309 -1.061509 0.249936 
4.815309 -1.128580 -7.354881 
4.820309 -1.194647 -20.663310 
4.825309 -1.259649 -26.366922 
4.830309 -1.323529 -32.070535 
4.835309 -1.386232 -39.675351 
4.840310 -1.447700 -39.675351 
4.845310 -1.507878 -41.576556 
4.850310 -1.566712 -47.280168 
4.855310 -1.624150 -56.786189 
4.860310 -1.680142 -51.082576 
4.865310 -1.734638 -56.786189 
4.870310 -1.787589 -52.983780 
4.875310 -1.838948 -52.983780 
4.880311 -1.888668 -60.588597 
4.885311 -1.936706 -64.391005 
4.890311 -1.983019 -68.193414 
4.895311 -2.027566 -75.798230 
4.900311 -2.070306 -75.798230 
4.905311 -2.111203 -79.600639 
4.910311 -2.150220 -83.403047 
4.915312 -2.187322 -89.106659 
4.920312 -2.222475 -92.909068 
4.925312 -2.255649 -92.909068 
4.930312 -2.286813 -94.810272 
4.935312 -2.315940 -104.316293 
4.940313 -2.343005 -98.612680 
4.945313 -2.367983 -104.316293 
4.950313 -2.390852 -102.415088 
4.955313 -2.411591 -108.118701 
4.960314 -2.430182 -104.316293 
4.965314 -2.446608 -110.019905 
4.970314 -2.460855 -117.624722 
4.975314 -2.472909 -119.525926 
4.980315 -2.482761 -123.328334 
4.985315 -2.490402 -119.525926 
4.990315 -2.495824 -119.525926 
4.995315 -2.499023 -119.525926 
5.000315 -2.499996 -123.328334 
5.005316 -2.498742 -129.031947 
5.010316 -2.495262 -129.031947 
5.015316 -2.489560 -127.130742 
5.020317 -2.481640 -119.525926 
5.025328 -2.471483 -125.229538 
5.030329 -2.459145 -121.427130 
5.035329 -2.444618 -129.031947 
5.040329 -2.427913 -125.229538 
5.045329 -2.409045 -129.031947 
5.050329 -2.388032 -134.735559 
5.055330 -2.364891 -125.229538 
5.060330 -2.339643 -132.834355 
5.065330 -2.312312 -130.933151 
5.070330 -2.282922 -130.933151 
5.075330 -2.251499 -129.031947 
5.080331 -2.218070 -132.834355 
5.085331 -2.182664 -123.328334 
5.090331 -2.145314 -125.229538 
5.095331 -2.106054 -130.933151 
5.100331 -2.064917 -132.834355 
5.105332 -2.021942 -134.735559 
5.110332 -1.977166 -125.229538 
5.115332 -1.930627 -129.031947 
5.120332 -1.882368 -130.933151 
5.125333 -1.832433 -119.525926 
5.130333 -1.780862 -123.328334 
5.135334 -1.727708 -119.525926 
5.140334 -1.673015 -123.328334 
5.145334 -1.616833 -117.624722 
5.150334 -1.559211 -117.624722 
5.155334 -1.500201 -121.427130 
5.160335 -1.439854 -115.723517 
5.165335 -1.378225 -111.921109 
5.170335 -1.315370 -111.921109 
5.175335 -1.251340 -111.921109 
5.180335 -1.186196 -102.415088 
5.185335 -1.119997 -111.921109 
5.190335 -1.052799 -104.316293 
5.195336 -0.984663 -102.415088 
5.200336 -0.915649 -106.217497 
5.205336 -0.845821 -98.612680 
5.210336 -0.775239 -94.810272 
5.215337 -0.703965 -91.007864 
5.220350 -0.631875 -92.909068 
5.225350 -0.559411 -96.711476 
5.230350 -0.486449 -91.007864 
5.235351 -0.413052 -87.205455 
5.240351 -0.339290 -81.501843 
5.245351 -0.265226 -75.798230 
5.250351 -0.190924 -75.798230 
5.255351 -0.116454 -73.897026 
5.260351 -0.041878 -66.292210 
5.265352 0.032736 -68.193414 
5.270352 0.107317 -64.391005 
5.275352 0.181804 -58.687393 
5.280352 0.256130 -54.884985 
5.285352 0.330230 -52.983780 
5.290353 0.404033 -49.181372 
5.295353 0.477477 -45.378964 
5.300353 0.550496 -37.774147 
5.305353 0.623028 -32.070535 
5.310354 0.695001 -39.675351 
5.315354 0.766355 -26.366922 
5.320354 0.837024 -14.959697 
5.325354 0.906956 -1.651268 
5.330355 0.976076 15.459569 
5.335355 1.044324 24.965590 
5.340355 1.111644 24.965590 
5.345355 1.177974 26.866794 
5.350356 1.243252 24.965590 
5.355356 1.307424 32.570406 
5.360356 1.370431 36.372815 
5.365356 1.432217 36.372815 
5.370356 1.492728 47.780040 
5.375357 1.551912 43.977631 
5.380357 1.609713 43.977631 
5.385357 1.666078 40.175223 
5.390358 1.720960 47.780040 
5.395358 1.774309 55.384856 
5.400358 1.826075 55.384856 
5.405358 1.876215 57.286060 
5.410358 1.924684 68.693285 
5.415359 1.971439 68.693285 
5.420359 2.016438 70.594489 
5.425359 2.059642 82.001714 
5.430359 2.101009 82.001714 
5.435359 2.140506 83.902918 
5.440359 2.178097 78.199306 
5.445359 2.213747 82.001714 
5.450360 2.247425 93.408939 
5.455360 2.279101 85.804123 
5.460360 2.308748 93.408939 
5.465360 2.336338 101.013756 
5.470360 2.361847 93.408939 
5.475361 2.385252 99.112552 
5.480361 2.406533 102.914960 
5.485361 2.425670 95.310143 
5.490361 2.442646 106.717368 
5.495361 2.457447 112.420981 
5.500361 2.470058 106.717368 
5.505361 2.480470 114.322185 
5.510361 2.488672 114.322185 
5.515361 2.494658 110.519777 
5.520362 2.498421 118.124593 
5.525362 2.499959 116.223389 
5.530362 2.499271 121.927001 
5.535363 2.496356 120.025797 
5.540363 2.491217 127.630614 
5.545363 2.483860 123.828206 
5.550363 2.474289 118.124593 
5.555364 2.462515 120.025797 
5.560364 2.448548 121.927001 
5.565364 2.432399 121.927001 
5.570364 2.414084 118.124593 
5.575364 2.393620 123.828206 
5.580364 2.371022 121.927001 
5.585364 2.346314 118.124593 
5.590364 2.319515 127.630614 
5.595365 2.290650 127.630614 
5.600365 2.259746 121.927001 
5.605365 2.226827 121.927001 
5.610365 2.191926 129.531818 
5.615365 2.155073 127.630614 
5.620365 2.116299 121.927001 
5.625365 2.075641 120.025797 
5.630366 2.033133 120.025797 
5.635366 1.988814 118.124593 
5.640366 1.942725 118.124593 
5.645366 1.894905 121.927001 
5.650366 1.845398 121.927001 
5.655366 1.794246 121.927001 
5.660366 1.741496 118.124593 
5.665375 1.687097 116.223389 
5.670376 1.631289 110.519777 
5.675376 1.574029 112.420981 
5.680376 1.515368 112.420981 
5.685376 1.455356 108.618572 
5.690376 1.394049 114.322185 
5.695376 1.331502 104.816164 
5.700376 1.267766 102.914960 
5.705377 1.202902 104.816164 
5.710377 1.136965 102.914960 
5.715377 1.070016 99.112552 
5.720377 1.002115 99.112552 
5.725377 0.933321 99.112552 
5.730377 0.863696 95.310143 
5.735377 0.793300 95.310143 
5.740378 0.722199 89.606531 
5.745378 0.650454 89.606531 
5.750378 0.578127 85.804123 
5.755378 0.505287 83.902918 
5.760378 0.431998 74.396898 
5.765379 0.358324 83.902918 
5.770379 0.284331 74.396898 
5.775379 0.210081 76.298102 
5.780379 0.135645 70.594489 
5.785379 0.061091 64.890877 
5.790380 -0.013519 64.890877 
5.795380 -0.088116 62.989673 
5.800380 -0.162634 59.187264 
5.805380 -0.237008 51.582448 
5.810380 -0.311173 42.076427 
5.815381 -0.385057 45.878835 
5.820381 -0.458600 32.570406 
5.825381 -0.531735 28.767998 
5.830381 -0.604394 34.471610 
5.835381 -0.676515 30.669202 
5.840381 -0.748034 17.360773 
5.845381 -0.818886 11.657161 
5.850381 -0.889009 7.854752 
5.855381 -0.958340 7.854752 
5.860382 -1.026817 2.151140 
5.865382 -1.094383 -1.651268 
5.870382 -1.160972 -20.663310 
5.875382 -1.226526 -32.070535 
5.880382 -1.290989 -30.169331 
5.885383 -1.354302 -45.378964 
5.890383 -1.416408 -45.378964 
5.895383 -1.477252 -39.675351 
5.900383 -1.536781 -41.576556 
5.905383 -1.594941 -49.181372 
5.910383 -1.651679 -52.983780 
5.915383 -1.706947 -49.181372 
5.920384 -1.760693 -56.786189 
5.925384 -1.812873 -60.588597 
5.930384 -1.863438 -58.687393 
5.935384 -1.912343 -62.489801 
5.940384 -1.959544 -68.193414 
5.945385 -2.005000 -73.897026 
5.950385 -2.048670 -79.600639 
5.955385 -2.090515 -81.501843 
5.960385 -2.130498 -79.600639 
5.965385 -2.168583 -81.501843 
5.970385 -2.204737 -89.106659 
5.975385 -2.238927 -91.007864 
5.980386 -2.271123 -91.007864 
5.985386 -2.301297 -94.810272 
5.990386 -2.329420 -98.612680 
5.995387 -2.355469 -102.415088 
