0.000001 0.000020 0.627507 
0.005001 0.168759 0.627507 
0.010001 0.336728 0.627507 
0.015001 0.503162 0.627507 
0.020009 0.667551 6.331119 
0.025009 0.828641 0.627507 
0.030009 0.985949 0.627507 
0.035010 1.138765 2.528711 
0.040010 1.286386 -3.174902 
0.045010 1.428141 6.331119 
0.050011 1.563383 4.429915 
0.055011 1.691490 8.232323 
0.060011 1.811882 19.639548 
0.065011 1.924013 34.849181 
0.070011 2.027366 40.552794 
0.075011 2.121474 42.453998 
0.080011 2.205906 50.058815 
0.085011 2.280278 51.960019 
0.090011 2.344250 55.762427 
0.095011 2.397531 55.762427 
0.100012 2.439877 57.663631 
0.105012 2.471097 72.873264 
0.110012 2.491046 74.774469 
0.115012 2.499634 72.873264 
0.120012 2.496822 88.082898 
0.125012 2.482623 78.576877 
0.130012 2.457101 86.181693 
0.135012 2.420373 91.885306 
0.140013 2.372607 88.082898 
0.145013 2.314021 93.786510 
0.150013 2.244880 88.082898 
0.155013 2.165500 93.786510 
0.160013 2.076245 91.885306 
0.165013 1.977521 93.786510 
0.170013 1.869774 93.786510 
0.175014 1.753504 88.082898 
0.180014 1.629239 95.687714 
0.185014 1.497538 91.885306 
0.190014 1.359010 99.490123 
0.195014 1.214281 93.786510 
0.200014 1.064014 99.490123 
0.205014 0.908901 91.885306 
0.210014 0.749639 89.984102 
0.215014 0.586955 86.181693 
0.220015 0.421594 91.885306 
0.225015 0.254314 80.478081 
0.230015 0.085867 78.576877 
0.235015 -0.082968 76.675673 
0.240016 -0.251425 76.675673 
0.245016 -0.418735 76.675673 
0.250016 -0.584136 69.070856 
0.255016 -0.746868 63.367244 
0.260016 -0.906195 69.070856 
0.265016 -1.061389 53.861223 
0.270017 -1.211748 55.762427 
0.275017 -1.356580 27.244365 
0.280017 -1.495220 17.738344 
0.285017 -1.627040 -6.977310 
0.290017 -1.751442 -27.890556 
0.295017 -1.867854 -27.890556 
0.300017 -1.975750 -37.396576 
0.305018 -2.074634 -43.100189 
0.310018 -2.164056 -39.297781 
0.315018 -2.243610 -52.606210 
0.320018 -2.312929 -48.803801 
0.325019 -2.371699 -52.606210 
0.330019 -2.419653 -62.112230 
0.335019 -2.456570 -67.815843 
0.340019 -2.482283 -71.618251 
0.345019 -2.496676 -79.223068 
0.350019 -2.499681 -83.025476 
0.355019 -2.491287 -90.630293 
0.360020 -2.471530 -83.025476 
0.365024 -2.440467 -88.729088 
0.370024 -2.398298 -100.136313 
0.375025 -2.345191 -94.432701 
0.380025 -2.281388 -102.037518 
0.385025 -2.207179 -102.037518 
0.390025 -2.122903 -105.839926 
0.395025 -2.028942 -107.741130 
0.400026 -1.925734 -107.741130 
0.405026 -1.813735 -111.543538 
0.410026 -1.693465 -119.148355 
0.415027 -1.565472 -107.741130 
0.420031 -1.430227 -115.345947 
0.425031 -1.288568 -107.741130 
0.430031 -1.141028 -105.839926 
0.435032 -0.988284 -115.345947 
0.440032 -0.831039 -113.444742 
0.445032 -0.670004 -111.543538 
0.450032 -0.505913 -115.345947 
0.455032 -0.339512 -117.247151 
0.460050 -0.170976 -117.247151 
0.465050 -0.002242 -111.543538 
0.470050 0.166502 -105.839926 
0.475050 0.334484 -103.938722 
0.480050 0.500939 -88.729088 
0.485050 0.665111 -84.926680 
0.490051 0.826248 -60.211026 
0.495051 0.983621 -48.803801 
0.500051 1.136508 -35.495372 
0.505051 1.284208 -6.977310 
0.510052 1.426079 10.133527 
0.515052 1.561420 15.837140 
0.520053 1.689639 23.441956 
0.525053 1.810150 27.244365 
0.530053 1.922406 19.639548 
0.535053 2.025892 34.849181 
0.540053 2.120142 32.947977 
0.545053 2.204720 40.552794 
0.550053 2.279246 59.564835 
0.555053 2.343375 51.960019 
0.560053 2.396817 67.169652 
0.565053 2.439328 63.367244 
0.570053 2.470714 78.576877 
0.575054 2.490831 65.268448 
0.580054 2.499589 80.478081 
0.585054 2.496948 70.972060 
0.590054 2.482917 84.280489 
0.595054 2.457564 80.478081 
0.600054 2.421002 80.478081 
0.605054 2.373399 89.984102 
0.610054 2.314973 84.280489 
0.615054 2.245988 91.885306 
0.620055 2.166758 93.786510 
0.625055 2.077647 91.885306 
0.630055 1.979061 97.588918 
0.635055 1.871450 97.588918 
0.640055 1.755303 91.885306 
0.645055 1.631151 101.391327 
0.650055 1.499557 95.687714 
0.655056 1.361118 97.588918 
0.660056 1.216473 97.588918 
0.665056 1.066281 93.786510 
0.670057 0.911228 88.082898 
0.675057 0.752022 88.082898 
0.680057 0.589383 91.885306 
0.685057 0.424057 84.280489 
0.690057 0.256796 78.576877 
0.695058 0.088360 84.280489 
0.700058 -0.080475 80.478081 
0.705058 -0.248939 70.972060 
0.710058 -0.416272 78.576877 
0.715058 -0.581706 72.873264 
0.720058 -0.744487 65.268448 
0.725059 -0.903869 67.169652 
0.730059 -1.059129 59.564835 
0.735059 -1.209559 51.960019 
0.740059 -1.354473 48.157610 
0.745059 -1.493211 25.343161 
0.750059 -1.625140 6.331119 
0.755059 -1.749654 -8.878514 
0.760059 -1.866188 -27.890556 
0.765060 -1.974214 -37.396576 
0.770060 -2.073233 -43.100189 
0.775060 -2.162797 -46.902597 
0.780060 -2.242499 -45.001393 
0.785060 -2.311973 -46.902597 
0.790060 -2.370900 -56.408618 
0.795060 -2.419017 -54.507414 
0.800061 -2.456101 -60.211026 
0.805061 -2.481983 -73.519455 
0.810061 -2.496544 -75.420659 
0.815061 -2.499720 -83.025476 
0.820061 -2.491495 -90.630293 
0.825061 -2.471908 -92.531497 
0.830061 -2.441046 -90.630293 
0.835061 -2.399052 -100.136313 
0.840062 -2.346117 -100.136313 
0.845062 -2.282482 -102.037518 
0.850062 -2.208437 -103.938722 
0.855062 -2.124320 -102.037518 
0.860062 -2.030515 -100.136313 
0.865062 -1.927449 -103.938722 
0.870062 -1.815593 -109.642334 
0.875062 -1.695456 -107.741130 
0.880063 -1.567585 -107.741130 
0.885063 -1.432566 -107.741130 
0.890063 -1.291015 -103.938722 
0.895063 -1.143575 -111.543538 
0.900063 -0.990923 -103.938722 
0.905063 -0.833745 -107.741130 
0.910063 -0.672769 -111.543538 
0.915063 -0.508723 -103.938722 
0.920063 -0.342355 -107.741130 
0.925064 -0.174411 -107.741130 
0.930064 -0.005682 -107.741130 
0.935065 0.163072 -103.938722 
0.940065 0.331080 -103.938722 
0.945065 0.497578 -100.136313 
0.950065 0.661803 -86.827884 
0.955065 0.823010 -77.321864 
0.960065 0.980463 -64.013434 
0.965065 1.133445 -39.297781 
0.970065 1.281257 -24.088147 
0.975066 1.423227 -6.977310 
0.980066 1.558713 17.738344 
0.985066 1.687082 21.540752 
0.990066 1.807757 25.343161 
0.995066 1.920187 31.046773 
1.000066 2.023860 25.343161 
1.005066 2.118302 36.750386 
1.010067 2.203084 42.453998 
1.015067 2.277820 50.058815 
1.020067 2.342167 61.466040 
1.025067 2.395832 63.367244 
1.030067 2.438568 61.466040 
1.035067 2.470184 78.576877 
1.040068 2.490533 74.774469 
1.045068 2.499524 72.873264 
1.050068 2.497116 82.379285 
1.055068 2.483319 78.576877 
1.060068 2.458195 86.181693 
1.065068 2.421861 89.984102 
1.070069 2.374480 84.280489 
1.075069 2.316269 84.280489 
1.080069 2.247495 86.181693 
1.085069 2.168468 95.687714 
1.090069 2.079555 97.588918 
1.095069 1.981160 99.490123 
1.100070 1.873720 99.490123 
1.105070 1.757744 107.094939 
1.110070 1.633751 99.490123 
1.115070 1.502303 93.786510 
1.120070 1.364002 101.391327 
1.125070 1.219484 99.490123 
1.130070 1.069404 97.588918 
1.135070 0.914447 99.490123 
1.140070 0.755319 99.490123 
1.145071 0.592746 95.687714 
1.150071 0.427470 88.082898 
1.155071 0.260232 84.280489 
1.160072 0.091802 84.280489 
1.165072 -0.077032 82.379285 
1.170072 -0.245512 76.675673 
1.175072 -0.412879 72.873264 
1.180073 -0.578362 72.873264 
1.185073 -0.741205 70.972060 
1.190073 -0.900664 70.972060 
1.195073 -1.056012 59.564835 
1.200073 -1.206550 57.663631 
1.205073 -1.351582 46.256406 
1.210073 -1.490450 32.947977 
1.215074 -1.622524 6.331119 
1.220074 -1.747197 -10.779718 
1.225074 -1.863902 -24.088147 
1.230074 -1.972103 -39.297781 
1.235074 -2.071310 -37.396576 
1.240074 -2.161069 -46.902597 
1.245074 -2.240975 -48.803801 
1.250074 -2.310661 -46.902597 
1.255075 -2.369807 -50.705005 
1.260075 -2.418144 -60.211026 
1.265075 -2.455456 -58.309822 
1.270075 -2.481568 -73.519455 
1.275075 -2.496361 -84.926680 
1.280075 -2.499769 -79.223068 
1.285076 -2.491776 -84.926680 
1.290076 -2.472419 -90.630293 
1.295076 -2.441785 -98.235109 
1.300076 -2.400015 -94.432701 
1.305076 -2.347300 -92.531497 
1.310076 -2.283879 -100.136313 
1.315077 -2.210041 -100.136313 
1.320077 -2.126126 -105.839926 
1.325077 -2.032510 -98.235109 
1.330077 -1.929625 -103.938722 
1.335077 -1.817940 -109.642334 
1.340077 -1.697966 -103.938722 
1.345078 -1.570245 -107.741130 
1.350078 -1.435363 -111.543538 
1.355078 -1.293937 -103.938722 
1.360078 -1.146609 -107.741130 
1.365078 -0.994053 -105.839926 
1.370078 -0.836963 -105.839926 
1.375078 -0.676059 -111.543538 
1.380079 -0.512062 -102.037518 
1.385079 -0.345729 -105.839926 
1.390079 -0.177817 -107.741130 
1.395080 -0.009093 -105.839926 
1.400080 0.159673 -103.938722 
1.405080 0.327703 -102.037518 
1.410080 0.494235 -90.630293 
1.415081 0.658517 -86.827884 
1.420081 0.819795 -79.223068 
1.425081 0.977331 -58.309822 
1.430081 1.130410 -50.705005 
1.435081 1.278331 -22.186943 
1.440081 1.420422 2.528711 
1.445081 1.556042 17.738344 
1.450081 1.684564 31.046773 
1.455082 1.805411 27.244365 
1.460082 1.918014 32.947977 
1.465082 2.021870 32.947977 
1.470082 2.116502 36.750386 
1.475083 2.201482 46.256406 
1.480083 2.276421 51.960019 
1.485083 2.340978 65.268448 
1.490083 2.394859 65.268448 
1.495083 2.437818 70.972060 
1.500083 2.469658 78.576877 
1.505083 2.490236 70.972060 
1.510084 2.499456 78.576877 
1.515084 2.497276 84.280489 
1.520084 2.483707 80.478081 
1.525084 2.458811 86.181693 
1.530084 2.422702 91.885306 
1.535084 2.375541 91.885306 
1.540084 2.317547 89.984102 
1.545084 2.248984 95.687714 
1.550085 2.170162 86.181693 
1.555085 2.081442 93.786510 
1.560085 1.983232 99.490123 
1.565085 1.875976 95.687714 
1.570085 1.760162 101.391327 
1.575085 1.636324 103.292531 
1.580085 1.505019 97.588918 
1.585086 1.366856 101.391327 
1.590086 1.222454 97.588918 
1.595086 1.072479 93.786510 
1.600086 0.917613 97.588918 
1.605086 0.758566 89.984102 
1.610086 0.596052 91.885306 
1.615086 0.430820 95.687714 
1.620086 0.263626 93.786510 
1.625087 0.095230 88.082898 
1.630087 -0.073600 80.478081 
1.635087 -0.242095 78.576877 
1.640087 -0.409485 70.972060 
1.645087 -0.575005 74.774469 
1.650087 -0.737918 70.972060 
1.655088 -0.897466 70.972060 
1.660088 -1.052914 69.070856 
1.665088 -1.203553 57.663631 
1.670088 -1.348706 40.552794 
1.675089 -1.487708 19.639548 
1.680089 -1.619925 8.232323 
1.685089 -1.744754 -16.483331 
1.690089 -1.861625 -29.791760 
1.695089 -1.970003 -37.396576 
1.700089 -2.069397 -37.396576 
1.705090 -2.159353 -37.396576 
1.710090 -2.239462 -50.705005 
1.715090 -2.309356 -43.100189 
1.720090 -2.368718 -50.705005 
1.725090 -2.417277 -58.309822 
1.730090 -2.454813 -71.618251 
1.735090 -2.481152 -77.321864 
1.740090 -2.496175 -75.420659 
1.745091 -2.499813 -77.321864 
1.750091 -2.492051 -83.025476 
1.755091 -2.472923 -83.025476 
1.760091 -2.442517 -98.235109 
1.765091 -2.400971 -92.531497 
1.770091 -2.348477 -98.235109 
1.775091 -2.285269 -102.037518 
1.780091 -2.211641 -102.037518 
1.785091 -2.127926 -102.037518 
1.790092 -2.034506 -107.741130 
1.795092 -1.931807 -103.938722 
1.800092 -1.820298 -103.938722 
1.805092 -1.700485 -111.543538 
1.810092 -1.572918 -107.741130 
1.815092 -1.438178 -111.543538 
1.820093 -1.296874 -100.136313 
1.825093 -1.149654 -103.938722 
1.830093 -0.997190 -109.642334 
1.835093 -0.840176 -103.938722 
1.840094 -0.679335 -103.938722 
1.845094 -0.515389 -100.136313 
1.850095 -0.349083 -107.741130 
1.855095 -0.181205 -103.938722 
1.860095 -0.012500 -105.839926 
1.865095 0.156266 -96.333905 
1.870095 0.324318 -100.136313 
1.875096 0.490889 -100.136313 
1.880096 0.655223 -84.926680 
1.885096 0.816566 -83.025476 
1.890096 0.974185 -64.013434 
1.895096 1.127364 -43.100189 
1.900096 1.275399 -27.890556 
1.905096 1.417619 -12.680922 
1.910096 1.553369 15.837140 
1.915097 1.682040 31.046773 
1.920097 1.803039 23.441956 
1.925097 1.915819 34.849181 
1.930097 2.019852 31.046773 
1.935097 2.114678 29.145569 
1.940098 2.199859 44.355202 
1.945098 2.275005 51.960019 
1.950098 2.339776 59.564835 
1.955098 2.393875 65.268448 
1.960098 2.437057 70.972060 
1.965098 2.469125 70.972060 
1.970098 2.489931 74.774469 
1.975098 2.499382 78.576877 
1.980100 2.497432 82.379285 
1.985100 2.484090 80.478081 
1.990100 2.459420 91.885306 
1.995100 2.423533 91.885306 
2.000100 2.376592 91.885306 
2.005100 2.318813 86.181693 
2.010100 2.250459 93.786510 
2.015101 2.171838 91.885306 
2.020101 2.083312 93.786510 
2.025101 1.985288 91.885306 
2.030101 1.878208 99.490123 
2.035101 1.762566 105.193735 
2.040101 1.638880 101.391327 
2.045101 1.507722 103.292531 
2.050102 1.369688 105.193735 
2.055102 1.225407 101.391327 
2.060102 1.075535 97.588918 
2.065102 0.920757 101.391327 
2.070102 0.761779 101.391327 
2.075102 0.599331 88.082898 
2.080103 0.434149 91.885306 
2.085103 0.266974 91.885306 
2.090103 0.098584 86.181693 
2.095104 -0.070248 80.478081 
2.100104 -0.238764 80.478081 
2.105104 -0.406187 78.576877 
2.110104 -0.571758 78.576877 
2.115104 -0.734717 72.873264 
2.120105 -0.894329 69.070856 
2.125105 -1.049866 63.367244 
2.130105 -1.200607 53.861223 
2.135105 -1.345876 40.552794 
2.140105 -1.485007 25.343161 
2.145105 -1.617362 8.232323 
2.150106 -1.742341 -20.285739 
2.155106 -1.859374 -27.890556 
2.160106 -1.967927 -29.791760 
2.165106 -2.067504 -43.100189 
2.170106 -2.157653 -37.396576 
2.175106 -2.237962 -43.100189 
2.180106 -2.308064 -45.001393 
2.185106 -2.367639 -56.408618 
2.190107 -2.416416 -60.211026 
2.195107 -2.454172 -64.013434 
2.200107 -2.480736 -73.519455 
2.205107 -2.495986 -75.420659 
2.210107 -2.499852 -75.420659 
2.215107 -2.492318 -81.124272 
2.220107 -2.473417 -84.926680 
2.225107 -2.443235 -84.926680 
2.230108 -2.401909 -86.827884 
2.235108 -2.349629 -102.037518 
2.240108 -2.286631 -92.531497 
2.245108 -2.213207 -96.333905 
2.250108 -2.129691 -103.938722 
2.255108 -2.036460 -105.839926 
2.260108 -1.933942 -98.235109 
2.265108 -1.822601 -107.741130 
2.270109 -1.702951 -109.642334 
2.275109 -1.575533 -103.938722 
2.280109 -1.440931 -103.938722 
2.285109 -1.299756 -109.642334 
2.290109 -1.152654 -103.938722 
2.295109 -1.000295 -103.938722 
2.300109 -0.843371 -102.037518 
2.305109 -0.682607 -103.938722 
2.310110 -0.518723 -102.037518 
2.315110 -0.352476 -98.235109 
2.320110 -0.184623 -107.741130 
2.325110 -0.015927 -96.333905 
2.330110 0.152845 -98.235109 
2.335110 0.320920 -98.235109 
2.340110 0.487531 -94.432701 
2.345111 0.651919 -92.531497 
2.350111 0.813346 -84.926680 
2.355112 0.971053 -77.321864 
2.360112 1.124332 -60.211026 
2.365112 1.272482 -37.396576 
2.370112 1.414826 -12.680922 
2.375112 1.550717 13.935936 
2.380113 1.679533 19.639548 
2.385113 1.800689 29.145569 
2.390113 1.913635 31.046773 
2.395113 2.017853 31.046773 
2.400113 2.112868 36.750386 
2.405113 2.198244 46.256406 
2.410114 2.273596 50.058815 
2.415114 2.338578 61.466040 
2.420114 2.392896 65.268448 
2.425114 2.436299 65.268448 
2.430114 2.468592 78.576877 
2.435114 2.489625 78.576877 
2.440114 2.499305 78.576877 
2.445115 2.497585 80.478081 
2.450115 2.484475 86.181693 
2.455115 2.460033 88.082898 
2.460115 2.424371 86.181693 
2.465115 2.377654 91.885306 
2.470115 2.320092 101.391327 
2.475115 2.251949 89.984102 
2.480115 2.173536 97.588918 
2.485115 2.085211 93.786510 
2.490116 1.987375 97.588918 
2.495116 1.880475 97.588918 
2.500116 1.764997 103.292531 
2.505116 1.641474 99.490123 
2.510116 1.510460 101.391327 
2.515116 1.372559 105.193735 
2.520116 1.228399 99.490123 
2.525116 1.078636 105.193735 
2.530116 0.923958 101.391327 
2.535117 0.765059 95.687714 
2.540117 0.602674 93.786510 
2.545117 0.437540 95.687714 
2.550117 0.270395 89.984102 
2.555118 0.102019 84.280489 
2.560118 -0.066819 78.576877 
2.565118 -0.235342 82.379285 
2.570119 -0.402795 78.576877 
2.575119 -0.568411 70.972060 
2.580119 -0.731434 74.774469 
2.585119 -0.891125 70.972060 
2.590119 -1.046745 65.268448 
2.595119 -1.197588 46.256406 
2.600120 -1.342976 42.453998 
2.605120 -1.482235 19.639548 
2.610120 -1.614735 -6.977310 
2.615120 -1.739870 -18.384535 
2.620120 -1.857070 -33.594168 
2.625120 -1.965801 -33.594168 
2.630120 -2.065568 -45.001393 
2.635120 -2.155913 -37.396576 
2.640121 -2.236425 -39.297781 
2.645121 -2.306738 -50.705005 
2.650121 -2.366531 -45.001393 
2.655121 -2.415529 -54.507414 
2.660121 -2.453513 -64.013434 
2.665121 -2.480307 -69.717047 
2.670121 -2.495788 -79.223068 
2.675122 -2.499887 -77.321864 
2.680122 -2.492584 -84.926680 
2.685122 -2.473911 -86.827884 
2.690123 -2.443955 -88.729088 
2.695123 -2.402851 -92.531497 
2.700123 -2.350787 -92.531497 
2.705124 -2.288003 -92.531497 
2.710124 -2.214786 -94.432701 
2.715124 -2.131466 -100.136313 
2.720124 -2.038423 -103.938722 
2.725125 -1.936082 -105.839926 
2.730125 -1.824911 -109.642334 
2.735125 -1.705419 -107.741130 
2.740125 -1.578148 -102.037518 
2.745125 -1.443678 -103.938722 
2.750126 -1.302625 -109.642334 
2.755126 -1.155634 -102.037518 
2.760126 -1.003370 -102.037518 
2.765126 -0.846530 -98.235109 
2.770126 -0.685828 -102.037518 
2.775127 -0.521999 -105.839926 
2.780127 -0.355782 -105.839926 
2.785127 -0.187949 -102.037518 
2.790127 -0.019259 -105.839926 
2.795128 0.149519 -98.235109 
2.800128 0.317611 -94.432701 
2.805128 0.484259 -88.729088 
2.810128 0.648697 -96.333905 
2.815128 0.810178 -84.926680 
2.820129 0.967966 -75.420659 
2.825129 1.121336 -46.902597 
2.830129 1.269592 -24.088147 
2.835129 1.412060 -18.384535 
2.840130 1.548088 13.935936 
2.845130 1.677058 17.738344 
2.850130 1.798375 29.145569 
2.855131 1.911491 36.750386 
2.860131 2.015885 36.750386 
2.865131 2.111084 32.947977 
2.870131 2.196655 42.453998 
2.875131 2.272208 53.861223 
2.880131 2.337398 53.861223 
2.885131 2.391928 65.268448 
2.890132 2.435549 74.774469 
2.895138 2.468096 72.873264 
2.900138 2.489340 74.774469 
2.905139 2.499229 72.873264 
2.910139 2.497720 84.280489 
2.915139 2.484818 88.082898 
2.920140 2.460582 82.379285 
2.925140 2.425124 88.082898 
2.930140 2.378605 91.885306 
2.935140 2.321239 99.490123 
2.940141 2.253282 99.490123 
2.945141 2.175051 97.588918 
2.950141 2.086897 89.984102 
2.955142 1.989223 99.490123 
2.960142 1.882478 97.588918 
2.965142 1.767148 95.687714 
2.970143 1.643757 99.490123 
2.975143 1.512869 99.490123 
2.980143 1.375087 97.588918 
2.985143 1.231033 103.292531 
2.990143 1.081362 101.391327 
2.995143 0.926762 101.391327 
3.000143 0.767935 91.885306 
3.005144 0.605603 88.082898 
3.010144 0.440509 86.181693 
3.015144 0.273409 95.687714 
3.020144 0.105055 88.082898 
3.025144 -0.063775 82.379285 
3.030145 -0.232317 82.379285 
3.035145 -0.399796 82.379285 
3.040145 -0.565455 72.873264 
3.045145 -0.728528 82.379285 
3.050146 -0.888288 65.268448 
3.055146 -1.043991 67.169652 
3.060146 -1.194926 51.960019 
3.065147 -1.340429 31.046773 
3.070147 -1.479803 13.935936 
3.075154 -1.612612 -1.273697 
3.080154 -1.737876 -14.582127 
3.085154 -1.855211 -27.890556 
3.090154 -1.964087 -29.791760 
3.095155 -2.064007 -41.198985 
3.100155 -2.154512 -45.001393 
3.105155 -2.235190 -39.297781 
3.110155 -2.305675 -41.198985 
3.115156 -2.365642 -48.803801 
3.120156 -2.414820 -60.211026 
3.125156 -2.452986 -60.211026 
3.130156 -2.479963 -71.618251 
3.135157 -2.495629 -79.223068 
3.140157 -2.499912 -75.420659 
3.145157 -2.492793 -81.124272 
3.150157 -2.474305 -81.124272 
3.155158 -2.444531 -81.124272 
3.160158 -2.403608 -83.025476 
3.165158 -2.351724 -94.432701 
3.170158 -2.289114 -92.531497 
3.175158 -2.216063 -98.235109 
3.180159 -2.132906 -105.839926 
3.185159 -2.040016 -102.037518 
3.190159 -1.937828 -103.938722 
3.195159 -1.826802 -111.543538 
3.200159 -1.707442 -100.136313 
3.205160 -1.580295 -105.839926 
3.210160 -1.445942 -109.642334 
3.215160 -1.304993 -98.235109 
3.220160 -1.158092 -100.136313 
3.225160 -1.005911 -105.839926 
3.230160 -0.849140 -96.333905 
3.235160 -0.688500 -100.136313 
3.240161 -0.524716 -105.839926 
3.245161 -0.358539 -96.333905 
3.250161 -0.190727 -103.938722 
3.255161 -0.022048 -98.235109 
3.260161 0.146731 -102.037518 
3.265161 0.314841 -92.531497 
3.270161 0.481516 -86.827884 
3.275161 0.645994 -88.729088 
3.280162 0.807526 -90.630293 
3.285162 0.965378 -73.519455 
3.290162 1.118831 -58.309822 
3.295162 1.267174 -31.692964 
3.300162 1.409736 -12.680922 
3.305162 1.545873 4.429915 
3.310172 1.675191 29.145569 
3.315172 1.796622 25.343161 
3.320172 1.909864 36.750386 
3.325172 2.014393 40.552794 
3.330173 2.109732 32.947977 
3.335173 2.195450 38.651590 
3.340173 2.271154 51.960019 
3.345173 2.336501 53.861223 
3.350173 2.391192 63.367244 
3.355173 2.434978 72.873264 
3.360173 2.467659 69.070856 
3.365173 2.489085 82.379285 
3.370174 2.499160 78.576877 
3.375174 2.497836 78.576877 
3.380174 2.485120 82.379285 
3.385174 2.461070 84.280489 
3.390174 2.425796 88.082898 
3.395174 2.379458 88.082898 
3.400174 2.322269 91.885306 
3.405174 2.254489 89.984102 
3.410174 2.176426 95.687714 
3.415174 2.088438 101.391327 
3.420175 1.990925 93.786510 
3.425175 1.884335 101.391327 
3.430175 1.769148 95.687714 
3.435192 1.645466 103.292531 
3.440192 1.514680 101.391327 
3.445192 1.376984 97.588918 
3.450192 1.233010 95.687714 
3.455199 1.083200 97.588918 
3.460199 0.928652 91.885306 
3.465199 0.769872 95.687714 
3.470200 0.607578 93.786510 
3.475200 0.442519 91.885306 
3.480200 0.275435 91.885306 
3.485200 0.107099 88.082898 
3.490200 -0.061729 88.082898 
3.495200 -0.230280 78.576877 
3.500201 -0.397776 84.280489 
3.505201 -0.563458 80.478081 
3.510201 -0.726567 78.576877 
3.515201 -0.886363 74.774469 
3.520201 -1.042116 69.070856 
3.525201 -1.193117 55.762427 
3.530201 -1.338673 38.651590 
3.535201 -1.478127 19.639548 
3.540201 -1.610839 2.528711 
3.545202 -1.736208 -22.186943 
3.550202 -1.853658 -27.890556 
3.555202 -1.962655 -35.495372 
3.560203 -2.062703 -43.100189 
3.565203 -2.153338 -39.297781 
3.570203 -2.234151 -45.001393 
3.575203 -2.304777 -43.100189 
3.580203 -2.364891 -48.803801 
3.585203 -2.414219 -58.309822 
3.590204 -2.452537 -64.013434 
3.595204 -2.479669 -75.420659 
3.600306 -2.495695 -73.519455 
3.605306 -2.499902 -83.025476 
3.610306 -2.492708 -86.827884 
3.615307 -2.474145 -84.926680 
3.620307 -2.444298 -83.025476 
3.625307 -2.403303 -98.235109 
3.630307 -2.351348 -92.531497 
3.635307 -2.288669 -100.136313 
3.640307 -2.215552 -100.136313 
3.645307 -2.132331 -105.839926 
3.650308 -2.039385 -100.136313 
3.655308 -1.937138 -103.938722 
3.660308 -1.826052 -103.938722 
3.665308 -1.706640 -105.839926 
3.670308 -1.579441 -105.839926 
3.675309 -1.445041 -107.741130 
3.680309 -1.304047 -103.938722 
3.685309 -1.157109 -103.938722 
3.690309 -1.004890 -94.432701 
3.695310 -0.848095 -100.136313 
3.700310 -0.687428 -100.136313 
3.705310 -0.523626 -102.037518 
3.710310 -0.357435 -109.642334 
3.715310 -0.189611 -98.235109 
3.720311 -0.020923 -92.531497 
3.725311 0.147861 -92.531497 
3.730311 0.315971 -90.630293 
3.735312 0.482636 -98.235109 
3.740312 0.647104 -94.432701 
3.745312 0.808616 -90.630293 
3.750312 0.966441 -69.717047 
3.755312 1.119858 -58.309822 
3.760313 1.268167 -46.902597 
3.765313 1.410693 -20.285739 
3.770313 1.546784 0.627507 
3.775313 1.675821 23.441956 
3.780315 1.797245 32.947977 
3.785315 1.910442 31.046773 
3.790315 2.014923 34.849181 
3.795315 2.110213 34.849181 
3.800316 2.195882 40.552794 
3.805316 2.271533 42.453998 
3.810316 2.336824 55.762427 
3.815316 2.391456 63.367244 
3.820330 2.435289 70.972060 
3.825330 2.467879 78.576877 
3.830330 2.489213 74.774469 
3.835330 2.499195 80.478081 
3.840331 2.497778 84.280489 
3.845331 2.484968 78.576877 
3.850331 2.460824 91.885306 
3.855332 2.425457 91.885306 
3.860332 2.379026 99.490123 
3.865332 2.321744 91.885306 
3.870333 2.253874 95.687714 
3.875333 2.175726 95.687714 
3.880333 2.087654 91.885306 
3.885333 1.990061 99.490123 
3.890333 1.883393 103.292531 
3.895333 1.768136 105.193735 
3.900333 1.644814 99.490123 
3.905334 1.513992 103.292531 
3.910334 1.376264 101.391327 
3.915334 1.232257 93.786510 
3.920334 1.082627 103.292531 
3.925334 0.928065 91.885306 
3.930334 0.769271 99.490123 
3.935334 0.606968 95.687714 
3.940335 0.441897 88.082898 
3.945335 0.274804 86.181693 
3.950335 0.106464 82.379285 
3.955335 -0.062365 89.984102 
3.960335 -0.230906 78.576877 
3.965335 -0.398394 80.478081 
3.970336 -0.564064 78.576877 
3.975336 -0.727163 78.576877 
3.980336 -0.886945 74.774469 
3.985336 -1.042682 72.873264 
3.990340 -1.193797 53.861223 
3.995340 -1.339329 42.453998 
4.000341 -1.478753 29.145569 
4.005345 -1.611547 -3.174902 
4.010345 -1.736874 -8.878514 
4.015345 -1.854279 -27.890556 
4.020346 -1.963227 -35.495372 
4.025346 -2.063223 -35.495372 
4.030346 -2.153806 -37.396576 
4.035346 -2.234567 -50.705005 
4.040346 -2.305134 -46.902597 
4.045347 -2.365188 -46.902597 
4.050357 -2.414546 -54.507414 
4.055357 -2.452779 -65.914639 
4.060357 -2.479826 -69.717047 
4.065357 -2.495564 -75.420659 
4.070357 -2.499921 -86.827884 
4.075357 -2.492875 -79.223068 
4.080358 -2.474461 -88.729088 
4.085358 -2.444761 -88.729088 
4.090358 -2.403911 -86.827884 
4.095358 -2.352098 -100.136313 
4.100358 -2.289558 -96.333905 
4.105358 -2.216576 -90.630293 
4.110358 -2.133485 -100.136313 
4.115358 -2.040664 -103.938722 
4.120358 -1.938535 -100.136313 
4.125359 -1.827562 -100.136313 
4.130359 -1.708255 -107.741130 
4.135359 -1.581162 -102.037518 
4.140359 -1.446853 -103.938722 
4.145359 -1.305951 -98.235109 
4.150359 -1.159087 -103.938722 
4.155359 -1.006940 -102.037518 
4.160360 -0.850197 -94.432701 
4.165360 -0.689580 -100.136313 
4.170360 -0.525814 -98.235109 
4.175360 -0.359654 -100.136313 
4.180360 -0.191850 -94.432701 
4.185360 -0.023174 -102.037518 
4.190360 0.145607 -94.432701 
4.195361 0.313727 -88.729088 
4.200361 0.480417 -94.432701 
4.205361 0.644915 -88.729088 
4.210361 0.806469 -92.531497 
4.215361 0.964345 -71.618251 
4.220361 1.117823 -60.211026 
4.225361 1.266203 -48.803801 
4.230362 1.408811 -16.483331 
4.235362 1.544993 -1.273697 
4.240362 1.674127 12.034732 
4.245362 1.795625 27.244365 
4.250362 1.908934 32.947977 
4.255362 2.013537 38.651590 
4.260362 2.108959 36.750386 
4.265363 2.194762 42.453998 
4.270363 2.270555 55.762427 
4.275363 2.335992 53.861223 
4.280363 2.390774 63.367244 
4.285363 2.434653 69.070856 
4.290368 2.467455 74.774469 
4.295368 2.488966 72.873264 
4.300368 2.499126 78.576877 
4.305369 2.497888 86.181693 
4.310369 2.485258 89.984102 
4.315369 2.461293 84.280489 
4.320369 2.426103 88.082898 
4.325369 2.379848 99.490123 
4.330369 2.322740 88.082898 
4.335369 2.255037 97.588918 
4.340369 2.177049 103.292531 
4.345370 2.089133 91.885306 
4.350370 1.991688 101.391327 
4.355370 1.885159 103.292531 
4.360370 1.770035 97.588918 
4.365370 1.646835 103.292531 
4.370371 1.516124 105.193735 
4.375371 1.378499 101.391327 
4.380371 1.234589 97.588918 
4.385371 1.085046 101.391327 
4.390371 0.930557 99.490123 
4.395371 0.771824 99.490123 
4.400371 0.609568 97.588918 
4.405372 0.444532 88.082898 
4.410372 0.277471 89.984102 
4.415372 0.109149 88.082898 
4.420372 -0.059678 82.379285 
4.425372 -0.228230 88.082898 
4.430372 -0.395740 82.379285 
4.435372 -0.561446 74.774469 
4.440373 -0.724597 76.675673 
4.445373 -0.884444 76.675673 
4.450373 -1.040260 72.873264 
4.455374 -1.191328 59.564835 
4.460374 -1.336956 38.651590 
4.465375 -1.476520 27.244365 
4.470375 -1.609319 -5.076106 
4.475375 -1.734774 -12.680922 
4.480375 -1.852319 -29.791760 
4.485375 -1.961413 -39.297781 
4.490376 -2.061566 -39.297781 
4.495376 -2.152317 -43.100189 
4.500376 -2.233249 -45.001393 
4.505376 -2.303997 -46.902597 
4.510376 -2.364237 -48.803801 
4.515376 -2.413694 -50.705005 
4.520376 -2.452143 -54.507414 
4.525376 -2.479409 -67.815843 
4.530376 -2.495367 -79.223068 
4.535376 -2.499945 -75.420659 
4.540377 -2.493121 -84.926680 
4.545377 -2.474926 -86.827884 
4.550377 -2.445445 -90.630293 
4.555377 -2.404811 -84.926680 
4.560377 -2.353209 -92.531497 
4.565377 -2.290875 -92.531497 
4.570377 -2.218093 -88.729088 
4.575377 -2.135194 -98.235109 
4.580377 -2.042558 -98.235109 
4.585377 -1.940608 -96.333905 
4.590378 -1.829804 -100.136313 
4.595378 -1.710657 -107.741130 
4.600378 -1.583708 -105.839926 
4.605378 -1.449534 -100.136313 
4.610378 -1.308751 -109.642334 
4.615378 -1.162000 -100.136313 
4.620378 -1.009949 -102.037518 
4.625379 -0.853289 -105.839926 
4.630379 -0.692737 -100.136313 
4.635379 -0.529029 -98.235109 
4.640379 -0.362905 -98.235109 
4.645379 -0.195125 -98.235109 
4.650379 -0.026456 -90.630293 
4.655379 0.142330 -90.630293 
4.660380 0.310468 -90.630293 
4.665380 0.477189 -94.432701 
4.670380 0.641734 -83.025476 
4.675380 0.803353 -86.827884 
4.680380 0.961307 -71.618251 
4.685380 1.114877 -65.914639 
4.690380 1.263360 -41.198985 
4.695380 1.406084 -18.384535 
4.700380 1.542396 -3.174902 
4.705381 1.671675 17.738344 
4.710381 1.793331 31.046773 
4.715381 1.906805 31.046773 
4.720381 2.011582 38.651590 
4.725381 2.107184 36.750386 
4.730381 2.193177 42.453998 
4.735381 2.269167 53.861223 
4.740381 2.334810 59.564835 
4.745381 2.389805 59.564835 
4.750382 2.433900 65.268448 
4.755382 2.466895 76.675673 
4.760382 2.488638 78.576877 
4.765382 2.499032 84.280489 
4.770382 2.498028 88.082898 
4.775382 2.485631 89.984102 
4.780383 2.461897 84.280489 
4.785383 2.426936 93.786510 
4.790383 2.380905 91.885306 
4.795383 2.324016 89.984102 
4.800383 2.256527 95.687714 
4.805383 2.178748 101.391327 
4.810384 2.091030 103.292531 
4.815384 1.993778 103.292531 
4.820384 1.887433 93.786510 
4.825384 1.772479 99.490123 
4.830384 1.649445 101.391327 
4.835384 1.518880 105.193735 
4.840384 1.381390 97.588918 
4.845384 1.237603 108.996143 
4.850385 1.088163 101.391327 
4.855385 0.933762 93.786510 
4.860385 0.775102 93.786510 
4.865386 0.612911 88.082898 
4.870386 0.447924 91.885306 
4.875386 0.280894 93.786510 
4.880386 0.112583 86.181693 
4.885386 -0.056242 80.478081 
4.890387 -0.224806 86.181693 
4.895387 -0.392346 78.576877 
4.900387 -0.558096 84.280489 
4.905387 -0.721304 78.576877 
4.910387 -0.881222 74.774469 
4.915387 -1.037121 69.070856 
4.920388 -1.188293 50.058815 
4.925388 -1.334042 46.256406 
4.930388 -1.473707 23.441956 
4.935388 -1.606650 -1.273697 
4.940388 -1.732266 -18.384535 
4.945389 -1.849979 -27.890556 
4.950389 -1.959253 -31.692964 
4.955389 -2.059597 -39.297781 
4.960389 -2.150544 -41.198985 
4.965389 -2.231683 -43.100189 
4.970389 -2.302645 -46.902597 
4.975389 -2.363104 -50.705005 
4.980389 -2.412786 -52.606210 
4.985389 -2.451464 -65.914639 
4.990390 -2.478961 -67.815843 
4.995390 -2.495153 -75.420659 
5.000390 -2.499965 -81.124272 
5.005390 -2.493376 -79.223068 
5.010390 -2.475415 -83.025476 
5.015390 -2.446164 -90.630293 
5.020390 -2.405758 -88.729088 
5.025390 -2.354379 -90.630293 
5.030391 -2.292263 -98.235109 
5.035391 -2.219693 -90.630293 
5.040391 -2.136999 -102.037518 
5.045396 -2.044450 -94.432701 
5.050397 -1.942674 -103.938722 
5.055397 -1.832039 -102.037518 
5.060397 -1.713049 -100.136313 
5.065397 -1.586244 -98.235109 
5.070397 -1.452207 -98.235109 
5.075397 -1.311543 -98.235109 
5.080397 -1.164899 -105.839926 
5.085398 -1.012944 -100.136313 
5.090398 -0.856370 -103.938722 
5.095398 -0.695890 -92.531497 
5.100403 -0.532081 -102.037518 
5.105403 -0.365995 -96.333905 
5.110403 -0.198229 -94.432701 
5.115404 -0.029562 -94.432701 
5.120404 0.139239 -92.531497 
5.125404 0.307402 -92.531497 
5.130405 0.474163 -90.630293 
5.135405 0.638758 -86.827884 
5.140405 0.800436 -90.630293 
5.145405 0.958464 -77.321864 
5.150405 1.112120 -64.013434 
5.155405 1.260702 -37.396576 
5.160405 1.403537 -22.186943 
5.165405 1.539971 6.331119 
5.170406 1.669382 19.639548 
5.175406 1.791179 23.441956 
5.180406 1.904809 36.750386 
5.185406 2.009748 36.750386 
5.190406 2.105525 32.947977 
5.195406 2.191698 48.157610 
5.200406 2.267873 48.157610 
5.205406 2.333708 50.058815 
5.210406 2.388899 67.169652 
5.215407 2.433194 67.169652 
5.220407 2.466393 69.070856 
5.225407 2.488343 80.478081 
5.230407 2.498944 84.280489 
5.235407 2.498149 82.379285 
5.240407 2.485960 93.786510 
5.245407 2.462434 88.082898 
5.250407 2.427677 89.984102 
5.255407 2.381848 88.082898 
5.260407 2.325157 86.181693 
5.265408 2.257863 95.687714 
5.270408 2.180270 97.588918 
5.275408 2.092731 93.786510 
5.280408 1.995651 95.687714 
5.285408 1.889468 101.391327 
5.290408 1.774669 103.292531 
5.295408 1.651775 103.292531 
5.300408 1.521346 108.996143 
5.305409 1.383978 103.292531 
5.310409 1.240298 103.292531 
5.315409 1.090965 105.193735 
5.320409 0.936655 103.292531 
5.325409 0.778074 97.588918 
5.330409 0.615945 95.687714 
5.335409 0.451006 93.786510 
5.340410 0.283994 91.885306 
5.345410 0.115696 89.984102 
5.350411 -0.053129 89.984102 
5.355411 -0.221712 84.280489 
5.360411 -0.389284 82.379285 
5.365411 -0.555074 80.478081 
5.370411 -0.718332 82.379285 
5.375411 -0.878314 80.478081 
5.380412 -1.034291 74.774469 
5.385412 -1.185550 53.861223 
5.390412 -1.331403 40.552794 
5.395412 -1.471183 13.935936 
5.400412 -1.604256 0.627507 
5.405412 -1.730013 -22.186943 
5.410412 -1.847877 -35.495372 
5.415412 -1.957313 -35.495372 
5.420412 -2.057823 -33.594168 
5.425413 -2.148948 -39.297781 
5.430413 -2.230272 -43.100189 
5.435413 -2.301424 -39.297781 
5.440413 -2.362082 -46.902597 
5.445413 -2.411965 -58.309822 
5.450413 -2.450849 -60.211026 
5.455413 -2.478555 -64.013434 
5.460413 -2.494957 -81.124272 
5.465414 -2.499980 -73.519455 
5.470414 -2.493601 -83.025476 
5.475414 -2.475850 -83.025476 
5.480414 -2.446807 -86.827884 
5.485414 -2.406605 -86.827884 
5.490414 -2.355428 -84.926680 
5.495414 -2.293506 -90.630293 
5.500426 -2.220954 -94.432701 
5.505426 -2.138420 -90.630293 
5.510426 -2.046136 -98.235109 
5.515426 -1.944519 -98.235109 
5.520426 -1.834034 -98.235109 
5.525426 -1.715185 -107.741130 
5.530426 -1.588510 -102.037518 
5.535427 -1.454594 -102.037518 
5.540427 -1.314040 -98.235109 
5.545427 -1.167494 -94.432701 
5.550427 -1.015626 -94.432701 
5.555427 -0.859126 -100.136313 
5.560427 -0.698707 -98.235109 
5.565427 -0.535099 -103.938722 
5.570428 -0.369050 -96.333905 
5.575428 -0.201305 -90.630293 
5.580429 -0.032652 -94.432701 
5.585429 0.136151 -88.729088 
5.590429 0.304332 -90.630293 
5.595429 0.471122 -88.729088 
5.600430 0.635764 -86.827884 
5.605430 0.797515 -90.630293 
5.610430 0.955625 -79.223068 
5.615431 1.109374 -64.013434 
5.620431 1.258062 -45.001393 
5.625431 1.401010 -16.483331 
5.630431 1.537566 4.429915 
5.635431 1.667109 17.738344 
5.640431 1.789048 15.837140 
5.645434 1.902879 23.441956 
5.650434 2.007980 23.441956 
5.655434 2.103920 32.947977 
5.660434 2.190265 36.750386 
5.665434 2.266621 44.355202 
5.670434 2.332640 59.564835 
5.675435 2.388020 55.762427 
5.680435 2.432509 65.268448 
5.685435 2.465905 69.070856 
5.690435 2.488054 82.379285 
5.695435 2.498856 72.873264 
5.700435 2.498262 86.181693 
5.705435 2.486274 86.181693 
5.710435 2.462946 89.984102 
5.715435 2.428386 82.379285 
5.720436 2.382750 91.885306 
5.725436 2.326249 95.687714 
5.730436 2.259137 91.885306 
5.735436 2.181724 95.687714 
5.740436 2.094359 99.490123 
5.745436 1.997443 91.885306 
5.750436 1.891415 93.786510 
5.755436 1.776760 105.193735 
5.760437 1.654002 101.391327 
5.765437 1.523703 99.490123 
5.770437 1.386452 108.996143 
5.775437 1.242880 108.996143 
5.780437 1.093637 107.094939 
5.785437 0.939406 97.588918 
5.790437 0.780897 95.687714 
5.795438 0.618821 95.687714 
5.800438 0.453925 97.588918 
5.805438 0.286949 89.984102 
5.810439 0.118661 88.082898 
5.815439 -0.050166 88.082898 
5.820439 -0.218756 82.379285 
5.825439 -0.386349 88.082898 
5.830440 -0.552177 82.379285 
5.835440 -0.715489 84.280489 
5.840440 -0.875535 76.675673 
5.845440 -1.031588 74.774469 
5.850440 -1.182936 50.058815 
5.855440 -1.328890 40.552794 
5.860440 -1.468785 12.034732 
5.865441 -1.601984 -3.174902 
5.870441 -1.727869 -24.088147 
5.875441 -1.845883 -29.791760 
5.880442 -1.955480 -41.198985 
5.885442 -2.056155 -39.297781 
5.890442 -2.147449 -39.297781 
5.895443 -2.228951 -48.803801 
5.900443 -2.300283 -39.297781 
5.905443 -2.361127 -45.001393 
5.910443 -2.411199 -52.606210 
5.915444 -2.450274 -58.309822 
5.920444 -2.478174 -67.815843 
5.925444 -2.494771 -73.519455 
5.930444 -2.499990 -83.025476 
5.935451 -2.493792 -84.926680 
5.940451 -2.476220 -86.827884 
5.945451 -2.447356 -83.025476 
5.950451 -2.407329 -83.025476 
5.955451 -2.356324 -84.926680 
5.960451 -2.294570 -90.630293 
5.965452 -2.222354 -90.630293 
5.970452 -2.140002 -94.432701 
5.975452 -2.047890 -98.235109 
5.980452 -1.946438 -102.037518 
5.985452 -1.836109 -98.235109 
5.990452 -1.717407 -98.235109 
5.995452 -1.590871 -107.741130 
