0.000001 0.000015 0.506808 
0.005001 0.145234 2.408012 
0.010001 0.289969 2.408012 
0.015001 0.433728 2.408012 
0.020001 0.576013 0.506808 
0.025002 0.716356 0.506808 
0.030002 0.854279 4.309217 
0.035002 0.989318 0.506808 
0.040002 1.121018 4.309217 
0.045002 1.248929 6.210421 
0.050003 1.372620 2.408012 
0.055003 1.491678 2.408012 
0.060003 1.605701 4.309217 
0.065003 1.714296 17.617646 
0.070004 1.817110 15.716442 
0.075004 1.913781 36.629687 
0.080004 2.003994 48.036912 
0.085005 2.087433 49.938116 
0.090005 2.163823 53.740525 
0.095005 2.232904 59.444137 
0.100005 2.294445 59.444137 
0.105005 2.348238 59.444137 
0.110006 2.394101 63.246545 
0.115006 2.431878 63.246545 
0.120006 2.461442 70.851362 
0.125007 2.482693 78.456179 
0.130007 2.495559 78.456179 
0.135007 2.499997 82.258587 
0.140007 2.495992 91.764608 
0.145007 2.483557 84.159791 
0.150008 2.462735 86.060995 
0.155008 2.433597 93.665812 
0.160008 2.396239 87.962199 
0.165008 2.350788 99.369424 
0.170008 2.297397 105.073037 
0.175009 2.236249 101.270628 
0.180009 2.167548 91.764608 
0.185009 2.091529 101.270628 
0.190009 2.008443 99.369424 
0.195009 1.918577 97.468220 
0.200009 1.822233 95.567016 
0.205010 1.719734 99.369424 
0.210010 1.611428 97.468220 
0.215010 1.497678 103.171832 
0.220010 1.378872 99.369424 
0.225010 1.255410 99.369424 
0.230010 1.127708 103.171832 
0.235010 0.996195 95.567016 
0.240011 0.861318 91.764608 
0.245021 0.723246 99.369424 
0.250021 0.583012 89.863403 
0.255021 0.440811 91.764608 
0.260022 0.297120 89.863403 
0.265022 0.152422 80.357383 
0.270022 0.007206 76.554974 
0.275022 -0.138028 68.950158 
0.280023 -0.282794 72.752566 
0.285023 -0.426604 67.048954 
0.290023 -0.568976 61.345341 
0.295023 -0.709427 61.345341 
0.300023 -0.847482 61.345341 
0.305023 -0.982672 53.740525 
0.310024 -1.114544 49.938116 
0.315024 -1.242651 42.333300 
0.320024 -1.366563 17.617646 
0.325024 -1.485864 4.309217 
0.330024 -1.600146 -12.801621 
0.335025 -1.709023 -28.011254 
0.340025 -1.812129 -28.011254 
0.345025 -1.909112 -37.517275 
0.350025 -1.999650 -43.220887 
0.355025 -2.083435 -45.122091 
0.360026 -2.160183 -47.023295 
0.365026 -2.229634 -48.924500 
0.370026 -2.291557 -50.825704 
0.375026 -2.345740 -62.232929 
0.380026 -2.392001 -69.837745 
0.385027 -2.430187 -75.541358 
0.390027 -2.460162 -77.442562 
0.395027 -2.481830 -81.244970 
0.400027 -2.495116 -85.047379 
0.405027 -2.499976 -83.146174 
0.410027 -2.496393 -90.750991 
0.415028 -2.484379 -88.849787 
0.420028 -2.463974 -92.652195 
0.425028 -2.435248 -104.059420 
0.430028 -2.398297 -100.257012 
0.435029 -2.353249 -100.257012 
0.440029 -2.300253 -104.059420 
0.445029 -2.239488 -109.763032 
0.450029 -2.171160 -121.170257 
0.455029 -2.095499 -111.664237 
0.460030 -2.012761 -124.972666 
0.465030 -1.923224 -115.466645 
0.470030 -1.827194 -123.071462 
0.475030 -1.724995 -111.664237 
0.480030 -1.616968 -123.071462 
0.485030 -1.503481 -117.367849 
0.490031 -1.384916 -111.664237 
0.495031 -1.261676 -117.367849 
0.500031 -1.134176 -115.466645 
0.505031 -1.002843 -119.269053 
0.510031 -0.868123 -115.466645 
0.515031 -0.730471 -113.565441 
0.520032 -0.590350 -117.367849 
0.525032 -0.448240 -115.466645 
0.530032 -0.304611 -113.565441 
0.535032 -0.159959 -105.960624 
0.540032 -0.014766 -107.861828 
0.545033 0.130476 -92.652195 
0.550033 0.275283 -85.047379 
0.555033 0.419158 -81.244970 
0.560033 0.561614 -66.035337 
0.565033 0.702174 -64.134133 
0.570033 0.840360 -47.023295 
0.575033 0.975713 -39.418479 
0.580034 1.107789 -22.307642 
0.585035 1.236111 -7.098008 
0.590035 1.360257 13.815237 
0.595035 1.479807 23.321258 
0.600036 1.594357 23.321258 
0.605036 1.703520 30.926075 
0.610036 1.806931 34.728483 
0.615036 1.904239 32.827279 
0.620036 1.995117 40.432095 
0.625036 2.079257 49.938116 
0.630036 2.156376 49.938116 
0.635036 2.226212 57.542933 
0.640036 2.288530 68.950158 
0.645037 2.343119 63.246545 
0.650037 2.389796 68.950158 
0.655037 2.428402 72.752566 
0.660037 2.458807 76.554974 
0.665037 2.480909 74.653770 
0.670037 2.494633 86.060995 
0.675038 2.499931 84.159791 
0.680038 2.496786 89.863403 
0.685038 2.485209 86.060995 
0.690039 2.465238 93.665812 
0.695039 2.436942 91.764608 
0.700039 2.400416 93.665812 
0.705039 2.355784 95.567016 
0.710039 2.303197 103.171832 
0.715039 2.242832 99.369424 
0.720040 2.174892 99.369424 
0.725040 2.099608 106.974241 
0.730040 2.017233 103.171832 
0.735040 1.928046 97.468220 
0.740040 1.832348 95.567016 
0.745046 1.730342 101.270628 
0.750046 1.622606 103.171832 
0.755046 1.509390 105.073037 
0.760046 1.391071 99.369424 
0.765046 1.268057 101.270628 
0.770046 1.140766 89.863403 
0.775047 1.009604 91.764608 
0.780048 0.875035 91.764608 
0.785048 0.737515 91.764608 
0.790048 0.597507 97.468220 
0.795049 0.455482 91.764608 
0.800049 0.311923 91.764608 
0.805049 0.167306 82.258587 
0.810049 0.022129 78.456179 
0.815050 -0.123128 82.258587 
0.820050 -0.267970 76.554974 
0.825050 -0.411909 72.752566 
0.830050 -0.554451 67.048954 
0.835051 -0.695118 68.950158 
0.840051 -0.833438 63.246545 
0.845051 -0.968946 59.444137 
0.850051 -1.101186 48.036912 
0.855051 -1.229703 36.629687 
0.860052 -1.354064 15.716442 
0.865052 -1.473854 2.408012 
0.870052 -1.588668 -16.604029 
0.875052 -1.698113 -31.813662 
0.880052 -1.801824 -29.912458 
0.885052 -1.899451 -39.418479 
0.890052 -1.990664 -47.023295 
0.895053 -2.075153 -45.122091 
0.900053 -2.152640 -47.023295 
0.905053 -2.222854 -58.430520 
0.910054 -2.285560 -54.628112 
0.915054 -2.340547 -56.529316 
0.920054 -2.387629 -71.738949 
0.925054 -2.426647 -73.640154 
0.930054 -2.457469 -69.837745 
0.935055 -2.479992 -81.244970 
0.940055 -2.494141 -79.343766 
0.945055 -2.499866 -81.244970 
0.950055 -2.497148 -88.849787 
0.955056 -2.485997 -98.355808 
0.960056 -2.466450 -94.553399 
0.965056 -2.438574 -104.059420 
0.970056 -2.402463 -109.763032 
0.975057 -2.358235 -109.763032 
0.980057 -2.306044 -113.565441 
0.985057 -2.246062 -111.664237 
0.990058 -2.178496 -115.466645 
0.995058 -2.103575 -119.269053 
1.000058 -2.021548 -105.960624 
1.005058 -1.932695 -113.565441 
1.010059 -1.837315 -113.565441 
1.015059 -1.735728 -111.664237 
1.020059 -1.628279 -119.269053 
1.025059 -1.515333 -117.367849 
1.030060 -1.397270 -105.960624 
1.035060 -1.274487 -119.269053 
1.040060 -1.147403 -113.565441 
1.045060 -1.016445 -111.664237 
1.050061 -0.882042 -109.763032 
1.055061 -0.744661 -111.664237 
1.060061 -0.604770 -111.664237 
1.065061 -0.462839 -111.664237 
1.070062 -0.319342 -111.664237 
1.075062 -0.174770 -105.960624 
1.080062 -0.029614 -113.565441 
1.085062 0.115649 -105.960624 
1.090062 0.260521 -100.257012 
1.095063 0.404524 -92.652195 
1.100063 0.547153 -85.047379 
1.105064 0.687934 -67.936541 
1.110064 0.826391 -60.331725 
1.115064 0.962055 -43.220887 
1.120065 1.094491 -24.208846 
1.125065 1.223213 -5.196804 
1.130066 1.347803 17.617646 
1.135066 1.467840 19.518850 
1.140067 1.582922 21.420054 
1.145067 1.692655 29.024871 
1.150067 1.796674 30.926075 
1.155067 1.894621 32.827279 
1.160068 1.986171 40.432095 
1.165068 2.071014 42.333300 
1.170068 2.148861 53.740525 
1.175068 2.219451 61.345341 
1.180069 2.282544 59.444137 
1.185069 2.337930 61.345341 
1.190069 2.385419 65.147749 
1.195070 2.424854 72.752566 
1.200070 2.456097 70.851362 
1.205070 2.479046 67.048954 
1.210070 2.493623 78.456179 
1.215071 2.499778 80.357383 
1.220071 2.497491 82.258587 
1.225071 2.486769 86.060995 
1.230071 2.467649 87.962199 
1.235071 2.440195 93.665812 
1.240071 2.404501 95.567016 
1.245072 2.360686 97.468220 
1.250072 2.308900 93.665812 
1.255072 2.249312 105.073037 
1.260072 2.182130 105.073037 
1.265072 2.107581 95.567016 
1.270073 2.025912 108.875445 
1.275073 1.937401 103.171832 
1.280073 1.842350 103.171832 
1.285073 1.741074 108.875445 
1.290073 1.633919 108.875445 
1.295074 1.521245 99.369424 
1.300074 1.403437 106.974241 
1.305074 1.280891 101.270628 
1.310074 1.154015 91.764608 
1.315074 1.023244 99.369424 
1.320074 0.889017 93.665812 
1.325074 0.751789 91.764608 
1.330074 0.612016 86.060995 
1.335075 0.470178 86.060995 
1.340075 0.326756 82.258587 
1.345075 0.182230 86.060995 
1.350075 0.037083 86.060995 
1.355075 -0.108189 72.752566 
1.360076 -0.253096 72.752566 
1.365076 -0.397154 74.653770 
1.370077 -0.539864 63.246545 
1.375077 -0.680749 70.851362 
1.380077 -0.819332 63.246545 
1.385077 -0.955148 57.542933 
1.390077 -1.087740 59.444137 
1.395077 -1.216662 40.432095 
1.400078 -1.341478 23.321258 
1.405078 -1.461760 13.815237 
1.410079 -1.577105 -1.394396 
1.415079 -1.687126 -22.307642 
1.420079 -1.791447 -31.813662 
1.425079 -1.889716 -39.418479 
1.430080 -1.981604 -45.122091 
1.435080 -2.066797 -41.319683 
1.440080 -2.145009 -47.023295 
1.445080 -2.215979 -47.023295 
1.450080 -2.279466 -54.628112 
1.455080 -2.335255 -54.628112 
1.460081 -2.383158 -64.134133 
1.465081 -2.423012 -67.936541 
1.470081 -2.454683 -77.442562 
1.475081 -2.478063 -77.442562 
1.480082 -2.493075 -85.047379 
1.485082 -2.499667 -90.750991 
1.490082 -2.497817 -94.553399 
1.495082 -2.487531 -90.750991 
1.500082 -2.468845 -90.750991 
1.505083 -2.441821 -90.750991 
1.510083 -2.406552 -104.059420 
1.515083 -2.363154 -105.960624 
1.520083 -2.311776 -113.565441 
1.525083 -2.252590 -104.059420 
1.530084 -2.185796 -107.861828 
1.535084 -2.111620 -111.664237 
1.540084 -2.030312 -105.960624 
1.545084 -1.942150 -111.664237 
1.550084 -1.847428 -111.664237 
1.555084 -1.746469 -113.565441 
1.560085 -1.639605 -109.763032 
1.565085 -1.527206 -104.059420 
1.570085 -1.409651 -113.565441 
1.575085 -1.287336 -109.763032 
1.580086 -1.160673 -113.565441 
1.585086 -1.030090 -104.059420 
1.590086 -0.896031 -109.763032 
1.595086 -0.758946 -109.763032 
1.600086 -0.619295 -107.861828 
1.605086 -0.477553 -104.059420 
1.610087 -0.334198 -109.763032 
1.615087 -0.189718 -104.059420 
1.620087 -0.044593 -107.861828 
1.625087 0.100687 -100.257012 
1.630088 0.245625 -100.257012 
1.635088 0.389733 -102.158216 
1.640088 0.532519 -94.553399 
1.645088 0.673513 -83.146174 
1.650088 0.812226 -58.430520 
1.655089 0.948197 -35.616071 
1.660089 1.080967 -26.110050 
1.665089 1.210088 -5.196804 
1.670089 1.335121 19.518850 
1.675089 1.455646 19.518850 
1.680090 1.571254 29.024871 
1.685090 1.681552 30.926075 
1.690090 1.786174 30.926075 
1.695090 1.884763 32.827279 
1.700090 1.976989 34.728483 
1.705090 2.062539 51.839320 
1.710090 2.141123 51.839320 
1.715091 2.212479 59.444137 
1.720091 2.276358 67.048954 
1.725091 2.332551 67.048954 
1.730091 2.380866 67.048954 
1.735091 2.421141 74.653770 
1.740091 2.453239 78.456179 
1.745091 2.477052 78.456179 
1.750092 2.492501 82.258587 
1.755092 2.499532 86.060995 
1.760092 2.498122 84.159791 
1.765092 2.488275 86.060995 
1.770092 2.470025 95.567016 
1.775092 2.443434 87.962199 
1.780092 2.408591 97.468220 
1.785092 2.365614 101.270628 
1.790093 2.314649 95.567016 
1.795093 2.255867 105.073037 
1.800093 2.189465 108.875445 
1.805093 2.115670 101.270628 
1.810093 2.034729 105.073037 
1.815093 1.946917 101.270628 
1.820093 1.852531 101.270628 
1.825094 1.751887 105.073037 
1.830094 1.645327 99.369424 
1.835094 1.533212 103.171832 
1.840094 1.415915 97.468220 
1.845095 1.293833 103.171832 
1.850095 1.167387 101.270628 
1.855095 1.036998 101.270628 
1.860095 0.903109 97.468220 
1.865095 0.766166 93.665812 
1.870096 0.626634 93.665812 
1.875096 0.484989 86.060995 
1.880096 0.341704 87.962199 
1.885097 0.197267 86.060995 
1.890097 0.052164 86.060995 
1.895097 -0.093112 74.653770 
1.900097 -0.238074 78.456179 
1.905097 -0.382232 74.653770 
1.910097 -0.525099 70.851362 
1.915097 -0.666193 74.653770 
1.920097 -0.805039 61.345341 
1.925097 -0.941164 65.147749 
1.930098 -1.074114 59.444137 
1.935098 -1.203433 38.530891 
1.940098 -1.328689 23.321258 
1.945098 -1.449459 6.210421 
1.950098 -1.565333 -12.801621 
1.955098 -1.675922 -26.110050 
1.960099 -1.780853 -29.912458 
1.965099 -1.879768 -35.616071 
1.970099 -1.972335 -39.418479 
1.975099 -2.058239 -45.122091 
1.980099 -2.137192 -41.319683 
1.985104 -2.208993 -56.529316 
1.990104 -2.273262 -54.628112 
1.995104 -2.329854 -54.628112 
2.000104 -2.378578 -66.035337 
2.005105 -2.419270 -71.738949 
2.010105 -2.451792 -73.640154 
2.015105 -2.476033 -79.343766 
2.020105 -2.491912 -86.948583 
2.025105 -2.499376 -86.948583 
2.030105 -2.498400 -83.146174 
2.035106 -2.488985 -90.750991 
2.040106 -2.471166 -92.652195 
2.045106 -2.445001 -90.750991 
2.050106 -2.410579 -104.059420 
2.055106 -2.368015 -105.960624 
2.060106 -2.317456 -104.059420 
2.065107 -2.259068 -107.861828 
2.070107 -2.193051 -105.960624 
2.075107 -2.119628 -105.960624 
2.080107 -2.039047 -109.763032 
2.085107 -1.951578 -105.960624 
2.090108 -1.857522 -105.960624 
2.095108 -1.757186 -113.565441 
2.100108 -1.650918 -109.763032 
2.105109 -1.539074 -105.960624 
2.110109 -1.422034 -109.763032 
2.115109 -1.300192 -113.565441 
2.120109 -1.173962 -104.059420 
2.125109 -1.043764 -113.565441 
2.130109 -0.910041 -109.763032 
2.135110 -0.773248 -105.960624 
2.140110 -0.633838 -107.861828 
2.145110 -0.492287 -111.664237 
2.150111 -0.349074 -109.763032 
2.155111 -0.204681 -100.257012 
2.160111 -0.059603 -104.059420 
2.165111 0.085673 -102.158216 
2.170111 0.230665 -92.652195 
2.175111 0.374876 -94.553399 
2.180111 0.517821 -86.948583 
2.185111 0.659017 -81.244970 
2.190112 0.797991 -62.232929 
2.195112 0.934266 -43.220887 
2.200112 1.067387 -20.406437 
2.205112 1.196900 -10.900417 
2.210112 1.322375 15.716442 
2.215112 1.443385 19.518850 
2.220112 1.559519 29.024871 
2.225112 1.670386 27.123666 
2.230112 1.775613 30.926075 
2.235112 1.874843 36.629687 
2.240113 1.967741 32.827279 
2.245113 2.053996 48.036912 
2.250113 2.133313 49.938116 
2.255113 2.205425 57.542933 
2.260113 2.270092 65.147749 
2.265113 2.327090 70.851362 
2.270113 2.376230 68.950158 
2.275114 2.417344 67.048954 
2.280114 2.450295 68.950158 
2.285114 2.474972 70.851362 
2.290114 2.491290 80.357383 
2.295114 2.499195 86.060995 
2.300114 2.498660 87.962199 
2.305114 2.489686 95.567016 
2.310115 2.472305 91.764608 
2.315115 2.446574 89.863403 
2.320115 2.412581 97.468220 
2.325115 2.370440 95.567016 
2.330116 2.320290 101.270628 
2.335116 2.262303 103.171832 
2.340116 2.196679 101.270628 
2.345117 2.123635 108.875445 
2.350117 2.043417 108.875445 
2.355117 1.956302 105.073037 
2.360117 1.862581 106.974241 
2.365117 1.762570 101.270628 
2.370118 1.656598 103.171832 
2.375118 1.545034 103.171832 
2.380119 1.428253 93.665812 
2.385119 1.306649 95.567016 
2.390119 1.180634 103.171832 
2.395119 1.050635 93.665812 
2.400119 0.917087 99.369424 
2.405119 0.780440 101.270628 
2.410120 0.641149 97.468220 
2.415120 0.499697 91.764608 
2.420121 0.356559 87.962199 
2.425121 0.212215 82.258587 
2.430121 0.067156 86.060995 
2.435121 -0.078128 87.962199 
2.440122 -0.223148 82.258587 
2.445122 -0.367411 84.159791 
2.450122 -0.510445 74.653770 
2.455123 -0.651755 67.048954 
2.460123 -0.790858 70.851362 
2.465123 -0.927287 63.246545 
2.470123 -1.060585 55.641729 
2.475123 -1.190298 48.036912 
2.480124 -1.315994 21.420054 
2.485124 -1.437248 10.012829 
2.490124 -1.553644 -7.098008 
2.495124 -1.664793 -24.208846 
2.500124 -1.770319 -37.517275 
2.505124 -1.869867 -39.418479 
2.510124 -1.963101 -41.319683 
2.515125 -2.049705 -37.517275 
2.520125 -2.129392 -48.924500 
2.525125 -2.201885 -48.924500 
2.530126 -2.266941 -52.726908 
2.535126 -2.324341 -62.232929 
2.540126 -2.373890 -60.331725 
2.545126 -2.415422 -71.738949 
2.550126 -2.448797 -81.244970 
2.555126 -2.473903 -81.244970 
2.560126 -2.490654 -81.244970 
2.565126 -2.498994 -88.849787 
2.570127 -2.498894 -85.047379 
2.575127 -2.490354 -88.849787 
2.580128 -2.473404 -90.750991 
2.585128 -2.448100 -92.652195 
2.590128 -2.414527 -104.059420 
2.595128 -2.372802 -102.158216 
2.600128 -2.323064 -104.059420 
2.605129 -2.265481 -100.257012 
2.610129 -2.200246 -111.664237 
2.615129 -2.127580 -105.960624 
2.620129 -2.047730 -105.960624 
2.625129 -1.960966 -111.664237 
2.630129 -1.867575 -105.960624 
2.635130 -1.767877 -109.763032 
2.640130 -1.662212 -115.466645 
2.645130 -1.550934 -109.763032 
2.650130 -1.434416 -109.763032 
2.655130 -1.313056 -107.861828 
2.660130 -1.187260 -105.960624 
2.665131 -1.057456 -105.960624 
2.670131 -0.924081 -109.763032 
2.675131 -0.787586 -111.664237 
2.680131 -0.648431 -102.158216 
2.685131 -0.507086 -105.960624 
2.690131 -0.364029 -104.059420 
2.695131 -0.219736 -98.355808 
2.700132 -0.074704 -105.960624 
2.705132 0.070588 -104.059420 
2.710133 0.215640 -98.355808 
2.715133 0.359963 -90.750991 
2.720133 0.503061 -86.948583 
2.725133 0.644464 -81.244970 
2.730133 0.783690 -66.035337 
2.735133 0.920267 -58.430520 
2.740134 1.053739 -35.616071 
2.745134 1.183649 -12.801621 
2.750134 1.309563 4.309217 
2.755134 1.431053 25.222462 
2.760134 1.547711 27.123666 
2.765134 1.659143 23.321258 
2.770134 1.764971 34.728483 
2.775134 1.864837 36.629687 
2.780134 1.958407 32.827279 
2.785134 2.045364 42.333300 
2.790135 2.125415 53.740525 
2.795135 2.198290 53.740525 
2.800136 2.263743 53.740525 
2.805136 2.321546 61.345341 
2.810136 2.371508 68.950158 
2.815136 2.413461 70.851362 
2.820136 2.447265 80.357383 
2.825137 2.472803 78.456179 
2.830137 2.489990 86.060995 
2.835137 2.498768 82.258587 
2.840137 2.499107 82.258587 
2.845138 2.491005 97.468220 
2.850138 2.474490 89.863403 
2.855138 2.449618 95.567016 
2.860139 2.416473 97.468220 
2.865139 2.375168 95.567016 
2.870139 2.325842 105.073037 
2.875139 2.268661 97.468220 
2.880139 2.203818 112.677853 
2.885140 2.131527 101.270628 
2.890140 2.052040 108.875445 
2.895141 1.965621 110.776649 
2.900141 1.872567 106.974241 
2.905141 1.773186 99.369424 
2.910141 1.667819 101.270628 
2.915142 1.556822 106.974241 
2.920142 1.440568 93.665812 
2.925142 1.319449 101.270628 
2.930142 1.193874 105.073037 
2.935142 1.064268 97.468220 
2.940142 0.931067 99.369424 
2.945142 0.794725 93.665812 
2.950142 0.655693 97.468220 
2.955143 0.514436 91.764608 
2.960143 0.371446 91.764608 
2.965144 0.227200 87.962199 
2.970144 0.082191 82.258587 
2.975144 -0.063094 84.159791 
2.980145 -0.208167 76.554974 
2.985145 -0.352537 78.456179 
2.990145 -0.495716 80.357383 
2.995145 -0.637215 68.950158 
3.000146 -0.776568 68.950158 
3.005146 -0.913298 68.950158 
3.010146 -1.046941 61.345341 
3.015146 -1.177046 48.036912 
3.020146 -1.303176 40.432095 
3.025147 -1.424905 17.617646 
3.030147 -1.541833 4.309217 
3.035147 -1.653549 -12.801621 
3.040148 -1.759676 -33.714866 
3.045148 -1.859859 -39.418479 
3.050148 -1.953762 -37.517275 
3.055148 -2.041067 -45.122091 
3.060148 -2.121479 -47.023295 
3.065149 -2.194730 -43.220887 
3.070149 -2.260565 -48.924500 
3.075149 -2.318765 -58.430520 
3.080149 -2.369134 -56.529316 
3.085149 -2.411503 -75.541358 
3.090150 -2.445728 -71.738949 
3.095150 -2.471693 -73.640154 
3.100150 -2.489311 -73.640154 
3.105150 -2.498522 -75.541358 
3.110150 -2.499296 -83.146174 
3.115150 -2.491629 -85.047379 
3.120150 -2.475547 -90.750991 
3.125151 -2.451106 -92.652195 
3.130151 -2.418386 -98.355808 
3.135151 -2.377499 -104.059420 
3.140151 -2.328583 -100.257012 
3.145151 -2.271803 -111.664237 
3.150151 -2.207352 -109.763032 
3.155152 -2.135443 -111.664237 
3.160152 -2.056319 -109.763032 
3.165152 -1.970255 -107.861828 
3.170152 -1.877539 -104.059420 
3.175153 -1.778481 -111.664237 
3.180153 -1.673416 -107.861828 
3.185153 -1.562701 -104.059420 
3.190153 -1.446708 -102.158216 
3.195153 -1.325828 -109.763032 
3.200154 -1.200468 -107.861828 
3.205154 -1.071057 -104.059420 
3.210154 -0.938028 -102.158216 
3.215154 -0.801829 -102.158216 
3.220155 -0.662924 -109.763032 
3.225155 -0.521775 -105.960624 
3.230155 -0.378867 -100.257012 
3.235155 -0.234684 -102.158216 
3.240155 -0.089713 -100.257012 
3.245156 0.055574 -98.355808 
3.250156 0.200667 -98.355808 
3.255156 0.345082 -94.553399 
3.260156 0.488329 -94.553399 
3.265156 0.629927 -81.244970 
3.270157 0.769400 -77.442562 
3.275157 0.906272 -62.232929 
3.280157 1.040089 -43.220887 
3.285157 1.170391 -22.307642 
3.290157 1.296740 -5.196804 
3.295159 1.418755 11.914033 
3.300160 1.535934 21.420054 
3.305160 1.647924 29.024871 
3.310160 1.754348 27.123666 
3.315160 1.854845 29.024871 
3.320161 1.949084 30.926075 
3.325161 2.036739 40.432095 
3.330162 2.117516 48.036912 
3.335162 2.191138 46.135708 
3.340162 2.257360 57.542933 
3.345162 2.315958 70.851362 
3.350162 2.366735 70.851362 
3.355162 2.409519 78.456179 
3.360162 2.444166 80.357383 
3.365162 2.470559 76.554974 
3.370163 2.488610 76.554974 
3.375163 2.498255 80.357383 
3.380164 2.499462 80.357383 
3.385164 2.492227 95.567016 
3.390165 2.476575 97.468220 
3.395165 2.452559 97.468220 
3.400165 2.420262 101.270628 
3.405165 2.379791 97.468220 
3.410165 2.331280 99.369424 
3.415166 2.274893 95.567016 
3.420166 2.210826 103.171832 
3.425166 2.139294 108.875445 
3.430167 2.060536 103.171832 
3.435167 1.974822 103.171832 
3.440167 1.882439 101.270628 
3.445167 1.783698 106.974241 
3.450167 1.678934 106.974241 
3.455167 1.568501 103.171832 
3.460167 1.452770 101.270628 
3.465167 1.332136 99.369424 
3.470167 1.207000 99.369424 
3.475168 1.077789 105.073037 
3.480168 0.944935 99.369424 
3.485168 0.808893 93.665812 
3.490168 0.670119 97.468220 
3.495168 0.529082 93.665812 
3.500168 0.386258 91.764608 
3.505168 0.242130 95.567016 
3.510168 0.097184 86.060995 
3.515169 -0.048093 86.060995 
3.520169 -0.193205 82.258587 
3.525169 -0.337661 76.554974 
3.530169 -0.480998 72.752566 
3.535170 -0.622698 72.752566 
3.540170 -0.762295 68.950158 
3.545170 -0.899317 59.444137 
3.550170 -1.033300 65.147749 
3.555171 -1.163790 53.740525 
3.560171 -1.290350 30.926075 
3.565171 -1.412553 17.617646 
3.570171 -1.529987 0.506808 
3.575171 -1.642261 -20.406437 
3.580172 -1.748984 -26.110050 
3.585172 -1.849799 -35.616071 
3.590172 -1.944366 -37.517275 
3.595172 -2.032366 -33.714866 
3.600172 -2.113502 -37.517275 
3.605173 -2.187499 -47.023295 
3.610173 -2.254110 -48.924500 
3.615173 -2.313108 -56.529316 
3.620173 -2.364294 -66.035337 
3.625173 -2.407498 -71.738949 
3.630173 -2.442570 -69.837745 
3.635173 -2.469394 -73.640154 
3.640173 -2.487878 -77.442562 
3.645174 -2.497961 -81.244970 
3.650174 -2.499607 -83.146174 
3.655174 -2.492812 -92.652195 
3.660174 -2.477599 -83.146174 
3.665174 -2.454018 -94.553399 
3.670175 -2.422146 -90.750991 
3.675176 -2.382091 -105.960624 
3.680176 -2.333996 -94.553399 
3.685176 -2.278019 -104.059420 
3.690177 -2.214344 -102.158216 
3.695177 -2.143191 -115.466645 
3.700177 -2.064801 -111.664237 
3.705178 -1.979436 -109.763032 
3.710178 -1.887388 -102.158216 
3.715178 -1.788967 -109.763032 
3.720178 -1.684505 -102.158216 
3.725179 -1.574354 -102.158216 
3.730179 -1.458874 -104.059420 
3.735180 -1.338476 -102.158216 
3.740180 -1.213557 -107.861828 
3.745180 -1.084540 -109.763032 
3.750180 -0.951860 -102.158216 
3.755181 -0.815969 -100.257012 
3.760181 -0.677321 -107.861828 
3.765181 -0.536389 -102.158216 
3.770181 -0.393645 -98.355808 
3.775181 -0.249575 -98.355808 
3.780181 -0.104657 -100.257012 
3.785181 0.040613 -98.355808 
3.790182 0.185753 -88.849787 
3.795182 0.330267 -92.652195 
3.800182 0.473662 -90.750991 
3.805183 0.615454 -90.750991 
3.810183 0.755168 -83.146174 
3.815183 0.892332 -64.134133 
3.820183 1.026482 -52.726908 
3.825183 1.157163 -24.208846 
3.830183 1.283936 -8.999212 
3.835184 1.406383 17.617646 
3.840184 1.524077 15.716442 
3.845185 1.636621 27.123666 
3.850185 1.743639 32.827279 
3.855185 1.844767 30.926075 
3.860185 1.939661 36.629687 
3.865185 2.028005 44.234504 
3.870186 2.109500 51.839320 
3.875186 2.183872 55.641729 
3.880186 2.250867 59.444137 
3.885186 2.310263 70.851362 
3.890186 2.361856 72.752566 
3.895186 2.405473 72.752566 
3.900187 2.440969 80.357383 
3.905187 2.468220 78.456179 
3.910187 2.487134 80.357383 
3.915187 2.497649 76.554974 
3.920188 2.499728 84.159791 
3.925188 2.493365 91.764608 
3.930188 2.478581 89.863403 
3.935188 2.455427 97.468220 
3.940189 2.423978 99.369424 
3.945190 2.384341 101.270628 
3.950190 2.336653 95.567016 
3.955190 2.281072 101.270628 
3.960191 2.217787 105.073037 
3.965191 2.147014 103.171832 
3.970191 2.068989 106.974241 
3.975192 1.983978 108.875445 
3.980192 1.892269 101.270628 
3.985192 1.794165 105.073037 
3.990192 1.690000 103.171832 
3.995192 1.580134 103.171832 
4.000193 1.464931 99.369424 
4.005193 1.344782 99.369424 
4.010193 1.220078 95.567016 
4.015194 1.091258 95.567016 
4.020194 0.958756 105.073037 
4.025194 0.823018 97.468220 
4.030194 0.684501 95.567016 
4.035195 0.543672 95.567016 
4.040195 0.401006 91.764608 
4.045195 0.256990 93.665812 
4.050195 0.112103 84.159791 
4.055195 -0.033160 91.764608 
4.060196 -0.178326 89.863403 
4.065196 -0.322880 80.357383 
4.070196 -0.466347 78.456179 
4.075197 -0.608234 80.357383 
4.080197 -0.748068 76.554974 
4.085197 -0.885374 61.345341 
4.090197 -1.019690 67.048954 
4.095197 -1.150559 46.135708 
4.100198 -1.277543 30.926075 
4.105198 -1.400210 19.518850 
4.110198 -1.518153 -3.295600 
4.115198 -1.630967 -16.604029 
4.120198 -1.738273 -26.110050 
4.125198 -1.839709 -39.418479 
4.130198 -1.934932 -35.616071 
4.135198 -2.023621 -35.616071 
4.140198 -2.105477 -48.924500 
4.145199 -2.180223 -47.023295 
4.150199 -2.247606 -43.220887 
4.155199 -2.307397 -60.331725 
4.160199 -2.359396 -58.430520 
4.165199 -2.403427 -69.837745 
4.170199 -2.439341 -75.541358 
4.175199 -2.467018 -77.442562 
4.180200 -2.486364 -75.541358 
4.185200 -2.497313 -85.047379 
4.190200 -2.499827 -83.146174 
4.195201 -2.493899 -85.047379 
4.200201 -2.479548 -86.948583 
4.205201 -2.456824 -94.553399 
4.210201 -2.425801 -88.849787 
4.215202 -2.386586 -102.158216 
4.220202 -2.339313 -105.960624 
4.225202 -2.284139 -105.960624 
4.230202 -2.221247 -105.960624 
4.235203 -2.150852 -105.960624 
4.240203 -2.073194 -109.763032 
4.245204 -1.988536 -105.960624 
4.250204 -1.897163 -104.059420 
4.255204 -1.799386 -107.861828 
4.260204 -1.695530 -102.158216 
4.265204 -1.585950 -111.664237 
4.270204 -1.471014 -107.861828 
4.275204 -1.351110 -111.664237 
4.280204 -1.226644 -109.763032 
4.285205 -1.098035 -105.960624 
4.290205 -0.965718 -111.664237 
4.295205 -0.830137 -107.861828 
4.300205 -0.691752 -109.763032 
4.305205 -0.551034 -104.059420 
4.310205 -0.408456 -102.158216 
4.315205 -0.264498 -96.454603 
4.320206 -0.119646 -100.257012 
4.325206 0.025606 -102.158216 
4.330206 0.170778 -90.750991 
4.335206 0.315373 -94.553399 
4.340206 0.458897 -98.355808 
4.345206 0.600878 -81.244970 
4.350206 0.740826 -75.541358 
4.355206 0.878272 -66.035337 
4.360207 1.012763 -47.023295 
4.365207 1.143839 -29.912458 
4.370208 1.271036 -5.196804 
4.375208 1.393940 17.617646 
4.380209 1.512156 15.716442 
4.385209 1.625256 25.222462 
4.390210 1.732863 32.827279 
4.395210 1.834619 32.827279 
4.400210 1.930175 36.629687 
4.405210 2.019208 34.728483 
4.410211 2.101424 48.036912 
4.415211 2.176543 48.036912 
4.420211 2.244311 55.641729 
4.425212 2.304507 68.950158 
4.430212 2.356913 70.851362 
4.435212 2.401360 74.653770 
4.440213 2.437695 80.357383 
4.445213 2.465798 76.554974 
4.450213 2.485574 72.752566 
4.455213 2.496955 84.159791 
4.460214 2.499904 82.258587 
4.465214 2.494409 82.258587 
4.470214 2.480490 93.665812 
4.475214 2.458195 93.665812 
4.480215 2.427597 91.764608 
4.485215 2.388801 105.073037 
4.490215 2.341937 101.270628 
4.495216 2.287161 97.468220 
4.500216 2.224662 101.270628 
4.505216 2.154653 103.171832 
4.510216 2.077364 106.974241 
4.515216 1.993061 105.073037 
4.520217 1.902024 103.171832 
4.525217 1.804568 105.073037 
4.530217 1.701016 105.073037 
4.535217 1.591720 105.073037 
4.540218 1.477045 99.369424 
4.545218 1.357382 99.369424 
4.550218 1.233140 101.270628 
4.555218 1.104733 103.171832 
4.560218 0.972588 103.171832 
4.565219 0.837160 103.171832 
4.570219 0.698906 97.468220 
4.575219 0.558290 95.567016 
4.580220 0.415792 97.468220 
4.585220 0.271890 89.863403 
4.590220 0.127067 93.665812 
4.595220 -0.018186 82.258587 
4.600221 -0.163374 86.060995 
4.605221 -0.308010 76.554974 
4.610221 -0.451606 74.653770 
4.615221 -0.593674 80.357383 
4.620221 -0.733741 70.851362 
4.625221 -0.871329 74.653770 
4.630222 -1.005971 65.147749 
4.635222 -1.137220 40.432095 
4.640222 -1.264630 38.530891 
4.645222 -1.387764 17.617646 
4.650222 -1.506214 -10.900417 
4.655223 -1.619577 -20.406437 
4.660223 -1.727468 -22.307642 
4.665223 -1.829528 -41.319683 
4.670223 -1.925409 -33.714866 
4.675223 -2.014788 -39.418479 
4.680223 -2.097362 -45.122091 
4.685224 -2.172851 -48.924500 
4.690224 -2.241004 -52.726908 
4.695224 -2.301589 -50.825704 
4.700224 -2.354402 -60.331725 
4.705225 -2.399265 -66.035337 
4.710225 -2.436022 -79.343766 
4.715225 -2.464553 -75.541358 
4.720226 -2.484760 -81.244970 
4.725226 -2.496575 -75.541358 
4.730226 -2.499958 -85.047379 
4.735226 -2.494900 -90.750991 
4.740226 -2.481415 -85.047379 
4.745227 -2.459549 -88.849787 
4.750227 -2.429377 -100.257012 
4.755227 -2.391001 -98.355808 
4.760227 -2.344551 -107.861828 
4.765227 -2.290183 -105.960624 
4.770228 -2.228079 -111.664237 
4.775228 -2.158451 -113.565441 
4.780228 -2.081534 -109.763032 
4.785228 -1.997585 -107.861828 
4.790229 -1.906888 -107.861828 
4.795229 -1.809754 -100.257012 
4.800229 -1.706509 -111.664237 
4.805229 -1.597502 -105.960624 
4.810229 -1.483096 -104.059420 
4.815230 -1.363686 -105.960624 
4.820230 -1.239661 -102.158216 
4.825230 -1.111456 -107.861828 
4.830231 -0.979498 -102.158216 
4.835231 -0.844231 -107.861828 
4.840231 -0.706120 -109.763032 
4.845231 -0.565612 -104.059420 
4.850231 -0.423200 -102.158216 
4.855231 -0.279361 -94.553399 
4.860231 -0.134579 -105.960624 
4.865248 0.011145 -98.355808 
4.870249 0.156348 -96.454603 
4.875249 0.301022 -94.553399 
4.880249 0.444680 -86.948583 
4.885249 0.586836 -85.047379 
4.890249 0.727010 -81.244970 
4.895250 0.864732 -66.035337 
4.900250 0.999528 -43.220887 
4.905250 1.130953 -35.616071 
4.910250 1.258557 -10.900417 
4.915250 1.381910 10.012829 
4.920251 1.500598 19.518850 
4.925251 1.614216 27.123666 
4.930251 1.722379 30.926075 
4.935251 1.824729 36.629687 
4.940251 1.920915 34.728483 
4.945265 2.010841 46.135708 
4.950265 2.093733 42.333300 
4.955265 2.169554 48.036912 
4.960265 2.238047 57.542933 
4.965265 2.298983 57.542933 
4.970266 2.352155 65.147749 
4.975266 2.397383 72.752566 
4.980266 2.434515 74.653770 
4.985266 2.463425 74.653770 
4.990266 2.484015 87.962199 
4.995266 2.496217 80.357383 
5.000267 2.499988 78.456179 
5.005267 2.495316 87.962199 
5.010267 2.482218 86.060995 
5.015267 2.460735 91.764608 
5.020268 2.430943 97.468220 
5.025268 2.392940 95.567016 
5.030268 2.346856 108.875445 
5.035268 2.292846 108.875445 
5.040268 2.231094 101.270628 
5.045269 2.161807 103.171832 
5.050269 2.085218 106.974241 
5.055269 2.001587 101.270628 
5.060269 1.911197 101.270628 
5.065270 1.814350 110.776649 
5.070270 1.711373 108.875445 
5.075270 1.602617 108.875445 
5.080270 1.488457 103.171832 
5.085270 1.369268 97.468220 
5.090271 1.245454 99.369424 
5.095271 1.117433 99.369424 
5.100271 0.985637 99.369424 
5.105271 0.850513 99.369424 
5.110271 0.712517 103.171832 
5.115272 0.572114 93.665812 
5.120272 0.429782 95.567016 
5.125272 0.285998 87.962199 
5.130272 0.141246 93.665812 
5.135272 -0.003980 93.665812 
5.140272 -0.149190 80.357383 
5.145272 -0.293905 87.962199 
5.150273 -0.437621 84.159791 
5.155273 -0.579863 72.752566 
5.160273 -0.720149 74.653770 
5.165273 -0.858000 65.147749 
5.170273 -0.992951 59.444137 
5.175273 -1.124548 44.234504 
5.180274 -1.252350 36.629687 
5.185274 -1.375918 17.617646 
5.190274 -1.494845 -5.196804 
5.195274 -1.608725 -18.505233 
5.200274 -1.717168 -22.307642 
5.205274 -1.819811 -33.714866 
5.210274 -1.916308 -41.319683 
5.215275 -2.006338 -33.714866 
5.220275 -2.089597 -35.616071 
5.225275 -2.165792 -39.418479 
5.230276 -2.234673 -47.023295 
5.235276 -2.296006 -52.726908 
5.240276 -2.349585 -62.232929 
5.245276 -2.395229 -71.738949 
5.250276 -2.432785 -71.738949 
5.255276 -2.462125 -79.343766 
5.260276 -2.483150 -77.442562 
5.265276 -2.495789 -79.343766 
5.270277 -2.500000 -88.849787 
5.275277 -2.495768 -83.146174 
5.280277 -2.483108 -88.849787 
5.285277 -2.462062 -94.553399 
5.290277 -2.432701 -98.355808 
5.295277 -2.395124 -100.257012 
5.300277 -2.349458 -107.861828 
5.305278 -2.295859 -100.257012 
5.310278 -2.234505 -109.763032 
5.315278 -2.165607 -113.565441 
5.320278 -2.089393 -104.059420 
5.325278 -2.006124 -111.664237 
5.330278 -1.916081 -107.861828 
5.335279 -1.819565 -107.861828 
5.340279 -1.716900 -102.158216 
5.345279 -1.608439 -111.664237 
5.350279 -1.494550 -113.565441 
5.355280 -1.375609 -105.960624 
5.360280 -1.252024 -109.763032 
5.365280 -1.124212 -111.664237 
5.370280 -0.992605 -104.059420 
5.375280 -0.857646 -107.861828 
5.380280 -0.719791 -109.763032 
5.385281 -0.579499 -100.257012 
5.390281 -0.437254 -98.355808 
5.395281 -0.293531 -102.158216 
5.400281 -0.148811 -98.355808 
5.405281 -0.003601 -94.553399 
5.410282 0.141625 -98.355808 
5.415282 0.286375 -92.652195 
5.420282 0.430161 -96.454603 
5.425282 0.572497 -86.948583 
5.430283 0.712897 -75.541358 
5.435283 0.850886 -62.232929 
5.440283 0.986002 -47.023295 
5.445284 1.117790 -28.011254 
5.450284 1.245804 -5.196804 
5.455284 1.369602 10.012829 
5.460284 1.488787 25.222462 
5.465285 1.602939 30.926075 
5.470285 1.711678 36.629687 
5.475285 1.814633 32.827279 
5.480285 1.911460 30.926075 
5.485285 2.001832 40.432095 
5.490286 2.085442 46.135708 
5.495286 2.162009 46.135708 
5.500286 2.231275 61.345341 
5.505286 2.293007 63.246545 
5.510286 2.346996 72.752566 
5.515287 2.393057 68.950158 
5.520287 2.431037 80.357383 
5.525287 2.460806 80.357383 
5.530287 2.482265 76.554974 
5.535287 2.495341 84.159791 
5.540288 2.499989 82.258587 
5.545288 2.496195 89.863403 
5.550288 2.483971 86.060995 
5.555288 2.463358 93.665812 
5.560288 2.434427 99.369424 
5.565288 2.397275 99.369424 
5.570288 2.352027 106.974241 
5.575288 2.298835 105.073037 
5.580288 2.237878 106.974241 
5.585289 2.169364 101.270628 
5.590289 2.093524 110.776649 
5.595289 2.010614 106.974241 
5.600289 1.920915 106.974241 
5.605289 1.824730 106.974241 
5.610290 1.722377 108.875445 
5.615290 1.614206 99.369424 
5.620290 1.500587 99.369424 
5.625290 1.381903 101.270628 
5.630290 1.258553 99.369424 
5.635291 1.130949 95.567016 
5.640291 0.999526 103.171832 
5.645301 0.864466 97.468220 
5.650301 0.726742 99.369424 
5.655301 0.586560 97.468220 
5.660301 0.444401 89.863403 
5.665301 0.300744 91.764608 
5.670302 0.156062 91.764608 
5.675302 0.010862 86.060995 
5.680302 -0.134378 89.863403 
5.685302 -0.279167 78.456179 
5.690303 -0.423012 80.357383 
5.695303 -0.565424 80.357383 
5.700303 -0.705929 70.851362 
5.705303 -0.844050 70.851362 
5.710303 -0.979317 70.851362 
5.715303 -1.111278 46.135708 
5.720303 -1.239485 36.629687 
5.725303 -1.363505 17.617646 
5.730304 -1.482922 -7.098008 
5.735304 -1.597329 -18.505233 
5.740304 -1.706346 -24.208846 
5.745304 -1.809601 -37.517275 
5.750304 -1.906744 -37.517275 
5.755304 -1.997446 -31.813662 
5.760304 -2.081403 -47.023295 
5.765305 -2.158330 -39.418479 
5.770305 -2.227970 -50.825704 
5.775305 -2.290086 -50.825704 
5.780305 -2.344467 -56.529316 
5.785305 -2.390930 -67.936541 
5.790305 -2.429319 -73.640154 
5.795305 -2.459505 -69.837745 
5.800306 -2.481384 -79.343766 
5.805306 -2.494883 -75.541358 
5.810306 -2.499957 -81.244970 
5.815306 -2.496588 -88.849787 
5.820306 -2.484788 -90.750991 
5.825306 -2.464596 -90.750991 
5.830307 -2.436081 -102.158216 
5.835307 -2.399338 -98.355808 
5.840307 -2.354492 -102.158216 
5.845320 -2.301548 -107.861828 
5.850320 -2.240957 -102.158216 
5.855320 -2.172800 -107.861828 
5.860321 -2.097305 -113.565441 
5.865321 -2.014728 -107.861828 
5.870321 -1.925347 -113.565441 
5.875321 -1.829465 -105.960624 
5.880321 -1.727402 -105.960624 
5.885321 -1.619505 -111.664237 
5.890321 -1.506138 -105.960624 
5.895322 -1.387688 -107.861828 
5.900322 -1.264548 -113.565441 
5.905322 -1.137140 -109.763032 
5.910322 -1.005893 -109.763032 
5.915322 -0.871248 -111.664237 
5.920322 -0.733658 -105.960624 
5.925322 -0.593591 -104.059420 
5.930322 -0.451522 -107.861828 
5.935322 -0.307931 -100.257012 
5.940323 -0.163294 -100.257012 
5.945323 -0.018108 -102.158216 
5.950323 0.127138 -96.454603 
5.955323 0.271955 -92.652195 
5.960323 0.415857 -98.355808 
5.965323 0.558351 -86.948583 
5.970323 0.698957 -88.849787 
5.975323 0.837209 -62.232929 
5.980324 0.972630 -50.825704 
5.985324 1.104766 -29.912458 
5.990324 1.233172 -5.196804 
5.995324 1.357413 10.012829 
