0.000000 0.000007 1.421599 
0.005001 0.086387 5.224008 
0.010001 0.172662 3.322804 
0.015001 0.258731 -0.479605 
0.020001 0.344491 -4.282013 
0.025001 0.429840 -0.479605 
0.030001 0.514675 -4.282013 
0.035001 0.598896 1.421599 
0.040001 0.682403 -0.479605 
0.045002 0.765097 5.224008 
0.050002 0.846874 7.125212 
0.055002 0.927640 7.125212 
0.060002 1.007299 5.224008 
0.065002 1.085756 14.730028 
0.070003 1.162916 18.532437 
0.075003 1.238686 24.236049 
0.080003 1.312978 24.236049 
0.085003 1.385703 28.038458 
0.090003 1.456773 31.840866 
0.095003 1.526101 29.939662 
0.100004 1.593608 37.544478 
0.105004 1.659211 41.346887 
0.110004 1.722833 41.346887 
0.115004 1.784401 45.149295 
0.120004 1.843834 50.852907 
0.125005 1.901067 52.754112 
0.130005 1.956029 50.852907 
0.135005 2.008655 56.556520 
0.140005 2.058881 60.358928 
0.145005 2.106649 62.260132 
0.150005 2.151903 66.062541 
0.155006 2.194587 66.062541 
0.160006 2.234649 69.864949 
0.165006 2.272044 73.667357 
0.170006 2.306724 75.568561 
0.175007 2.338650 77.469765 
0.180007 2.367784 85.074582 
0.185007 2.394089 81.272174 
0.190007 2.417536 83.173378 
0.195008 2.438095 86.975786 
0.200008 2.455743 90.778195 
0.205008 2.470458 92.679399 
0.210008 2.482223 88.876990 
0.215008 2.491024 100.284215 
0.220008 2.496850 92.679399 
0.225008 2.499694 96.481807 
0.230009 2.499553 94.580603 
0.235009 2.496427 92.679399 
0.240009 2.490320 96.481807 
0.245010 2.481239 100.284215 
0.250010 2.469195 105.987828 
0.255010 2.454202 107.889032 
0.260010 2.436278 100.284215 
0.265010 2.415446 105.987828 
0.270010 2.391729 111.691440 
0.275010 2.365155 100.284215 
0.280011 2.335758 107.889032 
0.285011 2.303571 111.691440 
0.290011 2.268633 104.086624 
0.295011 2.230987 107.889032 
0.300011 2.190677 107.889032 
0.305011 2.147750 102.185419 
0.310011 2.102259 105.987828 
0.315011 2.054257 111.691440 
0.320012 2.003798 105.987828 
0.325012 1.950946 107.889032 
0.330012 1.895765 104.086624 
0.335013 1.838320 102.185419 
0.340013 1.778681 104.086624 
0.345013 1.716918 102.185419 
0.350014 1.653105 100.284215 
0.355014 1.587311 94.580603 
0.360014 1.519628 100.284215 
0.365015 1.450129 96.481807 
0.370015 1.378897 96.481807 
0.375015 1.306020 90.778195 
0.380016 1.231584 88.876990 
0.385016 1.155677 86.975786 
0.390016 1.078392 85.074582 
0.395016 0.999818 83.173378 
0.400016 0.920048 77.469765 
0.405017 0.839181 85.074582 
0.410017 0.757310 75.568561 
0.415017 0.674536 81.272174 
0.420017 0.590960 73.667357 
0.425017 0.506677 71.766153 
0.430017 0.421787 67.963745 
0.435017 0.336395 69.864949 
0.440018 0.250600 64.161336 
0.445018 0.164505 54.655316 
0.450018 0.078214 50.852907 
0.455019 -0.008174 45.149295 
0.460019 -0.094548 41.346887 
0.465019 -0.180808 41.346887 
0.470019 -0.266854 35.643274 
0.475019 -0.352580 28.038458 
0.480019 -0.437884 18.532437 
0.485019 -0.522668 20.433641 
0.490020 -0.606827 9.026416 
0.495020 -0.690258 3.322804 
0.500020 -0.772868 1.421599 
0.505020 -0.854553 -2.380809 
0.510020 -0.935220 -2.380809 
0.515020 -1.014768 -8.084421 
0.520020 -1.093105 -8.084421 
0.525020 -1.170136 -23.294055 
0.530021 -1.245770 -30.898871 
0.535021 -1.319916 -30.898871 
0.540021 -1.392486 -28.997667 
0.545021 -1.463393 -30.898871 
0.550021 -1.532554 -44.207300 
0.555021 -1.599884 -42.306096 
0.560021 -1.665303 -46.108504 
0.565022 -1.728736 -49.910913 
0.570022 -1.790102 -48.009709 
0.575022 -1.849330 -51.812117 
0.580022 -1.906350 -67.021750 
0.585022 -1.961093 -63.219342 
0.590022 -2.013495 -68.922954 
0.595022 -2.063493 -82.231383 
0.600022 -2.111027 -78.428975 
0.605022 -2.156039 -84.132587 
0.610023 -2.198477 -82.231383 
0.615023 -2.238288 -84.132587 
0.620023 -2.275428 -91.737404 
0.625023 -2.309850 -103.144629 
0.630023 -2.341514 -93.638608 
0.635023 -2.370382 -105.045833 
0.640023 -2.396419 -106.947037 
0.645023 -2.419595 -105.045833 
0.650024 -2.439880 -108.848241 
0.655024 -2.457253 -118.354262 
0.660031 -2.471709 -116.453058 
0.665031 -2.483192 -120.255466 
0.670031 -2.491709 -127.860283 
0.675031 -2.497250 -125.959079 
0.680031 -2.499809 -125.959079 
0.685031 -2.499384 -127.860283 
0.690032 -2.495973 -127.860283 
0.695032 -2.489582 -137.366304 
0.700032 -2.480218 -139.267508 
0.705032 -2.467892 -141.168712 
0.710032 -2.452620 -146.872324 
0.715032 -2.434418 -148.773529 
0.720032 -2.413309 -152.575937 
0.725032 -2.389318 -146.872324 
0.730032 -2.362475 -150.674733 
0.735033 -2.332809 -143.069916 
0.740033 -2.300358 -154.477141 
0.745033 -2.265160 -146.872324 
0.750033 -2.227258 -139.267508 
0.755033 -2.186696 -133.563895 
0.760033 -2.143521 -127.860283 
0.765034 -2.097785 -127.860283 
0.770034 -2.049546 -135.465099 
0.775034 -1.998857 -131.662691 
0.780035 -1.945782 -129.761487 
0.785035 -1.890383 -135.465099 
0.790035 -1.832726 -129.761487 
0.795035 -1.772882 -131.662691 
0.800036 -1.710921 -131.662691 
0.805036 -1.646917 -125.959079 
0.810036 -1.580945 -133.563895 
0.815036 -1.513086 -135.465099 
0.820036 -1.443418 -124.057875 
0.825037 -1.372030 -127.860283 
0.830037 -1.299003 -120.255466 
0.835037 -1.224424 -120.255466 
0.840037 -1.148382 -118.354262 
0.845037 -1.070969 -112.650650 
0.850037 -0.992277 -118.354262 
0.855038 -0.912400 -116.453058 
0.860038 -0.831435 -120.255466 
0.865038 -0.749477 -120.255466 
0.870038 -0.666622 -112.650650 
0.875038 -0.582972 -108.848241 
0.880038 -0.498625 -112.650650 
0.885039 -0.413683 -105.045833 
0.890039 -0.328246 -95.539812 
0.895039 -0.242418 -89.836200 
0.900039 -0.156300 -89.836200 
0.905039 -0.069996 -84.132587 
0.910040 0.016394 -82.231383 
0.915040 0.102760 -80.330179 
0.920040 0.189006 -80.330179 
0.925040 0.275028 -74.626567 
0.930040 0.360718 -67.021750 
0.935041 0.445977 -61.318138 
0.940041 0.530703 -61.318138 
0.945041 0.614798 -51.812117 
0.950041 0.698158 -44.207300 
0.955041 0.780683 -32.800075 
0.960041 0.862276 -9.985625 
0.965041 0.942838 14.730028 
0.970042 1.022277 24.236049 
0.975042 1.100495 24.236049 
0.980042 1.177397 26.137253 
0.985042 1.252896 28.038458 
0.990042 1.326897 31.840866 
0.995043 1.399314 26.137253 
1.000043 1.470060 35.643274 
1.005043 1.539051 29.939662 
1.010043 1.606204 37.544478 
1.015044 1.671439 37.544478 
1.020044 1.734680 41.346887 
1.025045 1.795858 45.149295 
1.030045 1.854879 54.655316 
1.035046 1.911686 64.161336 
1.040046 1.966209 58.457724 
1.045046 2.018385 67.963745 
1.050058 2.068267 71.766153 
1.055059 2.115557 69.864949 
1.060059 2.160320 66.062541 
1.065059 2.202503 77.469765 
1.070059 2.242055 75.568561 
1.075059 2.278929 81.272174 
1.080059 2.313082 81.272174 
1.085059 2.344473 83.173378 
1.090060 2.373065 90.778195 
1.095060 2.398822 92.679399 
1.100060 2.421715 90.778195 
1.105060 2.441716 90.778195 
1.110060 2.458801 92.679399 
1.115060 2.472950 90.778195 
1.120061 2.484146 102.185419 
1.125061 2.492376 98.383011 
1.130061 2.497629 102.185419 
1.135062 2.499899 105.987828 
1.140062 2.499183 107.889032 
1.145062 2.495484 109.790236 
1.150062 2.488804 105.987828 
1.155062 2.479151 115.493849 
1.160063 2.466539 111.691440 
1.165063 2.450980 111.691440 
1.170063 2.432495 111.691440 
1.175063 2.411105 109.790236 
1.180063 2.386836 109.790236 
1.185064 2.359716 115.493849 
1.190064 2.329779 121.197461 
1.195064 2.297058 105.987828 
1.200064 2.261594 113.592644 
1.205065 2.223430 109.790236 
1.210065 2.182609 115.493849 
1.215065 2.139181 109.790236 
1.220066 2.093200 115.493849 
1.225066 2.044718 111.691440 
1.230066 1.993797 107.889032 
1.235066 1.940495 107.889032 
1.240067 1.884874 107.889032 
1.245067 1.827004 107.889032 
1.250067 1.766952 107.889032 
1.255067 1.704790 115.493849 
1.260067 1.640592 107.889032 
1.265067 1.574437 102.185419 
1.270067 1.506399 107.889032 
1.275067 1.436562 105.987828 
1.280067 1.365009 102.185419 
1.285068 1.291828 100.284215 
1.290068 1.217104 98.383011 
1.295068 1.140925 98.383011 
1.300068 1.063383 94.580603 
1.305068 0.984575 96.481807 
1.310068 0.904588 86.975786 
1.315069 0.823521 88.876990 
1.320069 0.741472 79.370970 
1.325069 0.658538 79.370970 
1.330069 0.574815 81.272174 
1.335069 0.490406 81.272174 
1.340069 0.405413 69.864949 
1.345069 0.319934 77.469765 
1.350070 0.234075 67.963745 
1.355070 0.147937 64.161336 
1.360070 0.061621 52.754112 
1.365070 -0.024768 50.852907 
1.370070 -0.111130 50.852907 
1.375070 -0.197359 47.050499 
1.380070 -0.283350 41.346887 
1.385071 -0.369002 33.742070 
1.390071 -0.454214 33.742070 
1.395071 -0.538884 31.840866 
1.400088 -0.623192 29.939662 
1.405088 -0.706473 22.334845 
1.410088 -0.788911 16.631233 
1.415090 -0.870426 9.026416 
1.420090 -0.950881 7.125212 
1.425090 -1.030205 1.421599 
1.430090 -1.108294 -6.183217 
1.435091 -1.185062 -4.282013 
1.440091 -1.260412 -9.985625 
1.445091 -1.334256 -19.491646 
1.450091 -1.406507 -15.689238 
1.455091 -1.477077 -25.195259 
1.460091 -1.545886 -38.503688 
1.465096 -1.612914 -40.404892 
1.470096 -1.677949 -49.910913 
1.475097 -1.740979 -51.812117 
1.480097 -1.801930 -53.713321 
1.485097 -1.860729 -65.120546 
1.490097 -1.917307 -63.219342 
1.495097 -1.971596 -68.922954 
1.500097 -2.023529 -68.922954 
1.505097 -2.073046 -70.824158 
1.510097 -2.120087 -70.824158 
1.515098 -2.164597 -74.626567 
1.520098 -2.206523 -80.330179 
1.525098 -2.245813 -84.132587 
1.530098 -2.282421 -89.836200 
1.535099 -2.316305 -91.737404 
1.540099 -2.347422 -95.539812 
1.545099 -2.375735 -93.638608 
1.550099 -2.401212 -99.342221 
1.555099 -2.423820 -106.947037 
1.560100 -2.443534 -110.749446 
1.565100 -2.460330 -105.045833 
1.570100 -2.474188 -108.848241 
1.575100 -2.485091 -110.749446 
1.580100 -2.493027 -114.551854 
1.585100 -2.497985 -116.453058 
1.590100 -2.499961 -120.255466 
1.595103 -2.498950 -124.057875 
1.600103 -2.494955 -124.057875 
1.605103 -2.487980 -125.959079 
1.610103 -2.478034 -125.959079 
1.615103 -2.465129 -127.860283 
1.620103 -2.449280 -131.662691 
1.625104 -2.430507 -131.662691 
1.630104 -2.408831 -133.563895 
1.635104 -2.384278 -137.366304 
1.640104 -2.356877 -137.366304 
1.645105 -2.326661 -129.761487 
1.650105 -2.293667 -135.465099 
1.655105 -2.257936 -141.168712 
1.660105 -2.219508 -131.662691 
1.665105 -2.178429 -133.563895 
1.670105 -2.134749 -135.465099 
1.675105 -2.088520 -141.168712 
1.680105 -2.039797 -141.168712 
1.685105 -1.988638 -137.366304 
1.690105 -1.935104 -135.465099 
1.695106 -1.879261 -137.366304 
1.700106 -1.821172 -143.069916 
1.705106 -1.760909 -135.465099 
1.710106 -1.698541 -137.366304 
1.715106 -1.634142 -129.761487 
1.720107 -1.567793 -131.662691 
1.725107 -1.499574 -129.761487 
1.730107 -1.429564 -133.563895 
1.735107 -1.357846 -125.959079 
1.740107 -1.284507 -118.354262 
1.745108 -1.209632 -122.156670 
1.750108 -1.133315 -120.255466 
1.755108 -1.055644 -112.650650 
1.760108 -0.976710 -116.453058 
1.765109 -0.896614 -112.650650 
1.770116 -0.815319 -110.749446 
1.775117 -0.733172 -105.045833 
1.780117 -0.650152 -103.144629 
1.785117 -0.566357 -105.045833 
1.790117 -0.481887 -99.342221 
1.795117 -0.396841 -101.243425 
1.800118 -0.311319 -93.638608 
1.805118 -0.225425 -89.836200 
1.810118 -0.139262 -84.132587 
1.815118 -0.052935 -82.231383 
1.820118 0.033456 -74.626567 
1.825118 0.119808 -76.527771 
1.830118 0.206015 -65.120546 
1.835119 0.291980 -65.120546 
1.840119 0.377593 -63.219342 
1.845119 0.462755 -59.416933 
1.850119 0.547366 -51.812117 
1.855119 0.631324 -49.910913 
1.860119 0.714525 -40.404892 
1.865120 0.796874 -25.195259 
1.870120 0.878274 -2.380809 
1.875120 0.958622 9.026416 
1.880120 1.037827 16.631233 
1.885120 1.115791 28.038458 
1.890120 1.192423 35.643274 
1.895120 1.267631 26.137253 
1.900121 1.341324 31.840866 
1.905121 1.413417 35.643274 
1.910121 1.483821 35.643274 
1.915121 1.552455 37.544478 
1.920121 1.619233 41.346887 
1.925121 1.684080 43.248091 
1.930121 1.746913 41.346887 
1.935121 1.807661 45.149295 
1.940121 1.866250 47.050499 
1.945122 1.922611 66.062541 
1.950122 1.976676 62.260132 
1.955122 2.028381 75.568561 
1.960122 2.077663 69.864949 
1.965122 2.124464 73.667357 
1.970122 2.168728 75.568561 
1.975122 2.210402 73.667357 
1.980122 2.249436 81.272174 
1.985123 2.285785 79.370970 
1.990123 2.319404 79.370970 
1.995123 2.350253 92.679399 
2.000123 2.378296 90.778195 
2.005123 2.403499 94.580603 
2.010123 2.425831 96.481807 
2.015123 2.445267 96.481807 
2.020123 2.461783 102.185419 
2.025124 2.475359 98.383011 
2.030124 2.485979 100.284215 
2.035124 2.493630 105.987828 
2.040124 2.498303 113.592644 
2.045124 2.499993 115.493849 
2.050124 2.498698 113.592644 
2.055124 2.494419 113.592644 
2.060124 2.487161 117.395053 
2.065125 2.476933 111.691440 
2.070125 2.463747 115.493849 
2.075125 2.447618 119.296257 
2.080125 2.428568 113.592644 
2.085125 2.406616 113.592644 
2.090125 2.381791 117.395053 
2.095125 2.354122 115.493849 
2.100126 2.323641 119.296257 
2.105126 2.290386 115.493849 
2.110126 2.254396 115.493849 
2.115126 2.215714 117.395053 
2.120126 2.174386 123.098665 
2.125126 2.130461 119.296257 
2.130126 2.083991 117.395053 
2.135126 2.035034 115.493849 
2.140127 1.983646 111.691440 
2.145127 1.929890 107.889032 
2.150127 1.873830 109.790236 
2.155127 1.815531 115.493849 
2.160127 1.755065 113.592644 
2.165127 1.692502 105.987828 
2.170127 1.627918 107.889032 
2.175127 1.561391 113.592644 
2.180127 1.492999 115.493849 
2.185127 1.422824 113.592644 
2.190128 1.350949 107.889032 
2.195128 1.277461 100.284215 
2.200128 1.202447 100.284215 
2.205128 1.125999 100.284215 
2.210128 1.048205 96.481807 
2.215128 0.969159 90.778195 
2.220128 0.888956 94.580603 
2.225129 0.807691 90.778195 
2.230129 0.725461 85.074582 
2.235129 0.642368 83.173378 
2.240129 0.558504 85.074582 
2.245129 0.473976 85.074582 
2.250129 0.388878 81.272174 
2.255130 0.303319 77.469765 
2.260130 0.217397 69.864949 
2.265130 0.131213 66.062541 
2.270130 0.044872 62.260132 
2.275130 -0.041521 62.260132 
2.280131 -0.127866 62.260132 
2.285131 -0.214055 52.754112 
2.290131 -0.299988 48.951703 
2.295131 -0.385565 50.852907 
2.300131 -0.470682 37.544478 
2.305131 -0.555234 37.544478 
2.310132 -0.639124 29.939662 
2.315132 -0.722250 24.236049 
2.320132 -0.804514 24.236049 
2.325132 -0.885819 18.532437 
2.330132 -0.966066 18.532437 
2.335132 -1.045157 9.026416 
2.340132 -1.123001 3.322804 
2.345132 -1.199503 -4.282013 
2.350133 -1.274575 -11.886830 
2.355133 -1.348122 -21.392850 
2.360133 -1.420060 -38.503688 
2.365133 -1.490304 -38.503688 
2.370133 -1.558767 -44.207300 
2.375133 -1.625368 -46.108504 
2.380133 -1.690029 -48.009709 
2.385133 -1.752671 -55.614525 
2.390133 -1.813219 -51.812117 
2.395134 -1.871605 -55.614525 
2.400134 -1.927754 -63.219342 
2.405134 -1.981601 -61.318138 
2.410134 -2.033082 -67.021750 
2.415134 -2.082135 -68.922954 
2.420134 -2.128700 -82.231383 
2.425134 -2.172725 -80.330179 
2.430134 -2.214155 -84.132587 
2.435134 -2.252942 -82.231383 
2.440134 -2.289038 -87.934996 
2.445135 -2.322400 -93.638608 
2.450135 -2.352990 -89.836200 
2.455135 -2.380770 -93.638608 
2.460136 -2.405708 -103.144629 
2.465146 -2.427811 -93.638608 
2.470146 -2.446970 -105.045833 
2.475146 -2.463206 -112.650650 
2.480146 -2.476501 -105.045833 
2.485147 -2.486838 -112.650650 
2.490147 -2.494205 -116.453058 
2.495147 -2.498594 -110.749446 
2.500147 -2.499999 -122.156670 
2.505148 -2.498418 -116.453058 
2.510148 -2.493854 -122.156670 
2.515148 -2.486312 -125.959079 
2.520148 -2.475800 -122.156670 
2.525148 -2.462333 -127.860283 
2.530148 -2.445925 -131.662691 
2.535148 -2.426595 -127.860283 
2.540148 -2.404368 -127.860283 
2.545148 -2.379271 -135.465099 
2.550149 -2.351332 -129.761487 
2.555149 -2.320585 -127.860283 
2.560149 -2.287067 -131.662691 
2.565149 -2.250817 -127.860283 
2.570149 -2.211880 -127.860283 
2.575149 -2.170302 -135.465099 
2.580149 -2.126132 -127.860283 
2.585149 -2.079423 -129.761487 
2.590149 -2.030231 -133.563895 
2.595150 -1.978614 -129.761487 
2.600150 -1.924633 -127.860283 
2.605150 -1.868355 -127.860283 
2.610150 -1.809846 -125.959079 
2.615150 -1.749176 -127.860283 
2.620150 -1.686417 -124.057875 
2.625150 -1.621644 -125.959079 
2.630151 -1.554934 -122.156670 
2.635151 -1.486367 -124.057875 
2.640151 -1.416026 -116.453058 
2.645151 -1.343994 -122.156670 
2.650151 -1.270359 -118.354262 
2.655151 -1.195203 -116.453058 
2.660151 -1.118622 -118.354262 
2.665152 -1.040688 -112.650650 
2.670153 -0.961525 -110.749446 
2.675153 -0.881217 -112.650650 
2.680153 -0.799856 -110.749446 
2.685153 -0.717541 -106.947037 
2.690153 -0.634368 -101.243425 
2.695153 -0.550438 -99.342221 
2.700153 -0.465849 -106.947037 
2.705154 -0.380702 -99.342221 
2.710154 -0.295102 -101.243425 
2.715154 -0.209150 -93.638608 
2.720154 -0.122950 -89.836200 
2.725165 -0.036425 -91.737404 
2.730165 0.049968 -87.934996 
2.735165 0.136301 -76.527771 
2.740165 0.222470 -67.021750 
2.745165 0.308372 -63.219342 
2.750165 0.393907 -57.515729 
2.755165 0.478971 -51.812117 
2.760166 0.563465 -49.910913 
2.765166 0.647286 -38.503688 
2.770166 0.730336 -28.997667 
2.775166 0.812512 -11.886830 
2.780166 0.893715 3.322804 
2.785180 0.974062 16.631233 
2.790180 1.053033 22.334845 
2.795180 1.130746 24.236049 
2.800180 1.207109 24.236049 
2.805180 1.282035 26.137253 
2.810181 1.355426 33.742070 
2.815199 1.427455 37.544478 
2.820199 1.497516 45.149295 
2.825199 1.565790 43.248091 
2.830199 1.632194 41.346887 
2.835200 1.696649 37.544478 
2.840200 1.759077 37.544478 
2.845200 1.819404 47.050499 
2.850200 1.877559 50.852907 
2.855200 1.933472 54.655316 
2.860200 1.987077 60.358928 
2.865200 2.038309 69.864949 
2.870201 2.087106 75.568561 
2.875201 2.133410 77.469765 
2.880201 2.177167 81.272174 
2.885201 2.218324 77.469765 
2.890201 2.256833 77.469765 
2.895213 2.292724 81.272174 
2.900213 2.325793 81.272174 
2.905213 2.356084 85.074582 
2.910213 2.383562 96.481807 
2.915213 2.408194 98.383011 
2.920214 2.429950 98.383011 
2.925224 2.448840 100.284215 
2.930224 2.464763 109.790236 
2.935225 2.477743 104.086624 
2.940225 2.487764 107.889032 
2.945225 2.494815 98.383011 
2.950225 2.498886 105.987828 
2.955233 2.499972 111.691440 
2.960233 2.498068 102.185419 
2.965233 2.493182 105.987828 
2.970234 2.485319 109.790236 
2.975234 2.474487 115.493849 
2.980234 2.460701 117.395053 
2.985234 2.443976 121.197461 
2.990234 2.424332 119.296257 
2.995234 2.401794 121.197461 
3.000235 2.376386 121.197461 
3.005235 2.348141 119.296257 
3.010235 2.317093 121.197461 
3.015235 2.283277 113.592644 
3.020235 2.246734 111.691440 
3.025235 2.207509 115.493849 
3.030236 2.165647 113.592644 
3.035236 2.121199 115.493849 
3.040236 2.074219 119.296257 
3.045236 2.024762 117.395053 
3.050236 1.972887 117.395053 
3.055236 1.918654 113.592644 
3.060236 1.862131 123.098665 
3.065236 1.803385 119.296257 
3.070237 1.742484 119.296257 
3.075237 1.679496 111.691440 
3.080238 1.614509 111.691440 
3.085238 1.547595 111.691440 
3.090238 1.478833 109.790236 
3.095238 1.408304 102.185419 
3.100238 1.336094 104.086624 
3.105238 1.262289 98.383011 
3.110238 1.186976 98.383011 
3.115238 1.110246 98.383011 
3.120239 1.032187 105.987828 
3.125239 0.952897 100.284215 
3.130239 0.872470 98.383011 
3.135239 0.790994 88.876990 
3.140240 0.708576 86.975786 
3.145240 0.625313 88.876990 
3.150240 0.541304 85.074582 
3.155241 0.456649 79.370970 
3.160241 0.371441 83.173378 
3.165242 0.285797 75.568561 
3.170242 0.199809 71.766153 
3.175242 0.113586 67.963745 
3.180242 0.027227 64.161336 
3.185243 -0.059166 69.864949 
3.190243 -0.145486 66.062541 
3.195243 -0.231632 58.457724 
3.200243 -0.317500 48.951703 
3.205243 -0.402989 54.655316 
3.210243 -0.487997 50.852907 
3.215243 -0.572423 45.149295 
3.220243 -0.656165 35.643274 
3.225244 -0.739123 37.544478 
3.230244 -0.821198 31.840866 
3.235244 -0.902293 31.840866 
3.240244 -0.982312 20.433641 
3.245244 -1.061157 10.927620 
3.250244 -1.138734 -2.380809 
3.255244 -1.214952 -11.886830 
3.260244 -1.289718 -21.392850 
3.265245 -1.362945 -27.096463 
3.270245 -1.434544 -28.997667 
3.275264 -1.504696 -44.207300 
3.280264 -1.572778 -44.207300 
3.285264 -1.638982 -46.108504 
3.290264 -1.703228 -49.910913 
3.295264 -1.765442 -46.108504 
3.300265 -1.825548 -51.812117 
3.305265 -1.883473 -53.713321 
3.310265 -1.939149 -61.318138 
3.315265 -1.992509 -68.922954 
3.320265 -2.043490 -76.527771 
3.325265 -2.092032 -78.428975 
3.330265 -2.138074 -78.428975 
3.335265 -2.181563 -84.132587 
3.340266 -2.222447 -80.330179 
3.345266 -2.260676 -84.132587 
3.350266 -2.296206 -86.033792 
3.355266 -2.328994 -91.737404 
3.360266 -2.359004 -99.342221 
3.365267 -2.386196 -95.539812 
3.370267 -2.410537 -99.342221 
3.375267 -2.431999 -93.638608 
3.380268 -2.450557 -103.144629 
3.385268 -2.466188 -110.749446 
3.390268 -2.478874 -110.749446 
3.395268 -2.488600 -114.551854 
3.400268 -2.495353 -106.947037 
3.405268 -2.499127 -112.650650 
3.410268 -2.499917 -122.156670 
3.415268 -2.497722 -118.354262 
3.420269 -2.492543 -120.255466 
3.425269 -2.484389 -116.453058 
3.430269 -2.473267 -116.453058 
3.435269 -2.459193 -124.057875 
3.440269 -2.442181 -120.255466 
3.445269 -2.422253 -120.255466 
3.450270 -2.399431 -125.959079 
3.455270 -2.373743 -124.057875 
3.460270 -2.345222 -131.662691 
3.465271 -2.313898 -122.156670 
3.470271 -2.279813 -131.662691 
3.475271 -2.243002 -127.860283 
3.480272 -2.203514 -124.057875 
3.485272 -2.161396 -129.761487 
3.490272 -2.116697 -131.662691 
3.495272 -2.069471 -129.761487 
3.500273 -2.019770 -129.761487 
3.505273 -1.967658 -127.860283 
3.510273 -1.913196 -129.761487 
3.515274 -1.856451 -129.761487 
3.520274 -1.797488 -127.860283 
3.525274 -1.736379 -122.156670 
3.530274 -1.673198 -124.057875 
3.535274 -1.608018 -127.860283 
3.540275 -1.540917 -120.255466 
3.545275 -1.471976 -120.255466 
3.550275 -1.401279 -122.156670 
3.555275 -1.328908 -120.255466 
3.560275 -1.254951 -120.255466 
3.565275 -1.179492 -112.650650 
3.570275 -1.102627 -110.749446 
3.575276 -1.024445 -110.749446 
3.580276 -0.945039 -108.848241 
3.585276 -0.864506 -101.243425 
3.590276 -0.782940 -101.243425 
3.595276 -0.700440 -103.144629 
3.600276 -0.617103 -95.539812 
3.605276 -0.533029 -93.638608 
3.610276 -0.448318 -95.539812 
3.615276 -0.363073 -87.934996 
3.620276 -0.277395 -86.033792 
3.625277 -0.191383 -82.231383 
3.630277 -0.105142 -84.132587 
3.635277 -0.018777 -76.527771 
3.640277 0.067610 -80.330179 
3.645277 0.153916 -76.527771 
3.650277 0.240039 -78.428975 
3.655277 0.325875 -74.626567 
3.660278 0.411323 -68.922954 
3.665278 0.496280 -65.120546 
3.670278 0.580645 -59.416933 
3.675279 0.664326 -48.009709 
3.680279 0.747209 -34.701279 
3.685279 0.829194 -19.491646 
3.690280 0.910190 5.224008 
3.695280 0.990098 18.532437 
3.700280 1.068824 16.631233 
3.705280 1.146273 28.038458 
3.710280 1.222352 28.038458 
3.715281 1.296973 26.137253 
3.720281 1.370044 35.643274 
3.725281 1.441479 35.643274 
3.730281 1.511193 45.149295 
3.735281 1.579107 43.248091 
3.740282 1.645130 39.445682 
3.745282 1.709188 43.248091 
3.750282 1.771205 45.149295 
3.755282 1.831109 39.445682 
3.760282 1.888828 47.050499 
3.765283 1.944290 60.358928 
3.770283 1.997428 67.963745 
3.775283 2.048181 73.667357 
3.780283 2.096487 73.667357 
3.785283 2.142291 81.272174 
3.790283 2.185536 75.568561 
3.795283 2.226172 77.469765 
3.800284 2.264149 79.370970 
3.805284 2.299423 86.975786 
3.810284 2.331950 90.778195 
3.815284 2.361694 88.876990 
3.820284 2.388616 88.876990 
3.825285 2.412686 92.679399 
3.830285 2.433875 94.580603 
3.835285 2.452157 100.284215 
3.840285 2.467511 102.185419 
3.845285 2.479918 102.185419 
3.850286 2.489365 104.086624 
3.855286 2.495838 111.691440 
3.860287 2.499330 105.987828 
3.865287 2.499837 111.691440 
3.870287 2.497360 109.790236 
3.875287 2.491899 111.691440 
3.880287 2.483464 115.493849 
3.885287 2.472062 113.592644 
3.890287 2.457709 121.197461 
3.895287 2.440421 119.296257 
3.900287 2.420218 123.098665 
3.905288 2.397126 119.296257 
3.910288 2.371170 123.098665 
3.915288 2.342384 123.098665 
3.920288 2.310800 121.197461 
3.925288 2.276456 119.296257 
3.930288 2.239394 123.098665 
3.935288 2.199658 115.493849 
3.940288 2.157295 117.395053 
3.945288 2.112357 115.493849 
3.950289 2.064894 124.999869 
3.955289 2.014967 117.395053 
3.960289 1.962634 121.197461 
3.965289 1.907956 111.691440 
3.970289 1.850999 117.395053 
3.975289 1.791833 117.395053 
3.980290 1.730527 117.395053 
3.985290 1.667153 111.691440 
3.990290 1.601789 109.790236 
3.995290 1.534512 107.889032 
4.000290 1.465404 109.790236 
4.005290 1.394544 115.493849 
4.010291 1.322020 113.592644 
4.015291 1.247920 111.691440 
4.020291 1.172327 104.086624 
4.025291 1.095335 96.481807 
4.030291 1.017033 100.284215 
4.035291 0.937518 100.284215 
4.040291 0.856882 102.185419 
4.045291 0.775223 90.778195 
4.050292 0.692640 98.383011 
4.055292 0.609229 86.975786 
4.060292 0.525091 83.173378 
4.065292 0.440324 83.173378 
4.070293 0.355023 88.876990 
4.075293 0.269303 75.568561 
4.080293 0.183265 73.667357 
4.085293 0.097008 67.963745 
4.090294 0.010631 66.062541 
4.095294 -0.075754 69.864949 
4.100294 -0.162051 62.260132 
4.105295 -0.248153 54.655316 
4.110295 -0.333960 54.655316 
4.115295 -0.419368 54.655316 
4.120295 -0.504275 52.754112 
4.125295 -0.588577 48.951703 
4.130296 -0.672179 41.346887 
4.135296 -0.754977 33.742070 
4.140296 -0.836873 33.742070 
4.145296 -0.917770 31.840866 
4.150297 -0.997573 18.532437 
4.155297 -1.076184 9.026416 
4.160297 -1.153508 -9.985625 
4.165297 -1.229455 -23.294055 
4.170298 -1.303933 -25.195259 
4.175298 -1.376855 -38.503688 
4.180298 -1.448132 -36.602484 
4.185298 -1.517681 -34.701279 
4.190299 -1.585418 -40.404892 
4.195299 -1.651260 -42.306096 
4.200299 -1.715130 -44.207300 
4.205299 -1.776952 -46.108504 
4.210299 -1.836652 -49.910913 
4.215300 -1.894157 -55.614525 
4.220300 -1.949402 -59.416933 
4.225300 -2.002320 -67.021750 
4.230300 -2.052845 -68.922954 
4.235301 -2.100921 -70.824158 
4.240301 -2.146488 -70.824158 
4.245301 -2.189489 -76.527771 
4.250301 -2.229875 -80.330179 
4.255302 -2.267599 -87.934996 
4.260302 -2.302615 -86.033792 
4.265302 -2.334882 -89.836200 
4.270302 -2.364359 -93.638608 
4.275302 -2.391013 -99.342221 
4.280302 -2.414812 -99.342221 
4.285303 -2.435727 -103.144629 
4.290303 -2.453733 -103.144629 
4.295303 -2.468809 -110.749446 
4.300303 -2.480938 -110.749446 
4.305303 -2.490103 -105.045833 
4.310304 -2.496295 -120.255466 
4.315304 -2.499505 -118.354262 
4.320304 -2.499731 -110.749446 
4.325304 -2.496972 -116.453058 
4.330304 -2.491230 -124.057875 
4.335304 -2.482514 -114.551854 
4.340305 -2.470833 -124.057875 
4.345305 -2.456201 -116.453058 
4.350305 -2.438637 -124.057875 
4.355305 -2.418160 -122.156670 
4.360305 -2.394796 -124.057875 
4.365305 -2.368572 -129.761487 
4.370306 -2.339519 -122.156670 
4.375306 -2.307672 -125.959079 
4.380306 -2.273070 -127.860283 
4.385306 -2.235752 -120.255466 
4.390306 -2.195765 -124.057875 
4.395307 -2.153156 -131.662691 
4.400307 -2.107976 -124.057875 
4.405307 -2.060278 -127.860283 
4.410307 -2.010120 -127.860283 
4.415307 -1.957561 -124.057875 
4.420308 -1.902663 -124.057875 
4.425308 -1.845495 -125.959079 
4.430308 -1.786122 -127.860283 
4.435308 -1.724616 -122.156670 
4.440308 -1.661051 -120.255466 
4.445309 -1.595502 -120.255466 
4.450309 -1.528048 -120.255466 
4.455309 -1.458769 -118.354262 
4.460309 -1.387747 -122.156670 
4.465310 -1.315069 -112.650650 
4.470310 -1.240820 -108.848241 
4.475310 -1.165090 -114.551854 
4.480310 -1.087969 -108.848241 
4.485310 -1.009548 -108.848241 
4.490310 -0.929923 -110.749446 
4.495311 -0.849186 -106.947037 
4.500311 -0.767437 -99.342221 
4.505311 -0.684771 -99.342221 
4.510311 -0.601287 -101.243425 
4.515311 -0.517085 -99.342221 
4.520311 -0.432264 -89.836200 
4.525311 -0.346927 -87.934996 
4.530312 -0.261169 -86.033792 
4.535312 -0.175107 -89.836200 
4.540312 -0.088835 -82.231383 
4.545312 -0.002456 -76.527771 
4.550313 0.083925 -72.725362 
4.555313 0.170207 -68.922954 
4.560313 0.256285 -70.824158 
4.565313 0.342057 -63.219342 
4.570313 0.427420 -65.120546 
4.575314 0.512273 -61.318138 
4.580314 0.596514 -49.910913 
4.585314 0.680042 -46.108504 
4.590314 0.762758 -25.195259 
4.595314 0.844564 -11.886830 
4.600315 0.925363 10.927620 
4.605315 1.005056 12.828824 
4.610315 1.083548 20.433641 
4.615315 1.160747 24.236049 
4.620315 1.236558 24.236049 
4.625316 1.310894 31.840866 
4.630316 1.383664 31.840866 
4.635316 1.454780 29.939662 
4.640316 1.524159 45.149295 
4.645316 1.591717 39.445682 
4.650316 1.657377 41.346887 
4.655317 1.721055 45.149295 
4.660317 1.782679 47.050499 
4.665317 1.842173 52.754112 
4.670317 1.899469 58.457724 
4.675317 1.954497 64.161336 
4.680317 2.007192 69.864949 
4.685318 2.057488 79.370970 
4.690318 2.105327 81.272174 
4.695318 2.150652 85.074582 
4.700318 2.193411 79.370970 
4.705319 2.233549 86.975786 
4.710319 2.271018 83.173378 
4.715319 2.305776 81.272174 
4.720319 2.337780 86.975786 
4.725319 2.366992 92.679399 
4.730319 2.393379 90.778195 
4.735319 2.416907 96.481807 
4.740319 2.437549 98.383011 
4.745320 2.455280 96.481807 
4.750320 2.470079 102.185419 
4.755320 2.481928 109.790236 
4.760327 2.490823 104.086624 
4.765327 2.496730 111.691440 
4.770327 2.499656 119.296257 
4.775327 2.499596 109.790236 
4.780333 2.496547 115.493849 
4.785333 2.490518 119.296257 
4.790333 2.481514 119.296257 
4.795333 2.469548 119.296257 
4.800333 2.454632 115.493849 
4.805334 2.436785 117.395053 
4.810334 2.416028 121.197461 
4.815334 2.392385 113.592644 
4.820334 2.365886 115.493849 
4.825334 2.336562 121.197461 
4.830334 2.304448 128.802278 
4.835335 2.269582 119.296257 
4.840335 2.232004 121.197461 
4.845335 2.191764 117.395053 
4.850335 2.148904 128.802278 
4.855335 2.103478 121.197461 
4.860335 2.055541 115.493849 
4.865335 2.005149 113.592644 
4.870336 1.952361 113.592644 
4.875336 1.897243 115.493849 
4.880336 1.839859 115.493849 
4.885336 1.780280 109.790236 
4.890336 1.718573 113.592644 
4.895336 1.654814 117.395053 
4.900336 1.589080 113.592644 
4.905336 1.521447 113.592644 
4.910336 1.451998 117.395053 
4.915337 1.380815 109.790236 
4.920337 1.307984 111.691440 
4.925337 1.233590 105.987828 
4.930337 1.157723 107.889032 
4.935337 1.080474 104.086624 
4.940337 1.001932 100.284215 
4.945337 0.922195 98.383011 
4.950338 0.841356 94.580603 
4.955338 0.759514 96.481807 
4.960338 0.676765 98.383011 
4.965338 0.593206 90.778195 
4.970338 0.508938 94.580603 
4.975338 0.424065 81.272174 
4.980338 0.338685 88.876990 
4.985338 0.252901 75.568561 
4.990339 0.166815 77.469765 
4.995339 0.080528 79.370970 
5.000339 -0.005856 69.864949 
5.005339 -0.092230 67.963745 
5.010339 -0.178497 62.260132 
5.015339 -0.264548 64.161336 
5.020340 -0.350285 52.754112 
5.025340 -0.435602 54.655316 
5.030340 -0.520401 47.050499 
5.035340 -0.604576 47.050499 
5.040340 -0.688030 45.149295 
5.045340 -0.770665 37.544478 
5.050341 -0.852380 33.742070 
5.055341 -0.933078 29.939662 
5.060341 -1.012659 10.927620 
5.065341 -1.091029 -2.380809 
5.070342 -1.168099 -9.985625 
5.075342 -1.243773 -25.195259 
5.080342 -1.317960 -32.800075 
5.085342 -1.390575 -32.800075 
5.090342 -1.461530 -30.898871 
5.095343 -1.530737 -42.306096 
5.100343 -1.598117 -34.701279 
5.105343 -1.663589 -44.207300 
5.110343 -1.727074 -48.009709 
5.115343 -1.788496 -42.306096 
5.120343 -1.847782 -42.306096 
5.125343 -1.904862 -49.910913 
5.130343 -1.959667 -55.614525 
5.135344 -2.012133 -68.922954 
5.140344 -2.062196 -65.120546 
5.145344 -2.109796 -74.626567 
5.150344 -2.154876 -76.527771 
5.155344 -2.197381 -80.330179 
5.160344 -2.237265 -82.231383 
5.165345 -2.274476 -80.330179 
5.170345 -2.308972 -87.934996 
5.175345 -2.340710 -89.836200 
5.180345 -2.369653 -89.836200 
5.185345 -2.395766 -99.342221 
5.190345 -2.419017 -97.441016 
5.195345 -2.439380 -103.144629 
5.200346 -2.456830 -105.045833 
5.205346 -2.471346 -106.947037 
5.210346 -2.482911 -105.045833 
5.215346 -2.491511 -110.749446 
5.220346 -2.497136 -112.650650 
5.225346 -2.499778 -116.453058 
5.230346 -2.499436 -110.749446 
5.235347 -2.496109 -114.551854 
5.240347 -2.489800 -120.255466 
5.245347 -2.480519 -112.650650 
5.250347 -2.468275 -118.354262 
5.255348 -2.453084 -120.255466 
5.260348 -2.434962 -125.959079 
5.265348 -2.413932 -127.860283 
5.270349 -2.390020 -122.156670 
5.275349 -2.363253 -122.156670 
5.280349 -2.333665 -125.959079 
5.285349 -2.301291 -125.959079 
5.290349 -2.266168 -122.156670 
5.295350 -2.228340 -124.057875 
5.300350 -2.187850 -125.959079 
5.305350 -2.144744 -127.860283 
5.310350 -2.099078 -129.761487 
5.315351 -2.050907 -127.860283 
5.320351 -2.000285 -127.860283 
5.325351 -1.947276 -125.959079 
5.330351 -1.891941 -120.255466 
5.335351 -1.834349 -120.255466 
5.340352 -1.774565 -118.354262 
5.345352 -1.712663 -118.354262 
5.350352 -1.648710 -116.453058 
5.355353 -1.582791 -120.255466 
5.360353 -1.514981 -116.453058 
5.365353 -1.445364 -122.156670 
5.370353 -1.374019 -112.650650 
5.375354 -1.301033 -114.551854 
5.380354 -1.226497 -112.650650 
5.385354 -1.150495 -105.045833 
5.390354 -1.073120 -114.551854 
5.395354 -0.994458 -110.749446 
5.400355 -0.914607 -103.144629 
5.405369 -0.833449 -108.848241 
5.410369 -0.751511 -93.638608 
5.415369 -0.668678 -105.045833 
5.420369 -0.585046 -95.539812 
5.425369 -0.500716 -87.934996 
5.430369 -0.415791 -89.836200 
5.435370 -0.330366 -93.638608 
5.440370 -0.244548 -86.033792 
5.445370 -0.158436 -82.231383 
5.450370 -0.072133 -78.428975 
5.455370 0.014252 -76.527771 
5.460370 0.100621 -70.824158 
5.465371 0.186876 -72.725362 
5.470371 0.272906 -68.922954 
5.475372 0.358609 -61.318138 
5.480372 0.443883 -57.515729 
5.485372 0.528627 -65.120546 
5.490373 0.612742 -55.614525 
5.495373 0.696123 -44.207300 
5.500373 0.778673 -36.602484 
5.505374 0.860293 -13.788034 
5.510374 0.940883 5.224008 
5.515374 1.020354 14.730028 
5.520374 1.098603 20.433641 
5.525374 1.175538 31.840866 
5.530375 1.251069 26.137253 
5.535375 1.325107 31.840866 
5.540375 1.397562 35.643274 
5.545375 1.468350 37.544478 
5.550375 1.537385 37.544478 
5.555375 1.604583 45.149295 
5.560376 1.669868 47.050499 
5.565376 1.733157 47.050499 
5.570376 1.794373 48.951703 
5.575376 1.853449 50.852907 
5.580377 1.910310 50.852907 
5.585377 1.964891 64.161336 
5.590377 2.017125 73.667357 
5.595377 2.066949 81.272174 
5.600377 2.114305 81.272174 
5.605377 2.159136 77.469765 
5.610377 2.201389 86.975786 
5.615378 2.241016 85.074582 
5.620378 2.277966 86.975786 
5.625379 2.312195 88.876990 
5.630379 2.343662 85.074582 
5.635379 2.372330 94.580603 
5.640379 2.398165 90.778195 
5.645380 2.421135 100.284215 
5.650380 2.441215 100.284215 
5.655380 2.458379 104.086624 
5.660380 2.472607 109.790236 
5.665382 2.483886 107.889032 
5.670382 2.492195 111.691440 
5.675382 2.497527 111.691440 
5.680383 2.499877 113.592644 
5.685383 2.499241 115.493849 
5.690383 2.495621 119.296257 
5.695383 2.489021 111.691440 
5.700383 2.479448 111.691440 
5.705383 2.466915 117.395053 
5.710386 2.451427 115.493849 
5.715386 2.433019 111.691440 
5.720386 2.411705 121.197461 
5.725387 2.387509 113.592644 
5.730387 2.360463 124.999869 
5.735387 2.330598 124.999869 
5.740388 2.297950 128.802278 
5.745388 2.262557 121.197461 
5.750388 2.224463 117.395053 
5.755388 2.183714 123.098665 
5.760388 2.140356 121.197461 
5.765389 2.094442 121.197461 
5.770395 2.045971 115.493849 
5.775395 1.995109 123.098665 
5.780395 1.941867 117.395053 
5.785395 1.886305 111.691440 
5.790395 1.828491 123.098665 
5.795395 1.768489 115.493849 
5.800396 1.706379 121.197461 
5.805396 1.642229 117.395053 
5.810396 1.576117 119.296257 
5.815396 1.508127 115.493849 
5.820396 1.438335 111.691440 
5.825397 1.366826 107.889032 
5.830397 1.293684 107.889032 
5.835397 1.218998 109.790236 
5.840397 1.142856 102.185419 
5.845397 1.065343 98.383011 
5.850398 0.986556 104.086624 
5.855398 0.906597 104.086624 
5.860398 0.825554 96.481807 
5.865399 0.743525 100.284215 
5.870399 0.660610 100.284215 
5.875399 0.576907 92.679399 
5.880399 0.492514 94.580603 
5.885399 0.407535 83.173378 
5.890399 0.322070 85.074582 
5.895400 0.236218 79.370970 
5.900400 0.150083 81.272174 
5.905400 0.063762 73.667357 
5.910401 -0.022631 69.864949 
5.915401 -0.108994 67.963745 
5.920401 -0.195229 64.161336 
5.925402 -0.281230 62.260132 
5.930402 -0.366894 56.556520 
5.935402 -0.452120 50.852907 
5.940402 -0.536804 48.951703 
5.945402 -0.620845 45.149295 
5.950402 -0.704149 41.346887 
5.955402 -0.786609 31.840866 
5.960402 -0.868131 35.643274 
5.965402 -0.948616 24.236049 
5.970403 -1.027968 3.322804 
5.975403 -1.106092 -0.479605 
5.980403 -1.182897 -23.294055 
5.985403 -1.258288 -23.294055 
5.990403 -1.332175 -28.997667 
5.995404 -1.404480 -32.800075 
