0.000000 0.000008 -1.829661 
0.005001 0.098165 1.972747 
0.010001 0.196165 3.873951 
0.015001 0.293863 -1.829661 
0.020001 0.391107 0.071543 
0.025001 0.487749 3.873951 
0.030001 0.583638 -5.632069 
0.035001 0.678629 1.972747 
0.040002 0.772574 3.873951 
0.045002 0.865328 -1.829661 
0.050002 0.956747 0.071543 
0.055002 1.046694 0.071543 
0.060003 1.135023 0.071543 
0.065003 1.221603 1.972747 
0.070003 1.306300 3.873951 
0.075003 1.388981 -1.829661 
0.080004 1.469520 7.676360 
0.085004 1.547792 20.984789 
0.090004 1.623677 22.885993 
0.095004 1.697060 32.392014 
0.100004 1.767825 36.194422 
0.105004 1.835864 49.502851 
0.110004 1.901072 38.095626 
0.115005 1.963351 41.898035 
0.120005 2.022600 51.404055 
0.125005 2.078732 55.206464 
0.130005 2.131657 68.514893 
0.135006 2.181299 60.910076 
0.140006 2.227573 66.613688 
0.145007 2.270415 68.514893 
0.150007 2.309753 68.514893 
0.155007 2.345529 72.317301 
0.160008 2.377688 83.724526 
0.165008 2.406181 78.020913 
0.170008 2.430962 76.119709 
0.175008 2.451995 81.823322 
0.180008 2.469247 83.724526 
0.185009 2.482691 83.724526 
0.190009 2.492307 93.230547 
0.195009 2.498080 93.230547 
0.200010 2.500000 95.131751 
0.205010 2.498065 97.032955 
0.210010 2.492277 95.131751 
0.215011 2.482647 93.230547 
0.220011 2.469187 98.934159 
0.225011 2.451921 98.934159 
0.230011 2.430873 104.637772 
0.235012 2.406076 104.637772 
0.240012 2.377569 98.934159 
0.245012 2.345397 97.032955 
0.250012 2.309608 102.736567 
0.255012 2.270257 100.835363 
0.260012 2.227407 98.934159 
0.265028 2.180967 106.538976 
0.270028 2.131308 104.637772 
0.275029 2.078362 104.637772 
0.280029 2.022210 106.538976 
0.285029 1.962942 97.032955 
0.290029 1.900645 104.637772 
0.295029 1.835418 102.736567 
0.300029 1.767361 98.934159 
0.305029 1.696579 97.032955 
0.310038 1.623048 104.637772 
0.315038 1.547143 104.637772 
0.320039 1.468850 93.230547 
0.325039 1.388292 93.230547 
0.330039 1.305595 97.032955 
0.335039 1.220887 91.329342 
0.340039 1.134292 85.625730 
0.345039 1.045950 91.329342 
0.350039 0.955996 87.526934 
0.355039 0.864567 85.625730 
0.360039 0.771805 85.625730 
0.365040 0.677853 79.922118 
0.370040 0.582854 83.724526 
0.375040 0.486950 76.119709 
0.380041 0.390299 74.218505 
0.385041 0.293040 70.416097 
0.390041 0.195335 59.008872 
0.395042 0.097331 60.910076 
0.400042 -0.000821 51.404055 
0.405042 -0.098972 51.404055 
0.410042 -0.196972 45.700443 
0.415042 -0.294670 41.898035 
0.420042 -0.391910 34.293218 
0.425043 -0.488556 36.194422 
0.430043 -0.584440 28.589605 
0.435044 -0.679429 26.688401 
0.440044 -0.773366 19.083585 
0.445044 -0.866109 13.379972 
0.450044 -0.957516 1.972747 
0.455045 -1.047445 3.873951 
0.460045 -1.135758 3.873951 
0.465045 -1.222321 -13.236886 
0.470045 -1.306998 -13.236886 
0.475045 -1.389660 -13.236886 
0.480045 -1.470181 -15.138090 
0.485045 -1.548433 -24.644111 
0.490045 -1.624298 -32.248927 
0.495046 -1.697662 -39.853744 
0.500046 -1.768410 -55.063377 
0.505047 -1.836429 -56.964581 
0.510047 -1.901613 -62.668194 
0.515047 -1.963865 -60.766990 
0.520047 -2.023087 -66.470602 
0.525047 -2.079190 -70.273010 
0.530047 -2.132087 -77.877827 
0.535049 -2.181706 -83.581439 
0.540049 -2.227952 -85.482644 
0.545049 -2.270762 -81.680235 
0.550049 -2.310069 -87.383848 
0.555049 -2.345814 -85.482644 
0.560050 -2.377942 -100.692277 
0.565050 -2.406403 -93.087460 
0.570050 -2.431153 -108.297093 
0.575050 -2.452155 -106.395889 
0.580050 -2.469375 -110.198298 
0.585051 -2.482788 -112.099502 
0.590051 -2.492372 -115.901910 
0.595052 -2.498113 -117.803114 
0.600053 -2.500000 -125.407931 
0.605053 -2.498031 -125.407931 
0.610053 -2.492211 -129.210339 
0.615053 -2.482547 -129.210339 
0.620054 -2.469056 -125.407931 
0.625054 -2.451756 -125.407931 
0.630055 -2.430674 -131.111543 
0.635055 -2.405845 -136.815156 
0.640055 -2.377306 -136.815156 
0.645056 -2.345100 -131.111543 
0.650056 -2.309279 -133.012747 
0.655056 -2.269897 -146.321176 
0.660056 -2.227016 -140.617564 
0.665056 -2.180700 -140.617564 
0.670057 -2.131020 -148.222381 
0.675057 -2.078053 -144.419972 
0.680057 -2.021884 -138.716360 
0.685057 -1.962598 -144.419972 
0.690057 -1.900285 -144.419972 
0.695057 -1.835042 -142.518768 
0.700057 -1.766970 -144.419972 
0.705058 -1.696171 -146.321176 
0.710058 -1.622758 -146.321176 
0.715058 -1.546843 -131.111543 
0.720058 -1.468543 -129.210339 
0.725058 -1.387979 -125.407931 
0.730059 -1.305265 -123.506727 
0.735059 -1.220546 -127.309135 
0.740059 -1.133940 -121.605523 
0.745059 -1.045590 -114.000706 
0.750059 -0.955629 -115.901910 
0.755060 -0.864195 -117.803114 
0.760060 -0.771428 -108.297093 
0.765060 -0.677471 -112.099502 
0.770060 -0.582470 -114.000706 
0.775060 -0.486570 -110.198298 
0.780060 -0.389915 -104.494685 
0.785061 -0.292656 -100.692277 
0.790061 -0.194950 -106.395889 
0.795061 -0.096945 -102.593481 
0.800062 0.001210 -91.186256 
0.805062 0.099364 -83.581439 
0.810062 0.197363 -79.779031 
0.815062 0.295056 -79.779031 
0.820062 0.392296 -75.976623 
0.825063 0.488929 -77.877827 
0.830063 0.584810 -68.371806 
0.835063 0.679790 -62.668194 
0.840063 0.773719 -47.458561 
0.845064 0.866464 -30.347723 
0.850064 0.957869 -5.632069 
0.855064 1.047794 15.281176 
0.860064 1.136105 19.083585 
0.865065 1.222663 20.984789 
0.870065 1.307334 30.490810 
0.875065 1.389990 34.293218 
0.880066 1.470510 28.589605 
0.885066 1.548752 28.589605 
0.890066 1.624608 36.194422 
0.895066 1.697958 36.194422 
0.900067 1.768696 41.898035 
0.905067 1.836700 43.799239 
0.910067 1.901874 49.502851 
0.915068 1.964114 49.502851 
0.920068 2.023326 55.206464 
0.925068 2.079418 68.514893 
0.930069 2.132305 66.613688 
0.935069 2.181902 72.317301 
0.940069 2.228133 68.514893 
0.945069 2.270929 74.218505 
0.950070 2.310221 76.119709 
0.955070 2.345952 72.317301 
0.960070 2.378064 78.020913 
0.965070 2.406510 81.823322 
0.970070 2.431246 79.922118 
0.975070 2.452232 87.526934 
0.980070 2.469437 91.329342 
0.985071 2.482834 97.032955 
0.990071 2.492402 98.934159 
0.995071 2.498127 102.736567 
1.000072 2.500000 93.230547 
1.005072 2.498017 93.230547 
1.010072 2.492182 98.934159 
1.015073 2.482502 95.131751 
1.020073 2.468995 98.934159 
1.025074 2.451680 104.637772 
1.030074 2.430585 112.242588 
1.035074 2.405741 110.341384 
1.040075 2.377188 106.538976 
1.045075 2.344970 102.736567 
1.050075 2.309134 106.538976 
1.055075 2.269739 106.538976 
1.060075 2.226844 114.143792 
1.065076 2.180514 116.044996 
1.070076 2.130823 110.341384 
1.075076 2.077841 108.440180 
1.080077 2.021657 104.637772 
1.085077 1.962355 100.835363 
1.090077 1.900026 110.341384 
1.095078 1.834770 114.143792 
1.100078 1.766686 110.341384 
1.105078 1.695878 108.440180 
1.110078 1.622455 106.538976 
1.115078 1.546530 104.637772 
1.120078 1.468219 98.934159 
1.125079 1.387636 100.835363 
1.130079 1.304919 97.032955 
1.135080 1.220187 100.835363 
1.140080 1.133580 98.934159 
1.145080 1.045223 91.329342 
1.150080 0.955254 95.131751 
1.155080 0.863811 95.131751 
1.160080 0.771039 81.823322 
1.165081 0.677076 91.329342 
1.170081 0.582067 85.625730 
1.175082 0.486154 87.526934 
1.180082 0.389496 78.020913 
1.185082 0.292239 74.218505 
1.190082 0.194533 74.218505 
1.195083 0.096525 60.910076 
1.200083 -0.001638 68.514893 
1.205084 -0.099796 59.008872 
1.210084 -0.197798 51.404055 
1.215084 -0.295491 51.404055 
1.220085 -0.392727 51.404055 
1.225085 -0.489359 39.996830 
1.230085 -0.585234 43.799239 
1.235085 -0.680209 34.293218 
1.240085 -0.774137 28.589605 
1.245086 -0.866869 26.688401 
1.250086 -0.958263 15.281176 
1.255086 -1.048192 20.984789 
1.260087 -1.136496 11.478768 
1.265087 -1.223047 5.775156 
1.270087 -1.307709 -9.434478 
1.275088 -1.390362 -9.434478 
1.280088 -1.470867 -26.545315 
1.285089 -1.549104 -36.051336 
1.290089 -1.624950 -41.754948 
1.295089 -1.698289 -43.656152 
1.300090 -1.769013 -55.063377 
1.305090 -1.837005 -58.865786 
1.310090 -1.902165 -55.063377 
1.315103 -1.964543 -60.766990 
1.320103 -2.023731 -66.470602 
1.325103 -2.079802 -72.174215 
1.330104 -2.132667 -72.174215 
1.335104 -2.182240 -75.976623 
1.340104 -2.228447 -85.482644 
1.345105 -2.271223 -85.482644 
1.350106 -2.310494 -94.988664 
1.355107 -2.346203 -89.285052 
1.360107 -2.378290 -93.087460 
1.365107 -2.406710 -96.889869 
1.370108 -2.431418 -102.593481 
1.375160 -2.452575 -96.889869 
1.380160 -2.469712 -98.791073 
1.385161 -2.483040 -110.198298 
1.390161 -2.492540 -110.198298 
1.395161 -2.498195 -112.099502 
1.400162 -2.499998 -115.901910 
1.405238 -2.497885 -121.605523 
1.410238 -2.491922 -121.605523 
1.415239 -2.482116 -125.407931 
1.420239 -2.468482 -123.506727 
1.425239 -2.451042 -121.605523 
1.430240 -2.429822 -125.407931 
1.435240 -2.404855 -131.111543 
1.440240 -2.376179 -123.506727 
1.445241 -2.343839 -131.111543 
1.450241 -2.307885 -133.012747 
1.455241 -2.268372 -131.111543 
1.460241 -2.225360 -136.815156 
1.465242 -2.178917 -133.012747 
1.470242 -2.129116 -133.012747 
1.475242 -2.076031 -138.716360 
1.480242 -2.019746 -131.111543 
1.485242 -1.960345 -131.111543 
1.490242 -1.897920 -133.012747 
1.495250 -1.832472 -136.815156 
1.500250 -1.764293 -136.815156 
1.505250 -1.693393 -136.815156 
1.510250 -1.619880 -138.716360 
1.515250 -1.543871 -129.210339 
1.520250 -1.465481 -133.012747 
1.525251 -1.384832 -131.111543 
1.530251 -1.302047 -127.309135 
1.535251 -1.217254 -129.210339 
1.540251 -1.130585 -129.210339 
1.545251 -1.042172 -121.605523 
1.550251 -0.952154 -121.605523 
1.555257 -0.860553 -123.506727 
1.560257 -0.767736 -125.407931 
1.565257 -0.673737 -114.000706 
1.570258 -0.578694 -112.099502 
1.575258 -0.482762 -102.593481 
1.580258 -0.386086 -91.186256 
1.585258 -0.288810 -89.285052 
1.590258 -0.191091 -85.482644 
1.595258 -0.093078 -85.482644 
1.600259 0.005078 -83.581439 
1.605259 0.103225 -75.976623 
1.610259 0.201215 -83.581439 
1.615259 0.298897 -72.174215 
1.620259 0.396116 -72.174215 
1.625259 0.492722 -72.174215 
1.630260 0.588569 -64.569398 
1.635260 0.683509 -55.063377 
1.640260 0.777394 -47.458561 
1.645260 0.870080 -36.051336 
1.650260 0.961429 -7.533273 
1.655261 1.051294 9.577564 
1.660261 1.139538 26.688401 
1.665261 1.226025 28.589605 
1.670261 1.310620 24.787197 
1.675262 1.393195 28.589605 
1.680262 1.473622 34.293218 
1.685263 1.551781 28.589605 
1.690269 1.627631 36.194422 
1.695269 1.700877 36.194422 
1.700269 1.771501 36.194422 
1.705269 1.839394 51.404055 
1.710270 1.904451 55.206464 
1.715270 1.966570 53.305259 
1.720270 2.025657 55.206464 
1.725271 2.081621 55.206464 
1.730271 2.134373 68.514893 
1.735271 2.183833 64.712484 
1.740271 2.229926 76.119709 
1.745271 2.272581 79.922118 
1.750271 2.311731 76.119709 
1.755271 2.347318 81.823322 
1.760272 2.379284 85.625730 
1.765289 2.407674 81.823322 
1.770290 2.432247 83.724526 
1.775290 2.453068 81.823322 
1.780294 2.470119 97.032955 
1.785295 2.483345 100.835363 
1.790295 2.492741 106.538976 
1.795295 2.498294 98.934159 
1.800296 2.499993 106.538976 
1.805296 2.497838 110.341384 
1.810296 2.491830 98.934159 
1.815297 2.481980 102.736567 
1.820297 2.468302 110.341384 
1.825297 2.450818 102.736567 
1.830297 2.429555 106.538976 
1.835298 2.404545 112.242588 
1.840298 2.375827 116.044996 
1.845298 2.343446 116.044996 
1.850298 2.307451 114.143792 
1.855298 2.267899 102.736567 
1.860299 2.224848 106.538976 
1.865299 2.178367 104.637772 
1.870299 2.128528 119.847405 
1.875299 2.075407 114.143792 
1.880299 2.019084 112.242588 
1.885299 1.959647 108.440180 
1.890300 1.897189 108.440180 
1.895300 1.831805 114.143792 
1.900300 1.763595 108.440180 
1.905300 1.692667 108.440180 
1.910300 1.619130 106.538976 
1.915301 1.543095 110.341384 
1.920301 1.464682 106.538976 
1.925301 1.384009 97.032955 
1.930301 1.301202 108.440180 
1.935301 1.216388 104.637772 
1.940301 1.129702 98.934159 
1.945302 1.041268 102.736567 
1.950302 0.951229 93.230547 
1.955302 0.859725 89.428138 
1.960302 0.766893 91.329342 
1.965302 0.672883 83.724526 
1.970303 0.577832 91.329342 
1.975303 0.481893 83.724526 
1.980303 0.385211 78.020913 
1.985303 0.287933 74.218505 
1.990303 0.190210 79.922118 
1.995303 0.092195 74.218505 
2.000304 -0.005961 64.712484 
2.005304 -0.104108 68.514893 
2.010304 -0.202094 66.613688 
2.015304 -0.299768 57.107668 
2.020304 -0.396983 53.305259 
2.025304 -0.493585 51.404055 
2.030304 -0.589425 41.898035 
2.035305 -0.684357 41.898035 
2.040306 -0.778260 38.095626 
2.045306 -0.870936 34.293218 
2.050307 -0.962268 32.392014 
2.055307 -1.052115 20.984789 
2.060307 -1.140340 17.182381 
2.065307 -1.226811 3.873951 
2.070307 -1.311387 -13.236886 
2.075307 -1.393940 -24.644111 
2.080308 -1.474345 -36.051336 
2.085308 -1.552478 -37.952540 
2.090308 -1.628215 -39.853744 
2.095308 -1.701442 -45.557356 
2.100308 -1.772045 -45.557356 
2.105309 -1.839915 -49.359765 
2.110309 -1.904947 -53.162173 
2.115309 -1.967041 -51.260969 
2.120309 -2.026103 -60.766990 
2.125309 -2.082041 -64.569398 
2.130309 -2.134768 -68.371806 
2.135309 -2.184203 -75.976623 
2.140310 -2.230271 -77.877827 
2.145310 -2.272900 -79.779031 
2.150310 -2.312022 -81.680235 
2.155310 -2.347579 -87.383848 
2.160310 -2.379517 -85.482644 
2.165310 -2.407785 -93.087460 
2.170311 -2.432341 -96.889869 
2.175311 -2.453146 -94.988664 
2.180311 -2.470168 -102.593481 
2.185311 -2.483382 -104.494685 
2.190311 -2.492766 -104.494685 
2.195311 -2.498305 -110.198298 
2.200312 -2.499993 -114.000706 
2.205312 -2.497825 -112.099502 
2.210312 -2.491805 -117.803114 
2.215312 -2.481943 -114.000706 
2.220312 -2.468254 -121.605523 
2.225313 -2.450758 -121.605523 
2.230313 -2.429482 -125.407931 
2.235313 -2.404461 -129.210339 
2.240313 -2.375733 -123.506727 
2.245313 -2.343341 -127.309135 
2.250314 -2.307335 -129.210339 
2.255314 -2.267772 -127.309135 
2.260314 -2.224711 -125.407931 
2.265314 -2.178221 -133.012747 
2.270314 -2.128372 -131.111543 
2.275314 -2.075239 -127.309135 
2.280314 -2.018907 -129.210339 
2.285315 -1.959462 -133.012747 
2.290315 -1.896995 -127.309135 
2.295315 -1.831602 -129.210339 
2.300315 -1.763385 -123.506727 
2.305315 -1.692449 -129.210339 
2.310316 -1.618902 -125.407931 
2.315316 -1.542859 -119.704318 
2.320316 -1.464437 -123.506727 
2.325316 -1.383759 -127.309135 
2.330316 -1.300947 -127.309135 
2.335317 -1.216127 -115.901910 
2.340317 -1.129429 -119.704318 
2.345317 -1.040990 -119.704318 
2.350317 -0.950946 -115.901910 
2.355318 -0.859437 -112.099502 
2.360318 -0.766606 -114.000706 
2.365318 -0.672591 -114.000706 
2.370318 -0.577540 -112.099502 
2.375318 -0.481598 -110.198298 
2.380318 -0.384912 -106.395889 
2.385318 -0.287632 -102.593481 
2.390319 -0.189909 -96.889869 
2.395319 -0.091894 -104.494685 
2.400319 0.006262 -96.889869 
2.405319 0.104416 -87.383848 
2.410320 0.202411 -81.680235 
2.415320 0.300088 -74.075419 
2.420321 0.397302 -68.371806 
2.425321 0.493902 -58.865786 
2.430321 0.589740 -56.964581 
2.435321 0.684667 -55.063377 
2.440321 0.778538 -39.853744 
2.445321 0.871209 -22.742907 
2.450321 0.962534 -7.533273 
2.455322 1.052388 9.577564 
2.460322 1.140611 22.885993 
2.465323 1.227076 19.083585 
2.470323 1.311648 24.787197 
2.475323 1.394196 34.293218 
2.480323 1.474592 28.589605 
2.485323 1.552715 34.293218 
2.490323 1.628443 39.996830 
2.495324 1.701669 45.700443 
2.500325 1.772268 38.095626 
2.505325 1.840131 41.898035 
2.510325 1.905157 43.799239 
2.515326 1.967243 51.404055 
2.520326 2.026296 57.107668 
2.525326 2.082222 59.008872 
2.530326 2.134938 68.514893 
2.535326 2.184361 72.317301 
2.540327 2.230420 72.317301 
2.545327 2.273038 72.317301 
2.550327 2.312151 79.922118 
2.555327 2.347696 83.724526 
2.560328 2.379622 85.625730 
2.565328 2.407879 89.428138 
2.570328 2.432422 95.131751 
2.575329 2.453215 87.526934 
2.580329 2.470223 91.329342 
2.585329 2.483423 102.736567 
2.590329 2.492792 98.934159 
2.595329 2.498318 93.230547 
2.600330 2.499992 97.032955 
2.605330 2.497810 104.637772 
2.610330 2.491777 106.538976 
2.615330 2.481901 110.341384 
2.620330 2.468199 112.242588 
2.625330 2.450690 114.143792 
2.630331 2.429401 108.440180 
2.635331 2.404366 114.143792 
2.640331 2.375624 110.341384 
2.645332 2.343217 110.341384 
2.650332 2.307196 114.143792 
2.655332 2.267618 116.044996 
2.660333 2.224543 117.946201 
2.665333 2.178037 116.044996 
2.670333 2.128175 112.242588 
2.675333 2.075032 114.143792 
2.680333 2.018688 114.143792 
2.685333 1.959232 110.341384 
2.690334 1.896754 114.143792 
2.695334 1.831351 116.044996 
2.700334 1.763119 110.341384 
2.705334 1.692175 114.143792 
2.710334 1.618620 114.143792 
2.715334 1.542572 110.341384 
2.720335 1.464141 106.538976 
2.725335 1.383452 104.637772 
2.730335 1.300630 98.934159 
2.735335 1.215805 102.736567 
2.740335 1.129105 98.934159 
2.745335 1.040665 97.032955 
2.750336 0.950608 100.835363 
2.755340 0.859017 97.032955 
2.760341 0.766179 98.934159 
2.765341 0.672151 97.032955 
2.770342 0.577089 97.032955 
2.775342 0.481138 91.329342 
2.780342 0.384448 87.526934 
2.785342 0.287168 83.724526 
2.790343 0.189435 74.218505 
2.795343 0.091418 70.416097 
2.800343 -0.006743 72.317301 
2.805344 -0.104893 74.218505 
2.810344 -0.202879 68.514893 
2.815344 -0.300552 62.811280 
2.820344 -0.397760 62.811280 
2.825344 -0.494354 57.107668 
2.830344 -0.590187 53.305259 
2.835345 -0.685111 47.601647 
2.840345 -0.778977 49.502851 
2.845345 -0.871641 39.996830 
2.850345 -0.962962 34.293218 
2.855345 -1.052797 24.787197 
2.860345 -1.141010 7.676360 
2.865345 -1.227462 -15.138090 
2.870345 -1.312022 -24.644111 
2.875345 -1.394559 -20.841702 
2.880346 -1.474952 -32.248927 
2.885346 -1.553069 -32.248927 
2.890347 -1.628789 -43.656152 
2.895347 -1.701996 -45.557356 
2.900347 -1.772578 -41.754948 
2.905347 -1.840427 -43.656152 
2.910347 -1.905437 -55.063377 
2.915348 -1.967509 -60.766990 
2.920348 -2.026550 -60.766990 
2.925348 -2.082467 -64.569398 
2.930348 -2.135168 -68.371806 
2.935349 -2.184576 -72.174215 
2.940349 -2.230622 -75.976623 
2.945350 -2.273225 -79.779031 
2.950350 -2.312321 -77.877827 
2.955350 -2.347851 -83.581439 
2.960351 -2.379761 -89.285052 
2.965351 -2.407999 -89.285052 
2.970351 -2.432525 -93.087460 
2.975351 -2.453300 -93.087460 
2.980351 -2.470291 -100.692277 
2.985351 -2.483473 -110.198298 
2.990352 -2.492825 -104.494685 
2.995352 -2.498334 -108.297093 
3.000352 -2.499990 -117.803114 
3.005352 -2.497791 -117.803114 
3.010353 -2.491741 -117.803114 
3.015353 -2.481847 -117.803114 
3.020353 -2.468127 -114.000706 
3.025353 -2.450601 -119.704318 
3.030353 -2.429296 -123.506727 
3.035353 -2.404245 -125.407931 
3.040354 -2.375487 -129.210339 
3.045354 -2.343066 -127.309135 
3.050354 -2.307031 -121.605523 
3.055354 -2.267440 -125.407931 
3.060354 -2.224349 -125.407931 
3.065354 -2.177830 -125.407931 
3.070355 -2.127954 -127.309135 
3.075355 -2.074796 -119.704318 
3.080355 -2.018438 -121.605523 
3.085355 -1.958968 -119.704318 
3.090355 -1.896478 -129.210339 
3.095355 -1.831064 -129.210339 
3.100355 -1.762826 -127.309135 
3.105356 -1.691868 -121.605523 
3.110356 -1.618302 -117.803114 
3.115356 -1.542241 -117.803114 
3.120356 -1.463802 -125.407931 
3.125356 -1.383107 -125.407931 
3.130357 -1.300268 -123.506727 
3.135357 -1.215431 -117.803114 
3.140359 -1.128698 -117.803114 
3.145359 -1.040249 -112.099502 
3.150359 -0.950196 -114.000706 
3.155359 -0.858674 -115.901910 
3.160359 -0.765830 -106.395889 
3.165359 -0.671807 -106.395889 
3.170360 -0.576745 -102.593481 
3.175360 -0.480795 -100.692277 
3.180360 -0.384105 -108.297093 
3.185360 -0.286821 -102.593481 
3.190360 -0.189096 -100.692277 
3.195360 -0.091078 -102.593481 
3.200361 0.007080 -93.087460 
3.205361 0.105228 -91.186256 
3.210361 0.203213 -87.383848 
3.215361 0.300883 -83.581439 
3.220361 0.398091 -68.371806 
3.225361 0.494685 -68.371806 
3.230362 0.590517 -55.063377 
3.235362 0.685436 -49.359765 
3.240362 0.779305 -41.754948 
3.245363 0.871972 -20.841702 
3.250363 0.963291 -7.533273 
3.255363 1.053125 3.873951 
3.260363 1.141331 13.379972 
3.265364 1.227777 19.083585 
3.270364 1.312330 22.885993 
3.275364 1.394858 20.984789 
3.280364 1.475238 28.589605 
3.285364 1.553343 34.293218 
3.290364 1.629054 38.095626 
3.295365 1.702253 36.194422 
3.300365 1.772825 39.996830 
3.305365 1.840662 49.502851 
3.310365 1.905660 51.404055 
3.315365 1.967727 57.107668 
3.320366 2.026757 53.305259 
3.325366 2.082659 59.008872 
3.330366 2.135350 51.404055 
3.335367 2.184748 68.514893 
3.340367 2.230776 72.317301 
3.345367 2.273364 76.119709 
3.350367 2.312447 79.922118 
3.355368 2.347967 83.724526 
3.360368 2.379865 83.724526 
3.365368 2.408092 85.625730 
3.370369 2.432605 95.131751 
3.375369 2.453366 87.526934 
3.380369 2.470344 91.329342 
3.385369 2.483513 98.934159 
3.390369 2.492852 106.538976 
3.395370 2.498347 102.736567 
3.400370 2.499989 106.538976 
3.405370 2.497777 97.032955 
3.410370 2.491713 100.835363 
3.415370 2.481806 106.538976 
3.420371 2.468072 110.341384 
3.425371 2.450532 104.637772 
3.430371 2.429214 108.440180 
3.435371 2.404149 110.341384 
3.440371 2.375378 114.143792 
3.445371 2.342944 110.341384 
3.450372 2.306897 119.847405 
3.455372 2.267293 114.143792 
3.460372 2.224193 116.044996 
3.465372 2.177664 114.143792 
3.470372 2.127776 121.748609 
3.475372 2.074606 114.143792 
3.480372 2.018238 114.143792 
3.485372 1.958758 108.440180 
3.490372 1.896258 114.143792 
3.495372 1.830834 112.242588 
3.500373 1.762586 110.341384 
3.505373 1.691621 108.440180 
3.510373 1.618047 114.143792 
3.515373 1.541978 108.440180 
3.520373 1.463533 102.736567 
3.525373 1.382828 108.440180 
3.530373 1.299991 116.044996 
3.535373 1.215151 110.341384 
3.540373 1.128437 102.736567 
3.545374 1.039978 100.835363 
3.550374 0.949915 97.032955 
3.555375 0.858386 100.835363 
3.560375 0.765536 98.934159 
3.565375 0.671506 91.329342 
3.570376 0.576440 85.625730 
3.575376 0.480487 89.428138 
3.580376 0.383793 85.625730 
3.585376 0.286509 79.922118 
3.590376 0.188783 76.119709 
3.595376 0.090766 72.317301 
3.600376 -0.007393 76.119709 
3.605377 -0.105540 70.416097 
3.610377 -0.203523 68.514893 
3.615377 -0.301193 64.712484 
3.620377 -0.398398 64.712484 
3.625377 -0.494988 53.305259 
3.630377 -0.590816 53.305259 
3.635377 -0.685732 53.305259 
3.640378 -0.779592 49.502851 
3.645378 -0.872248 36.194422 
3.650378 -0.963560 38.095626 
3.655378 -1.053385 26.688401 
3.660378 -1.141586 1.972747 
3.665378 -1.228027 -7.533273 
3.670378 -1.312574 -17.039294 
3.675378 -1.395099 -30.347723 
3.680379 -1.475471 -34.150132 
3.685379 -1.553567 -30.347723 
3.690379 -1.629269 -39.853744 
3.695379 -1.702460 -37.952540 
3.700379 -1.773024 -45.557356 
3.705379 -1.840854 -43.656152 
3.710379 -1.905845 -45.557356 
3.715379 -1.967897 -55.063377 
3.720380 -2.026916 -62.668194 
3.725380 -2.082809 -66.470602 
3.730382 -2.135512 -68.371806 
3.735383 -2.184901 -70.273010 
3.740383 -2.230918 -77.877827 
3.745383 -2.273494 -79.779031 
3.750392 -2.312636 -79.779031 
3.755393 -2.348136 -83.581439 
3.760393 -2.380014 -87.383848 
3.765393 -2.408222 -94.988664 
3.770393 -2.432716 -91.186256 
3.775393 -2.453459 -100.692277 
3.780394 -2.470418 -104.494685 
3.785394 -2.483568 -110.198298 
3.790394 -2.492888 -110.198298 
3.795394 -2.498364 -110.198298 
3.800394 -2.499988 -115.901910 
3.805395 -2.497756 -114.000706 
3.810395 -2.491672 -110.198298 
3.815396 -2.481746 -114.000706 
3.820396 -2.467993 -115.901910 
3.825396 -2.450434 -115.901910 
3.830396 -2.429097 -115.901910 
3.835396 -2.404014 -115.901910 
3.840396 -2.375224 -121.605523 
3.845397 -2.342772 -129.210339 
3.850397 -2.306705 -129.210339 
3.855397 -2.267081 -123.506727 
3.860398 -2.223961 -119.704318 
3.865398 -2.177414 -125.407931 
3.870398 -2.127508 -129.210339 
3.875398 -2.074322 -127.309135 
3.880398 -2.017937 -129.210339 
3.885398 -1.958440 -127.309135 
3.890398 -1.895925 -117.803114 
3.895399 -1.830485 -123.506727 
3.900399 -1.762223 -127.309135 
3.905399 -1.691243 -127.309135 
3.910399 -1.617656 -117.803114 
3.915399 -1.541575 -121.605523 
3.920399 -1.463111 -115.901910 
3.925400 -1.382390 -117.803114 
3.930400 -1.299538 -123.506727 
3.935400 -1.214686 -115.901910 
3.940401 -1.127960 -114.000706 
3.945401 -1.039494 -114.000706 
3.950401 -0.949424 -112.099502 
3.955402 -0.857890 -114.000706 
3.960402 -0.765035 -108.297093 
3.965402 -0.670997 -106.395889 
3.970402 -0.575928 -110.198298 
3.975403 -0.479966 -106.395889 
3.980403 -0.383267 -100.692277 
3.985403 -0.285976 -102.593481 
3.990403 -0.188248 -94.988664 
3.995404 -0.090231 -93.087460 
4.000404 0.007929 -91.186256 
4.005405 0.106091 -87.383848 
4.010405 0.204080 -85.482644 
4.015405 0.301749 -77.877827 
4.020406 0.398954 -74.075419 
4.025406 0.495542 -72.174215 
4.030406 0.591366 -58.865786 
4.035406 0.686276 -56.964581 
4.040407 0.780135 -39.853744 
4.045407 0.872789 -30.347723 
4.050408 0.964096 -13.236886 
4.055408 1.053916 9.577564 
4.060408 1.142112 15.281176 
4.065408 1.228545 22.885993 
4.070409 1.313082 30.490810 
4.075409 1.395592 24.787197 
4.080409 1.475951 22.885993 
4.085409 1.554034 36.194422 
4.090409 1.629721 36.194422 
4.095409 1.702895 36.194422 
4.100409 1.773442 49.502851 
4.105409 1.841255 47.601647 
4.110410 1.906228 53.305259 
4.115410 1.968262 59.008872 
4.120410 2.027260 60.910076 
4.125410 2.083135 62.811280 
4.130410 2.135796 64.712484 
4.135410 2.185163 62.811280 
4.140410 2.231161 76.119709 
4.145410 2.273719 76.119709 
4.150410 2.312771 74.218505 
4.155411 2.348257 87.526934 
4.160411 2.380122 83.724526 
4.165411 2.408316 89.428138 
4.170411 2.432796 83.724526 
4.175411 2.453526 93.230547 
4.180420 2.470498 95.131751 
4.185420 2.483628 106.538976 
4.190421 2.492928 106.538976 
4.195421 2.498383 112.242588 
4.200421 2.499986 108.440180 
4.205421 2.497734 110.341384 
4.210422 2.491630 108.440180 
4.215422 2.481684 104.637772 
4.220424 2.467904 108.440180 
4.225424 2.450324 106.538976 
4.230424 2.428966 112.242588 
4.235425 2.403862 114.143792 
4.240425 2.375051 114.143792 
4.245425 2.342578 119.847405 
4.250425 2.306492 117.946201 
4.255425 2.266850 119.847405 
4.260425 2.223712 123.649813 
4.265426 2.177141 116.044996 
4.270426 2.127214 119.847405 
4.275427 2.074008 116.044996 
4.280427 2.017600 116.044996 
4.285427 1.958086 114.143792 
4.290427 1.895553 116.044996 
4.295428 1.830097 112.242588 
4.300428 1.761817 106.538976 
4.305428 1.690823 114.143792 
4.310428 1.617219 112.242588 
4.315428 1.541125 114.143792 
4.320428 1.462651 110.341384 
4.325428 1.381924 110.341384 
4.330428 1.299065 108.440180 
4.335429 1.214204 100.835363 
4.340429 1.127463 108.440180 
4.345430 1.038983 102.736567 
4.350430 0.948906 95.131751 
4.355430 0.857363 100.835363 
4.360430 0.764501 97.032955 
4.365451 0.670065 89.428138 
4.370452 0.574988 89.428138 
4.375452 0.479024 87.526934 
4.380452 0.382322 85.625730 
4.385452 0.285028 83.724526 
4.390452 0.187297 76.119709 
4.395452 0.089277 78.020913 
4.400452 -0.008885 72.317301 
4.405453 -0.107029 66.613688 
4.410453 -0.205008 68.514893 
4.415453 -0.302680 68.514893 
4.420454 -0.399880 66.613688 
4.425454 -0.496464 53.305259 
4.430454 -0.592280 51.404055 
4.435454 -0.687180 51.404055 
4.440454 -0.781023 43.799239 
4.445455 -0.873661 45.700443 
4.450455 -0.964951 36.194422 
4.455455 -1.054751 17.182381 
4.460455 -1.142926 11.478768 
4.465455 -1.229340 -5.632069 
4.470455 -1.313857 -24.644111 
4.475455 -1.396348 -26.545315 
4.480455 -1.476686 -32.248927 
4.485455 -1.554747 -37.952540 
4.490456 -1.630412 -37.952540 
4.495456 -1.703561 -39.853744 
4.500456 -1.774084 -39.853744 
4.505456 -1.841871 -45.557356 
4.510456 -1.906818 -51.260969 
4.515456 -1.968824 -53.162173 
4.520456 -2.027797 -55.063377 
4.525457 -2.083642 -64.569398 
4.530457 -2.136275 -66.470602 
4.535457 -2.185613 -79.779031 
4.540458 -2.231581 -77.877827 
4.545458 -2.274107 -74.075419 
4.550458 -2.313126 -75.976623 
4.555458 -2.348578 -81.680235 
4.560459 -2.380408 -91.186256 
4.565459 -2.408569 -93.087460 
4.570464 -2.433038 -94.988664 
4.575465 -2.453728 -96.889869 
4.580465 -2.470633 -108.297093 
4.585465 -2.483729 -110.198298 
4.590465 -2.492994 -110.198298 
4.595466 -2.498415 -106.395889 
4.600466 -2.499983 -110.198298 
4.605466 -2.497696 -115.901910 
4.610466 -2.491558 -115.901910 
4.615467 -2.481577 -114.000706 
4.620467 -2.467769 -110.198298 
4.625467 -2.450156 -115.901910 
4.630468 -2.428765 -121.605523 
4.635468 -2.403628 -125.407931 
4.640468 -2.374784 -119.704318 
4.645468 -2.342279 -119.704318 
4.650469 -2.306162 -123.506727 
4.655469 -2.266487 -121.605523 
4.660469 -2.223318 -117.803114 
4.665469 -2.176721 -119.704318 
4.670470 -2.126766 -129.210339 
4.675470 -2.073534 -123.506727 
4.680470 -2.017103 -121.605523 
4.685470 -1.957562 -123.506727 
4.690471 -1.894998 -131.111543 
4.695471 -1.829515 -123.506727 
4.700471 -1.761211 -121.605523 
4.705472 -1.690189 -121.605523 
4.710472 -1.616563 -121.605523 
4.715472 -1.540445 -121.605523 
4.720472 -1.461951 -123.506727 
4.725472 -1.381204 -114.000706 
4.730485 -1.298112 -115.901910 
4.735485 -1.213227 -114.000706 
4.740486 -1.126473 -119.704318 
4.745486 -1.037981 -108.297093 
4.750488 -0.947840 -110.198298 
4.755489 -0.856286 -108.297093 
4.760489 -0.763409 -106.395889 
4.765489 -0.669355 -102.593481 
4.770489 -0.574271 -102.593481 
4.775489 -0.478299 -102.593481 
4.780489 -0.381590 -96.889869 
4.785490 -0.284289 -91.186256 
4.790490 -0.186549 -94.988664 
4.795490 -0.088525 -91.186256 
4.800491 0.009635 -93.087460 
4.805491 0.107778 -85.482644 
4.810491 0.205755 -79.779031 
4.815491 0.303415 -81.680235 
4.820491 0.400611 -72.174215 
4.825491 0.497185 -64.569398 
4.830492 0.592995 -64.569398 
4.835492 0.687890 -56.964581 
4.840492 0.781726 -47.458561 
4.845492 0.874355 -24.644111 
4.850492 0.965636 -13.236886 
4.855493 1.055429 5.775156 
4.860493 1.143596 19.083585 
4.865493 1.229997 15.281176 
4.870494 1.314504 22.885993 
4.875494 1.396982 28.589605 
4.880494 1.477307 22.885993 
4.885495 1.555353 30.490810 
4.890495 1.631001 39.996830 
4.895495 1.704133 34.293218 
4.900496 1.774637 43.799239 
4.905496 1.842402 39.996830 
4.910496 1.907325 55.206464 
4.915496 1.969309 55.206464 
4.920496 2.028256 55.206464 
4.925496 2.084074 68.514893 
4.930497 2.136679 64.712484 
4.935497 2.185989 70.416097 
4.940497 2.231929 76.119709 
4.945497 2.274427 74.218505 
4.950497 2.313419 76.119709 
4.955498 2.348843 79.922118 
4.960498 2.380644 83.724526 
4.965498 2.408775 81.823322 
4.970499 2.433191 85.625730 
4.975499 2.453855 97.032955 
4.980499 2.470735 97.032955 
4.985499 2.483804 106.538976 
4.990499 2.493044 102.736567 
4.995500 2.498438 104.637772 
5.000500 2.499981 106.538976 
5.005500 2.497668 108.440180 
5.010500 2.491504 110.341384 
5.015500 2.481497 108.440180 
5.020501 2.467664 112.242588 
5.025501 2.450027 102.736567 
5.030510 2.428567 106.538976 
5.035510 2.403399 108.440180 
5.040511 2.374525 112.242588 
5.045511 2.341989 114.143792 
5.050511 2.305842 123.649813 
5.055511 2.266139 112.242588 
5.060511 2.222941 121.748609 
5.065511 2.176316 121.748609 
5.070511 2.126336 114.143792 
5.075512 2.073076 116.044996 
5.080512 2.016621 119.847405 
5.085512 1.957054 114.143792 
5.090512 1.894469 112.242588 
5.095512 1.828965 114.143792 
5.100512 1.760640 110.341384 
5.105512 1.689599 104.637772 
5.110513 1.615954 110.341384 
5.115513 1.539815 112.242588 
5.120513 1.461301 110.341384 
5.125513 1.380533 106.538976 
5.130514 1.297637 108.440180 
5.135514 1.212741 110.341384 
5.140514 1.125976 102.736567 
5.145514 1.037476 104.637772 
5.150514 0.947375 104.637772 
5.155514 0.855815 98.934159 
5.160514 0.762930 91.329342 
5.165515 0.668871 89.428138 
5.170515 0.573780 93.230547 
5.175515 0.477806 87.526934 
5.180515 0.381095 85.625730 
5.185515 0.283797 83.724526 
5.190515 0.186059 79.922118 
5.195515 0.088035 78.020913 
5.200516 -0.010124 74.218505 
5.205516 -0.108269 68.514893 
5.210516 -0.206247 64.712484 
5.215516 -0.303906 64.712484 
5.220516 -0.401098 64.712484 
5.225517 -0.497670 59.008872 
5.230517 -0.593474 51.404055 
5.235517 -0.688362 45.700443 
5.240517 -0.782191 47.601647 
5.245517 -0.874813 45.700443 
5.250517 -0.966086 34.293218 
5.255517 -1.055868 17.182381 
5.260518 -1.144022 9.577564 
5.265518 -1.230412 -11.335682 
5.270518 -1.314906 -22.742907 
5.275518 -1.397369 -36.051336 
5.280518 -1.477681 -36.051336 
5.285518 -1.555714 -37.952540 
5.290518 -1.631348 -34.150132 
5.295519 -1.704465 -41.754948 
5.300519 -1.774954 -45.557356 
5.305519 -1.842707 -47.458561 
5.310519 -1.907620 -43.656152 
5.315519 -1.969590 -49.359765 
5.320519 -2.028521 -55.063377 
5.325520 -2.084326 -60.766990 
5.330520 -2.136915 -64.569398 
5.335520 -2.186210 -74.075419 
5.340520 -2.232135 -70.273010 
5.345520 -2.274618 -79.779031 
5.350521 -2.313592 -81.680235 
5.355521 -2.348998 -79.779031 
5.360521 -2.380781 -85.482644 
5.365521 -2.408894 -89.285052 
5.370521 -2.433293 -100.692277 
5.375521 -2.453939 -102.593481 
5.380521 -2.470801 -100.692277 
5.385521 -2.483854 -100.692277 
5.390521 -2.493076 -100.692277 
5.395522 -2.498454 -112.099502 
5.400522 -2.499979 -106.395889 
5.405522 -2.497649 -108.297093 
5.410522 -2.491468 -117.803114 
5.415522 -2.481444 -115.901910 
5.420529 -2.467575 -117.803114 
5.425529 -2.449915 -117.803114 
5.430529 -2.428477 -119.704318 
5.435530 -2.403295 -123.506727 
5.440530 -2.374407 -119.704318 
5.445530 -2.341857 -121.605523 
5.450530 -2.305696 -121.605523 
5.455530 -2.265981 -119.704318 
5.460530 -2.222771 -123.506727 
5.465530 -2.176133 -123.506727 
5.470530 -2.126140 -127.309135 
5.475531 -2.072868 -121.605523 
5.480531 -2.016397 -121.605523 
5.485531 -1.956818 -117.803114 
5.490531 -1.894222 -127.309135 
5.495532 -1.828704 -121.605523 
5.500532 -1.760367 -127.309135 
5.505532 -1.689314 -121.605523 
5.510532 -1.615657 -115.901910 
5.515532 -1.539510 -121.605523 
5.520533 -1.460990 -119.704318 
5.525533 -1.380217 -121.605523 
5.530533 -1.297315 -123.506727 
5.535533 -1.212413 -114.000706 
5.540533 -1.125642 -112.099502 
5.545533 -1.037134 -115.901910 
5.550533 -0.947024 -106.395889 
5.555534 -0.855455 -110.198298 
5.560534 -0.762569 -110.198298 
5.565534 -0.668506 -98.791073 
5.570534 -0.573411 -96.889869 
5.575534 -0.477432 -100.692277 
5.580534 -0.380719 -96.889869 
5.585534 -0.283419 -102.593481 
5.590535 -0.185682 -96.889869 
5.595535 -0.087658 -85.482644 
5.600535 0.010501 -87.383848 
5.605535 0.108643 -87.383848 
5.610535 0.206622 -81.680235 
5.615535 0.304279 -75.976623 
5.620535 0.401466 -72.174215 
5.625535 0.498034 -75.976623 
5.630536 0.593834 -66.470602 
5.635536 0.688721 -64.569398 
5.640536 0.782543 -41.754948 
5.645536 0.875159 -30.347723 
5.650536 0.966425 -17.039294 
5.655536 1.056203 1.972747 
5.660536 1.144350 9.577564 
5.665536 1.230732 19.083585 
5.670537 1.315218 26.688401 
5.675537 1.397677 22.885993 
5.680537 1.477979 38.095626 
5.685537 1.556001 28.589605 
5.690537 1.631625 36.194422 
5.695537 1.704732 45.700443 
5.700537 1.775211 45.700443 
5.705538 1.842960 49.502851 
5.710538 1.907861 57.107668 
5.715539 1.969823 53.305259 
5.720539 2.028744 53.305259 
5.725539 2.084536 60.910076 
5.730539 2.137113 59.008872 
5.735539 2.186395 66.613688 
5.740540 2.232310 74.218505 
5.745541 2.274782 78.020913 
5.750541 2.313743 79.922118 
5.755541 2.349135 81.823322 
5.760541 2.380904 81.823322 
5.765541 2.409002 85.625730 
5.770542 2.433387 87.526934 
5.775542 2.454018 87.526934 
5.780543 2.470865 98.934159 
5.785543 2.483901 97.032955 
5.790543 2.493107 97.032955 
5.795543 2.498469 112.242588 
5.800544 2.499977 106.538976 
5.805544 2.497630 112.242588 
5.810544 2.491432 112.242588 
5.815545 2.481391 116.044996 
5.820545 2.467524 114.143792 
5.825545 2.449852 108.440180 
5.830546 2.428401 108.440180 
5.835546 2.403205 110.341384 
5.840546 2.374303 108.440180 
5.845547 2.341741 114.143792 
5.850547 2.305568 114.143792 
5.855547 2.265839 121.748609 
5.860547 2.222617 114.143792 
5.865548 2.175965 121.748609 
5.870548 2.125956 117.946201 
5.875548 2.072671 114.143792 
5.880549 2.016192 117.946201 
5.885549 1.956603 114.143792 
5.890549 1.893996 116.044996 
5.895549 1.828471 114.143792 
5.900550 1.760117 117.946201 
5.905550 1.689056 112.242588 
5.910550 1.615392 114.143792 
5.915550 1.539237 112.242588 
5.920551 1.460702 102.736567 
5.925551 1.379917 98.934159 
5.930552 1.296995 106.538976 
5.935552 1.212080 102.736567 
5.940552 1.125301 104.637772 
5.945553 1.036779 102.736567 
5.950553 0.946661 102.736567 
5.955554 0.855086 95.131751 
5.960554 0.762192 93.230547 
5.965554 0.668122 93.230547 
5.970554 0.573025 93.230547 
5.975554 0.477045 87.526934 
5.980554 0.380329 91.329342 
5.985555 0.283027 79.922118 
5.990555 0.185288 79.922118 
5.995555 0.087264 79.922118 
