0.000001 0.000022 -8.377817 
0.005001 0.121718 -2.674204 
0.010001 0.243125 1.128204 
0.015002 0.363956 -10.279021 
0.020002 0.483919 -8.377817 
0.025002 0.602737 -0.773000 
0.030002 0.720126 -2.674204 
0.035003 0.835813 -8.377817 
0.040003 0.949513 -2.674204 
0.045003 1.060966 -2.674204 
0.050003 1.169900 -2.674204 
0.055004 1.276057 6.831816 
0.060004 1.379190 14.436633 
0.065004 1.479054 22.041450 
0.070004 1.575412 25.843858 
0.075004 1.668035 27.745062 
0.080004 1.756703 33.448674 
0.085005 1.841208 33.448674 
0.090005 1.921348 41.053491 
0.095005 1.996930 39.152287 
0.100005 2.067777 50.559512 
0.105006 2.133721 48.658308 
0.110006 2.194607 48.658308 
0.115006 2.250293 60.065533 
0.120006 2.300641 60.065533 
0.125006 2.345532 65.769145 
0.130007 2.384865 61.966737 
0.135007 2.418543 71.472757 
0.140007 2.446487 67.670349 
0.145007 2.468631 79.077574 
0.150007 2.484922 75.275166 
0.155008 2.495322 77.176370 
0.160008 2.499805 75.275166 
0.165008 2.498362 82.879982 
0.170008 2.490995 90.484799 
0.175008 2.477723 84.781187 
0.180008 2.458576 92.386003 
0.185008 2.433601 92.386003 
0.190009 2.402856 88.583595 
0.195009 2.366414 96.188411 
0.200009 2.324363 96.188411 
0.205009 2.276801 94.287207 
0.210009 2.223841 103.793228 
0.215009 2.165606 103.793228 
0.220009 2.102238 94.287207 
0.225010 2.033884 99.990820 
0.230010 1.960706 92.386003 
0.235011 1.882876 103.793228 
0.240011 1.800588 94.287207 
0.245011 1.714030 99.990820 
0.250011 1.623409 92.386003 
0.255012 1.528937 96.188411 
0.260012 1.430841 92.386003 
0.265012 1.329349 98.089616 
0.270013 1.224704 94.287207 
0.275013 1.117159 90.484799 
0.280013 1.006967 84.781187 
0.285014 0.894386 90.484799 
0.290014 0.779689 90.484799 
0.295014 0.663146 82.879982 
0.300014 0.545023 80.978778 
0.305014 0.425613 82.879982 
0.310014 0.305192 73.373962 
0.315015 0.184046 65.769145 
0.320015 0.062467 67.670349 
0.325015 -0.059260 63.867941 
0.330015 -0.180851 54.361920 
0.335015 -0.302011 52.460716 
0.340016 -0.422458 54.361920 
0.345016 -0.541901 50.559512 
0.350016 -0.660068 44.855899 
0.355016 -0.776658 35.349879 
0.360017 -0.891412 31.547470 
0.365017 -1.004050 27.745062 
0.370017 -1.114305 27.745062 
0.375017 -1.221921 12.535429 
0.380019 -1.326676 4.930612 
0.385019 -1.428246 -6.476613 
0.390020 -1.526432 -23.587450 
0.395020 -1.620999 -33.093471 
0.400020 -1.711723 -50.204308 
0.405020 -1.798390 -46.401900 
0.410021 -1.880791 -54.006716 
0.415021 -1.958734 -50.204308 
0.420021 -2.032032 -63.512737 
0.425021 -2.100514 -59.710329 
0.430021 -2.164014 -59.710329 
0.435022 -2.222387 -65.413941 
0.440022 -2.275489 -78.722370 
0.445022 -2.323193 -74.919962 
0.450022 -2.365391 -82.524779 
0.455023 -2.401980 -90.129595 
0.460023 -2.432875 -86.327187 
0.465023 -2.458002 -97.734412 
0.470023 -2.477300 -97.734412 
0.475024 -2.490725 -103.438024 
0.480024 -2.498246 -99.635616 
0.485024 -2.499842 -109.141637 
0.490025 -2.495512 -116.746453 
0.495025 -2.485265 -112.944045 
0.500025 -2.469125 -122.450066 
0.505025 -2.447131 -116.746453 
0.510026 -2.419335 -116.746453 
0.515026 -2.385804 -128.153678 
0.520026 -2.346616 -126.252474 
0.525026 -2.301864 -126.252474 
0.530026 -2.251655 -124.351270 
0.535027 -2.196107 -126.252474 
0.540027 -2.135352 -126.252474 
0.545027 -2.069536 -133.857291 
0.550027 -1.998812 -133.857291 
0.555028 -1.923350 -128.153678 
0.560028 -1.843327 -131.956087 
0.565028 -1.758933 -131.956087 
0.570028 -1.670369 -141.462107 
0.575028 -1.577846 -137.659699 
0.580029 -1.481579 -137.659699 
0.585029 -1.381798 -143.363312 
0.590029 -1.278747 -137.659699 
0.595029 -1.172664 -130.054883 
0.600029 -1.063798 -137.659699 
0.605030 -0.952413 -130.054883 
0.610030 -0.838765 -124.351270 
0.615030 -0.723133 -124.351270 
0.620030 -0.605787 -107.240433 
0.625030 -0.487005 -112.944045 
0.630030 -0.367068 -99.635616 
0.635030 -0.246260 -109.141637 
0.640031 -0.124867 -99.635616 
0.645031 -0.003177 -95.833208 
0.650031 0.118518 -93.932004 
0.655031 0.239939 -90.129595 
0.660031 0.360786 -90.129595 
0.665032 0.480778 -80.623575 
0.670032 0.599630 -78.722370 
0.675032 0.717062 -69.216350 
0.680032 0.832788 -48.303104 
0.685033 0.946548 -42.599492 
0.690033 1.058058 -27.389858 
0.695033 1.167057 -4.575409 
0.700033 1.273293 16.337837 
0.705033 1.376510 14.436633 
0.710033 1.476464 18.239041 
0.715034 1.572919 25.843858 
0.720034 1.665642 29.646266 
0.725034 1.754415 23.942654 
0.730034 1.839031 29.646266 
0.735034 1.919286 35.349879 
0.740034 1.994990 37.251083 
0.745035 2.065965 56.263124 
0.750035 2.132042 56.263124 
0.755035 2.193063 56.263124 
0.760035 2.248884 63.867941 
0.765035 2.299374 61.966737 
0.770035 2.344412 58.164328 
0.775035 2.383894 69.571553 
0.780035 2.417722 71.472757 
0.785035 2.445819 71.472757 
0.790035 2.468118 80.978778 
0.795036 2.484565 82.879982 
0.800036 2.495121 77.176370 
0.805036 2.499762 86.682391 
0.810036 2.498477 84.781187 
0.815036 2.491268 82.879982 
0.820036 2.478153 92.386003 
0.825036 2.459162 92.386003 
0.830036 2.434342 96.188411 
0.835037 2.403749 99.990820 
0.840037 2.367458 92.386003 
0.845037 2.325554 96.188411 
0.850037 2.278136 101.892024 
0.855037 2.225315 96.188411 
0.860038 2.167219 96.188411 
0.865038 2.103987 105.694432 
0.870038 2.035766 101.892024 
0.875038 1.962721 99.990820 
0.880038 1.885019 98.089616 
0.885038 1.802850 98.089616 
0.890038 1.716407 98.089616 
0.895039 1.625890 96.188411 
0.900039 1.531521 96.188411 
0.905039 1.433523 96.188411 
0.910041 1.332089 98.089616 
0.915041 1.227530 98.089616 
0.920041 1.120064 88.583595 
0.925041 1.009939 90.484799 
0.930041 0.897423 86.682391 
0.935042 0.782776 92.386003 
0.940042 0.666274 86.682391 
0.945042 0.548192 84.781187 
0.950042 0.428811 77.176370 
0.955042 0.308410 79.077574 
0.960043 0.187280 71.472757 
0.965043 0.065707 77.176370 
0.970043 -0.056025 63.867941 
0.975043 -0.177619 65.769145 
0.980043 -0.298792 61.966737 
0.985044 -0.419259 58.164328 
0.990044 -0.538732 50.559512 
0.995044 -0.656925 48.658308 
1.000044 -0.773564 48.658308 
1.005044 -0.888365 42.954695 
1.010044 -1.001064 31.547470 
1.015045 -1.111388 35.349879 
1.020045 -1.219078 20.140245 
1.025045 -1.323877 10.634225 
1.030045 -1.425536 -14.081429 
1.035045 -1.523818 -25.488654 
1.040046 -1.618486 -33.093471 
1.045046 -1.709313 -38.797083 
1.050046 -1.796092 -46.401900 
1.055046 -1.878610 -44.500696 
1.060046 -1.956674 -57.809125 
1.065046 -2.030100 -55.907921 
1.070046 -2.098713 -52.105512 
1.075046 -2.162351 -57.809125 
1.080047 -2.220862 -59.710329 
1.085047 -2.274108 -69.216350 
1.090047 -2.321962 -84.425983 
1.095047 -2.364311 -78.722370 
1.100047 -2.401055 -86.327187 
1.105047 -2.432105 -93.932004 
1.110047 -2.457391 -95.833208 
1.115048 -2.476849 -103.438024 
1.120048 -2.490436 -93.932004 
1.125048 -2.498118 -107.240433 
1.130048 -2.499878 -105.339229 
1.135048 -2.495711 -105.339229 
1.140048 -2.485627 -111.042841 
1.145048 -2.469650 -111.042841 
1.150048 -2.447818 -111.042841 
1.155048 -2.420183 -120.548862 
1.160049 -2.386810 -118.647658 
1.165049 -2.347778 -124.351270 
1.170049 -2.303180 -126.252474 
1.175049 -2.253122 -126.252474 
1.180049 -2.197722 -120.548862 
1.185049 -2.137112 -130.054883 
1.190049 -2.071435 -126.252474 
1.195049 -2.000848 -124.351270 
1.200049 -1.925516 -131.956087 
1.205050 -1.845620 -130.054883 
1.210050 -1.761346 -122.450066 
1.215050 -1.672896 -135.758495 
1.220050 -1.580480 -131.956087 
1.225050 -1.484319 -130.054883 
1.230050 -1.384639 -130.054883 
1.235050 -1.281676 -130.054883 
1.240051 -1.175675 -128.153678 
1.245051 -1.066884 -126.252474 
1.250051 -0.955566 -122.450066 
1.255051 -0.841980 -124.351270 
1.260051 -0.726398 -131.956087 
1.265051 -0.609096 -124.351270 
1.270051 -0.490352 -118.647658 
1.275051 -0.370443 -120.548862 
1.280051 -0.249657 -114.845249 
1.285052 -0.128276 -103.438024 
1.290052 -0.006593 -92.030800 
1.295052 0.115106 -88.228391 
1.300052 0.236531 -88.228391 
1.305052 0.357396 -74.919962 
1.310052 0.477416 -74.919962 
1.315052 0.596301 -71.117554 
1.320053 0.713776 -67.315146 
1.325053 0.829560 -59.710329 
1.330053 0.943375 -42.599492 
1.335053 1.054956 -25.488654 
1.340054 1.164031 -4.575409 
1.345064 1.270556 12.535429 
1.350064 1.373857 20.140245 
1.355064 1.473899 20.140245 
1.360064 1.570445 23.942654 
1.365064 1.663271 29.646266 
1.370065 1.752154 35.349879 
1.375065 1.836882 31.547470 
1.380065 1.917253 39.152287 
1.385065 1.993078 41.053491 
1.390066 2.064178 44.855899 
1.395066 2.130383 58.164328 
1.400066 2.191538 60.065533 
1.405066 2.247497 61.966737 
1.410066 2.298128 65.769145 
1.415066 2.343311 73.373962 
1.420066 2.382938 73.373962 
1.425067 2.416915 77.176370 
1.430067 2.445162 77.176370 
1.435067 2.467612 80.978778 
1.440067 2.484212 80.978778 
1.445067 2.494922 84.781187 
1.450067 2.499717 88.583595 
1.455067 2.498585 92.386003 
1.460067 2.491530 88.583595 
1.465068 2.478568 94.287207 
1.470068 2.459730 96.188411 
1.475068 2.435060 105.694432 
1.480068 2.404617 105.694432 
1.485068 2.368473 105.694432 
1.490068 2.326715 99.990820 
1.495068 2.279439 99.990820 
1.500068 2.226760 99.990820 
1.505069 2.168790 107.595636 
1.510070 2.105688 103.793228 
1.515070 2.037596 111.398045 
1.520070 1.964671 105.694432 
1.525070 1.887089 99.990820 
1.530070 1.805033 105.694432 
1.535070 1.718696 105.694432 
1.540070 1.628286 101.892024 
1.545070 1.534014 101.892024 
1.550071 1.436104 99.990820 
1.555071 1.334790 96.188411 
1.560071 1.230312 92.386003 
1.565071 1.122916 94.287207 
1.570071 1.012860 94.287207 
1.575071 0.900406 90.484799 
1.580072 0.785812 88.583595 
1.585072 0.669355 86.682391 
1.590072 0.551313 88.583595 
1.595072 0.431964 86.682391 
1.600072 0.311589 80.978778 
1.605072 0.190475 73.373962 
1.610072 0.068912 71.472757 
1.615073 -0.052815 67.670349 
1.620073 -0.174418 69.571553 
1.625073 -0.295606 67.670349 
1.630073 -0.416093 58.164328 
1.635073 -0.535593 58.164328 
1.640073 -0.653824 50.559512 
1.645073 -0.770505 50.559512 
1.650073 -0.885359 44.855899 
1.655074 -0.998113 41.053491 
1.660074 -1.108504 37.251083 
1.665074 -1.216265 16.337837 
1.670074 -1.321142 -0.773000 
1.675074 -1.422886 -15.982633 
1.680074 -1.521258 -34.994675 
1.685074 -1.616023 -36.895879 
1.690074 -1.706956 -42.599492 
1.695074 -1.793843 -38.797083 
1.700074 -1.876477 -42.599492 
1.705075 -1.954662 -46.401900 
1.710075 -2.028214 -44.500696 
1.715075 -2.096957 -48.303104 
1.720075 -2.160729 -57.809125 
1.725075 -2.219378 -67.315146 
1.730075 -2.272765 -76.821166 
1.735076 -2.320764 -78.722370 
1.740076 -2.363260 -84.425983 
1.745076 -2.400153 -88.228391 
1.750076 -2.431357 -92.030800 
1.755076 -2.456795 -93.932004 
1.760076 -2.476409 -93.932004 
1.765077 -2.490152 -95.833208 
1.770077 -2.497991 -101.536820 
1.775077 -2.499908 -105.339229 
1.780077 -2.495897 -103.438024 
1.785077 -2.485969 -109.141637 
1.790077 -2.470148 -109.141637 
1.795077 -2.448470 -114.845249 
1.800078 -2.420987 -120.548862 
1.805078 -2.387764 -128.153678 
1.810078 -2.348881 -130.054883 
1.815078 -2.304429 -126.252474 
1.820078 -2.254512 -120.548862 
1.825079 -2.199248 -120.548862 
1.830079 -2.138772 -122.450066 
1.835079 -2.073226 -122.450066 
1.840079 -2.002765 -124.351270 
1.845079 -1.927556 -124.351270 
1.850079 -1.847776 -128.153678 
1.855080 -1.763615 -131.956087 
1.860080 -1.675272 -128.153678 
1.865080 -1.582960 -124.351270 
1.870080 -1.486894 -124.351270 
1.875080 -1.387302 -122.450066 
1.880080 -1.284420 -128.153678 
1.885080 -1.178495 -128.153678 
1.890081 -1.069774 -128.153678 
1.895081 -0.958517 -122.450066 
1.900081 -0.844987 -118.647658 
1.905081 -0.729456 -120.548862 
1.910081 -0.612193 -120.548862 
1.915082 -0.493479 -122.450066 
1.920082 -0.373597 -112.944045 
1.925082 -0.252827 -111.042841 
1.930082 -0.131461 -109.141637 
1.935082 -0.009782 -101.536820 
1.940082 0.111925 -99.635616 
1.945083 0.233363 -88.228391 
1.950083 0.354249 -80.623575 
1.955083 0.474294 -74.919962 
1.960083 0.593213 -69.216350 
1.965083 0.710726 -57.809125 
1.970083 0.826553 -54.006716 
1.975084 0.940427 -46.401900 
1.980084 1.052066 -29.291063 
1.985084 1.161214 -8.377817 
1.990084 1.267604 8.733021 
1.995084 1.370990 22.041450 
2.000084 1.471125 16.337837 
2.005085 1.567778 18.239041 
2.010085 1.660714 25.843858 
2.015085 1.749710 33.448674 
2.020086 1.834560 37.251083 
2.025086 1.915059 42.954695 
2.030086 1.991014 46.757104 
2.035087 2.062248 52.460716 
2.040087 2.128594 61.966737 
2.045087 2.189892 60.065533 
2.050087 2.245998 69.571553 
2.055087 2.296781 67.670349 
2.060087 2.342117 65.769145 
2.065087 2.381901 65.769145 
2.070087 2.416038 69.571553 
2.075087 2.444447 71.472757 
2.080087 2.467060 80.978778 
2.085088 2.483825 80.978778 
2.090088 2.494701 90.484799 
2.095088 2.499663 94.287207 
2.100088 2.498698 96.188411 
2.105088 2.491810 94.287207 
2.110088 2.479014 98.089616 
2.115088 2.460340 96.188411 
2.120088 2.435834 103.793228 
2.125088 2.405553 103.793228 
2.130089 2.369568 103.793228 
2.135089 2.327966 109.496841 
2.140089 2.280844 107.595636 
2.145089 2.228314 107.595636 
2.150089 2.170502 103.793228 
2.155090 2.107539 94.287207 
2.160090 2.039583 101.892024 
2.165090 1.966793 96.188411 
2.170090 1.889338 98.089616 
2.175090 1.807405 101.892024 
2.180091 1.721185 107.595636 
2.185091 1.630885 105.694432 
2.190091 1.536719 96.188411 
2.195091 1.438911 101.892024 
2.200091 1.337688 103.793228 
2.205092 1.233295 101.892024 
2.210092 1.125980 103.793228 
2.215092 1.015991 88.583595 
2.220092 0.903598 92.386003 
2.225092 0.789063 88.583595 
2.230092 0.672657 82.879982 
2.235092 0.554653 80.978778 
2.240093 0.435338 79.077574 
2.245093 0.314987 80.978778 
2.250093 0.193893 80.978778 
2.255093 0.072336 77.176370 
2.260093 -0.049390 69.571553 
2.265093 -0.170996 67.670349 
2.270093 -0.292197 69.571553 
2.275093 -0.412710 61.966737 
2.280094 -0.532245 58.164328 
2.285094 -0.650515 65.769145 
2.290094 -0.767243 48.658308 
2.295094 -0.882152 46.757104 
2.300094 -0.994970 42.954695 
2.305094 -1.105429 27.745062 
2.310094 -1.213267 16.337837 
2.315094 -1.318230 1.128204 
2.320094 -1.420067 -12.180225 
2.325095 -1.518536 -25.488654 
2.330095 -1.613406 -31.192267 
2.335095 -1.704452 -38.797083 
2.340095 -1.791457 -40.698287 
2.345095 -1.874213 -38.797083 
2.350095 -1.952527 -44.500696 
2.355096 -2.026213 -44.500696 
2.360096 -2.095092 -48.303104 
2.365096 -2.159008 -61.611533 
2.370096 -2.217803 -65.413941 
2.375096 -2.271339 -65.413941 
2.380096 -2.319490 -80.623575 
2.385096 -2.362142 -71.117554 
2.390097 -2.399194 -82.524779 
2.395097 -2.430558 -86.327187 
2.400097 -2.456160 -88.228391 
2.405097 -2.475938 -90.129595 
2.410097 -2.489846 -97.734412 
2.415098 -2.497852 -95.833208 
2.420098 -2.499935 -97.734412 
2.425098 -2.496090 -103.438024 
2.430098 -2.486328 -103.438024 
2.435098 -2.470672 -116.746453 
2.440098 -2.449159 -111.042841 
2.445098 -2.421838 -111.042841 
2.450099 -2.388776 -114.845249 
2.455099 -2.350048 -118.647658 
2.460099 -2.305750 -111.042841 
2.465099 -2.255987 -120.548862 
2.470099 -2.200875 -118.647658 
2.475099 -2.140545 -116.746453 
2.480099 -2.075140 -124.351270 
2.485100 -2.004815 -120.548862 
2.490100 -1.929738 -118.647658 
2.495100 -1.850085 -126.252474 
2.500100 -1.766046 -116.746453 
2.505100 -1.677815 -120.548862 
2.510100 -1.585611 -126.252474 
2.515100 -1.489648 -120.548862 
2.520100 -1.390156 -116.746453 
2.525101 -1.287364 -122.450066 
2.530101 -1.181521 -120.548862 
2.535101 -1.072878 -114.845249 
2.540101 -0.961691 -116.746453 
2.545101 -0.848221 -118.647658 
2.550101 -0.732743 -120.548862 
2.555102 -0.615525 -114.845249 
2.560102 -0.496848 -116.746453 
2.565102 -0.376986 -112.944045 
2.570103 -0.256233 -107.240433 
2.575103 -0.134876 -109.141637 
2.580103 -0.013198 -111.042841 
2.585103 0.108510 -99.635616 
2.590104 0.229962 -97.734412 
2.595104 0.350867 -95.833208 
2.600104 0.470936 -86.327187 
2.605104 0.589892 -71.117554 
2.610104 0.707445 -71.117554 
2.615104 0.823326 -48.303104 
2.620104 0.937255 -38.797083 
2.625104 1.048959 -21.686246 
2.630105 1.158175 1.128204 
2.635105 1.264649 18.239041 
2.640105 1.368122 18.239041 
2.645105 1.468352 16.337837 
2.650105 1.565101 22.041450 
2.655105 1.658139 23.942654 
2.660105 1.747246 23.942654 
2.665105 1.832210 25.843858 
2.670105 1.912831 35.349879 
2.675105 1.988915 48.658308 
2.680105 2.060288 50.559512 
2.685106 2.126775 48.658308 
2.690106 2.188219 52.460716 
2.695106 2.244475 52.460716 
2.700106 2.295410 61.966737 
2.705106 2.340903 65.769145 
2.710106 2.380847 65.769145 
2.715106 2.415146 71.472757 
2.720106 2.443719 73.373962 
2.725107 2.466498 79.077574 
2.730107 2.483430 80.978778 
2.735107 2.494473 80.978778 
2.740107 2.499604 84.781187 
2.745108 2.498807 94.287207 
2.750108 2.492086 99.990820 
2.755108 2.479457 98.089616 
2.760108 2.460950 101.892024 
2.765108 2.436607 103.793228 
2.770108 2.406489 101.892024 
2.775108 2.370665 101.892024 
2.780108 2.329220 98.089616 
2.785108 2.282254 103.793228 
2.790109 2.229877 96.188411 
2.795109 2.172213 105.694432 
2.800109 2.109399 96.188411 
2.805109 2.041583 111.398045 
2.810109 1.968928 99.990820 
2.815109 1.891607 109.496841 
2.820109 1.809798 96.188411 
2.825109 1.723700 103.793228 
2.830109 1.633515 98.089616 
2.835110 1.539454 107.595636 
2.840110 1.441745 107.595636 
2.845110 1.340617 98.089616 
2.850110 1.236311 99.990820 
2.855110 1.129076 99.990820 
2.860111 1.019164 99.990820 
2.865111 0.906834 90.484799 
2.870111 0.792356 92.386003 
2.875111 0.676000 90.484799 
2.880111 0.558038 92.386003 
2.885111 0.438754 84.781187 
2.890111 0.318431 80.978778 
2.895112 0.197354 80.978778 
2.900112 0.075809 75.275166 
2.905112 -0.045916 73.373962 
2.910112 -0.167535 65.769145 
2.915112 -0.288756 69.571553 
2.920112 -0.409290 67.670349 
2.925112 -0.528854 65.769145 
2.930112 -0.647165 60.065533 
2.935113 -0.763940 60.065533 
2.940113 -0.878905 56.263124 
2.945113 -0.991786 50.559512 
2.950113 -1.102318 37.251083 
2.955113 -1.210234 12.535429 
2.960113 -1.315281 -0.773000 
2.965113 -1.417210 -15.982633 
2.970113 -1.515779 -29.291063 
2.975113 -1.610752 -33.093471 
2.980114 -1.701910 -36.895879 
2.985114 -1.789032 -36.895879 
2.990114 -1.871912 -42.599492 
2.995114 -1.950354 -46.401900 
3.000114 -2.024173 -52.105512 
3.005114 -2.093191 -52.105512 
3.010114 -2.157248 -55.907921 
3.015114 -2.216191 -55.907921 
3.020114 -2.269881 -67.315146 
3.025115 -2.318188 -78.722370 
3.030115 -2.361000 -78.722370 
3.035115 -2.398212 -76.821166 
3.040115 -2.429741 -86.327187 
3.045115 -2.455508 -90.129595 
3.050115 -2.475453 -97.734412 
3.055116 -2.489530 -93.932004 
3.060116 -2.497705 -103.438024 
3.065116 -2.499957 -97.734412 
3.070116 -2.496283 -105.339229 
3.075116 -2.486691 -107.240433 
3.080116 -2.471202 -120.548862 
3.085116 -2.449856 -112.944045 
3.090117 -2.422700 -114.845249 
3.095117 -2.389802 -116.746453 
3.100117 -2.351237 -116.746453 
3.105117 -2.307098 -116.746453 
3.110117 -2.257490 -116.746453 
3.115117 -2.202531 -118.647658 
3.120117 -2.142346 -116.746453 
3.125117 -2.077085 -124.351270 
3.130118 -2.006896 -116.746453 
3.135118 -1.931949 -124.351270 
3.140118 -1.852421 -118.647658 
3.145119 -1.768503 -116.746453 
3.150119 -1.680391 -118.647658 
3.155119 -1.588296 -124.351270 
3.160119 -1.492431 -124.351270 
3.165120 -1.393030 -118.647658 
3.170120 -1.290328 -112.944045 
3.175120 -1.184565 -122.450066 
3.180121 -1.075988 -111.042841 
3.185121 -0.964865 -116.746453 
3.190121 -0.851459 -118.647658 
3.195121 -0.736034 -114.845249 
3.200121 -0.618864 -112.944045 
3.205122 -0.500224 -109.141637 
3.210122 -0.380394 -114.845249 
3.215122 -0.259662 -103.438024 
3.220123 -0.138316 -107.240433 
3.225123 -0.016640 -101.536820 
3.230123 0.105075 -99.635616 
3.235123 0.226534 -99.635616 
3.240124 0.347459 -92.030800 
3.245124 0.467559 -86.327187 
3.250124 0.586549 -82.524779 
3.255124 0.704150 -71.117554 
3.260124 0.820082 -54.006716 
3.265125 0.934072 -38.797083 
3.270125 1.045847 -25.488654 
3.275125 1.155140 -6.476613 
3.280125 1.261695 16.337837 
3.285126 1.365258 14.436633 
3.290126 1.465584 22.041450 
3.295126 1.562434 20.140245 
3.300126 1.655581 25.843858 
3.305126 1.744802 31.547470 
3.310126 1.829886 41.053491 
3.315126 1.910631 35.349879 
3.320126 1.986845 46.757104 
3.325127 2.058352 52.460716 
3.330127 2.124978 52.460716 
3.335127 2.186564 60.065533 
3.340127 2.242969 65.769145 
3.345127 2.294055 60.065533 
3.350127 2.339702 63.867941 
3.355127 2.379803 67.670349 
3.360128 2.414262 71.472757 
3.365128 2.442997 75.275166 
3.370128 2.465939 75.275166 
3.375128 2.483036 84.781187 
3.380128 2.494245 88.583595 
3.385129 2.499541 88.583595 
3.390129 2.498910 80.978778 
3.395129 2.492355 88.583595 
3.400129 2.479891 96.188411 
3.405129 2.461546 94.287207 
3.410130 2.437367 105.694432 
3.415130 2.407409 109.496841 
3.420130 2.371742 105.694432 
3.425130 2.330453 107.595636 
3.430130 2.283639 107.595636 
3.435130 2.231411 99.990820 
3.440130 2.173892 105.694432 
3.445131 2.111217 103.793228 
3.450131 2.043539 98.089616 
3.455131 1.971015 105.694432 
3.460131 1.893819 107.595636 
3.465132 1.812131 105.694432 
3.470135 1.726086 109.496841 
3.475136 1.636005 103.793228 
3.480136 1.542046 103.793228 
3.485136 1.444432 107.595636 
3.490136 1.343394 107.595636 
3.495137 1.239171 98.089616 
3.500137 1.132010 105.694432 
3.505137 1.022169 98.089616 
3.510137 0.909898 99.990820 
3.515137 0.795473 94.287207 
3.520137 0.679163 86.682391 
3.525138 0.561234 90.484799 
3.530138 0.441982 84.781187 
3.535138 0.321681 79.077574 
3.540138 0.200618 84.781187 
3.545139 0.079077 79.077574 
3.550139 -0.042655 80.978778 
3.555139 -0.164280 69.571553 
3.560140 -0.285518 71.472757 
3.565140 -0.406079 71.472757 
3.570140 -0.525677 65.769145 
3.575140 -0.644027 65.769145 
3.580140 -0.760847 58.164328 
3.585141 -0.875866 54.361920 
3.590141 -0.988809 46.757104 
3.595141 -1.099406 23.942654 
3.600141 -1.207396 12.535429 
3.605141 -1.312522 -4.575409 
3.610141 -1.414537 -17.883838 
3.615142 -1.513201 -27.389858 
3.620142 -1.608275 -40.698287 
3.625142 -1.699535 -42.599492 
3.630142 -1.786771 -40.698287 
3.635142 -1.869768 -42.599492 
3.640146 -1.948391 -44.500696 
3.645147 -2.022334 -46.401900 
3.650147 -2.091479 -52.105512 
3.655147 -2.155666 -59.710329 
3.660147 -2.214742 -65.413941 
3.665147 -2.268568 -73.018758 
3.670147 -2.317015 -76.821166 
3.675148 -2.359968 -78.722370 
3.680148 -2.397327 -90.129595 
3.685148 -2.429002 -88.228391 
3.690148 -2.454918 -82.524779 
3.695148 -2.475014 -90.129595 
3.700148 -2.489242 -88.228391 
3.705148 -2.497569 -99.635616 
3.710149 -2.499974 -99.635616 
3.715149 -2.496452 -99.635616 
3.720149 -2.487011 -112.944045 
3.725149 -2.471673 -109.141637 
3.730149 -2.450476 -107.240433 
3.735150 -2.423468 -111.042841 
3.740150 -2.390715 -114.845249 
3.745150 -2.352295 -111.042841 
3.750150 -2.308297 -120.548862 
3.755150 -2.258827 -116.746453 
3.760150 -2.204002 -112.944045 
3.765151 -2.143951 -118.647658 
3.770151 -2.078817 -118.647658 
3.775151 -2.008756 -126.252474 
3.780151 -1.933930 -124.351270 
3.785151 -1.854521 -126.252474 
3.790151 -1.770715 -118.647658 
3.795151 -1.682709 -120.548862 
3.800152 -1.590714 -122.450066 
3.805152 -1.494950 -118.647658 
3.810152 -1.395639 -116.746453 
3.815152 -1.293019 -120.548862 
3.820152 -1.187334 -114.845249 
3.825152 -1.078833 -114.845249 
3.830153 -0.967777 -118.647658 
3.835153 -0.854425 -111.042841 
3.840153 -0.739046 -111.042841 
3.845153 -0.621918 -109.141637 
3.850153 -0.503310 -105.339229 
3.855154 -0.383512 -105.339229 
3.860154 -0.262807 -109.141637 
3.865154 -0.141476 -99.635616 
3.870154 -0.019812 -107.240433 
3.875154 0.101898 -99.635616 
3.880164 0.223605 -92.030800 
3.885164 0.344546 -97.734412 
3.890164 0.464667 -90.129595 
3.895164 0.583689 -76.821166 
3.900165 0.701332 -69.216350 
3.905165 0.817315 -63.512737 
3.910166 0.931357 -42.599492 
3.915166 1.043188 -25.488654 
3.920167 1.152548 -2.674204 
3.925167 1.259174 8.733021 
3.930167 1.362812 12.535429 
3.935167 1.463219 25.843858 
3.940167 1.560158 20.140245 
3.945168 1.653397 22.041450 
3.950168 1.742715 31.547470 
3.955168 1.827905 31.547470 
3.960168 1.908758 39.152287 
3.965169 1.985086 50.559512 
3.970169 2.056705 52.460716 
3.975169 2.123450 56.263124 
3.980169 2.185159 65.769145 
3.985169 2.241689 63.867941 
3.990170 2.292905 65.769145 
3.995170 2.338685 73.373962 
4.000170 2.378918 71.472757 
4.005170 2.413511 75.275166 
4.010170 2.442382 80.978778 
4.015170 2.465462 79.077574 
4.020171 2.482698 80.978778 
4.025171 2.494047 80.978778 
4.030171 2.499483 82.879982 
4.035171 2.498994 86.682391 
4.040171 2.492580 90.484799 
4.045171 2.480256 92.386003 
4.050172 2.462052 99.990820 
4.055172 2.438009 101.892024 
4.060172 2.408187 103.793228 
4.065172 2.372654 111.398045 
4.070173 2.331498 111.398045 
4.075173 2.284813 105.694432 
4.080173 2.232711 109.496841 
4.085173 2.175315 101.892024 
4.090173 2.112762 101.892024 
4.095174 2.045202 96.188411 
4.100174 1.972793 107.595636 
4.105174 1.895706 103.793228 
4.110174 1.814126 101.892024 
4.115174 1.728239 103.793228 
4.120174 1.638257 98.089616 
4.125175 1.544390 105.694432 
4.130175 1.446866 101.892024 
4.135175 1.345908 101.892024 
4.140175 1.241760 107.595636 
4.145175 1.134668 98.089616 
4.150177 1.024859 99.990820 
4.155177 0.912646 98.089616 
4.160177 0.798269 92.386003 
4.165177 0.682002 96.188411 
4.170178 0.564116 86.682391 
4.175178 0.444895 82.879982 
4.180178 0.324619 86.682391 
4.185178 0.203571 86.682391 
4.190178 0.082040 84.781187 
4.195178 -0.039682 82.879982 
4.200178 -0.161311 69.571553 
4.205178 -0.282557 69.571553 
4.210179 -0.403134 63.867941 
4.215179 -0.522754 65.769145 
4.220179 -0.641135 65.769145 
4.225179 -0.757997 56.263124 
4.230179 -0.873063 56.263124 
4.235179 -0.986058 44.855899 
4.240179 -1.096714 29.646266 
4.245179 -1.204771 8.733021 
4.250179 -1.309969 -12.180225 
4.255180 -1.412065 -25.488654 
4.260180 -1.510812 -29.291063 
4.265180 -1.605977 -31.192267 
4.270180 -1.697335 -33.093471 
4.275180 -1.784673 -42.599492 
4.280181 -1.867779 -48.303104 
4.285181 -1.946463 -36.895879 
4.290181 -2.020522 -40.698287 
4.295182 -2.089790 -48.303104 
4.300182 -2.154104 -63.512737 
4.305182 -2.213312 -73.018758 
4.310182 -2.267272 -76.821166 
4.315182 -2.315857 -74.919962 
4.320182 -2.358951 -78.722370 
4.325182 -2.396452 -78.722370 
4.330183 -2.428271 -82.524779 
4.335183 -2.454334 -88.228391 
4.340183 -2.474578 -86.327187 
4.345183 -2.488955 -95.833208 
4.350183 -2.497431 -92.030800 
4.355183 -2.499986 -103.438024 
4.360183 -2.496614 -103.438024 
4.365183 -2.487323 -109.141637 
4.370184 -2.472135 -107.240433 
4.375184 -2.451086 -107.240433 
4.380184 -2.424226 -111.042841 
4.385184 -2.391618 -111.042841 
4.390184 -2.353340 -116.746453 
4.395184 -2.309483 -114.845249 
4.400185 -2.260150 -112.944045 
4.405185 -2.205459 -116.746453 
4.410185 -2.145538 -112.944045 
4.415185 -2.080532 -116.746453 
4.420185 -2.010593 -122.450066 
4.425185 -1.935888 -124.351270 
4.430185 -1.856591 -116.746453 
4.435186 -1.772895 -120.548862 
4.440186 -1.684993 -118.647658 
4.445186 -1.593098 -112.944045 
4.450186 -1.497423 -118.647658 
4.455186 -1.398199 -120.548862 
4.460187 -1.295662 -112.944045 
4.465187 -1.190051 -116.746453 
4.470187 -1.081619 -114.845249 
4.475187 -0.970623 -116.746453 
4.480187 -0.857330 -112.944045 
4.485192 -0.741899 -111.042841 
4.490192 -0.624811 -114.845249 
4.495192 -0.506241 -114.845249 
4.500192 -0.386468 -105.339229 
4.505192 -0.265782 -107.240433 
4.510192 -0.144463 -99.635616 
4.515192 -0.022804 -107.240433 
4.520192 0.098909 -99.635616 
4.525193 0.220387 -95.833208 
4.530193 0.341346 -92.030800 
4.535193 0.461493 -90.129595 
4.540193 0.580545 -80.623575 
4.545194 0.698254 -71.117554 
4.550195 0.814275 -59.710329 
4.555195 0.928365 -42.599492 
4.560195 1.040254 -31.192267 
4.565195 1.149676 -8.377817 
4.570195 1.256373 16.337837 
4.575195 1.360092 8.733021 
4.580195 1.460586 18.239041 
4.585195 1.557617 27.745062 
4.590195 1.650956 18.239041 
4.595196 1.740382 25.843858 
4.600196 1.825678 31.547470 
4.605196 1.906650 35.349879 
4.610196 1.983099 44.855899 
4.615197 2.054856 48.658308 
4.620197 2.121732 54.361920 
4.625197 2.183578 58.164328 
4.630197 2.240247 61.966737 
4.635197 2.291605 60.065533 
4.640197 2.337529 65.769145 
4.645197 2.377912 71.472757 
4.650197 2.412657 71.472757 
4.655197 2.441682 77.176370 
4.660197 2.464919 77.176370 
4.665212 2.482354 80.978778 
4.670212 2.493845 77.176370 
4.675212 2.499423 80.978778 
4.680213 2.499075 86.682391 
4.685213 2.492803 86.682391 
4.690213 2.480620 92.386003 
4.695213 2.462557 96.188411 
4.700213 2.438655 103.793228 
4.705213 2.408972 103.793228 
4.710213 2.373577 109.496841 
4.715214 2.332554 101.892024 
4.720214 2.286002 103.793228 
4.725214 2.234031 111.398045 
4.730214 2.176762 105.694432 
4.735214 2.114333 98.089616 
4.740214 2.046890 103.793228 
4.745214 1.974595 103.793228 
4.750215 1.897617 111.398045 
4.755215 1.816143 99.990820 
4.760215 1.730362 103.793228 
4.765215 1.640480 99.990820 
4.770215 1.546708 101.892024 
4.775215 1.449267 101.892024 
4.780215 1.348390 96.188411 
4.785216 1.244316 103.793228 
4.790216 1.137296 94.287207 
4.795216 1.027576 101.892024 
4.800216 0.915424 101.892024 
4.805216 0.801100 90.484799 
4.810216 0.684876 90.484799 
4.815216 0.567026 96.188411 
4.820216 0.447834 88.583595 
4.825216 0.327581 82.879982 
4.830216 0.206551 84.781187 
4.835217 0.085031 86.682391 
4.840217 -0.036691 79.077574 
4.845217 -0.158325 77.176370 
4.850217 -0.279587 73.373962 
4.855217 -0.400185 73.373962 
4.860217 -0.519835 67.670349 
4.865217 -0.638250 65.769145 
4.870218 -0.755152 61.966737 
4.875218 -0.870263 58.164328 
4.880218 -0.983312 46.757104 
4.885218 -1.094029 25.843858 
4.890218 -1.202152 10.634225 
4.895218 -1.307428 -10.279021 
4.900218 -1.409603 -21.686246 
4.905219 -1.508437 -29.291063 
4.910219 -1.603692 -36.895879 
4.915219 -1.695146 -36.895879 
4.920219 -1.782580 -40.698287 
4.925219 -1.865792 -38.797083 
4.930219 -1.944576 -46.401900 
4.935219 -2.018751 -46.401900 
4.940220 -2.088139 -50.204308 
4.945220 -2.152579 -65.413941 
4.950220 -2.211913 -65.413941 
4.955220 -2.266005 -73.018758 
4.960220 -2.314724 -78.722370 
4.965220 -2.357954 -78.722370 
4.970220 -2.395594 -80.623575 
4.975221 -2.427555 -88.228391 
4.980221 -2.453761 -86.327187 
4.985221 -2.474149 -90.129595 
4.990221 -2.488671 -95.833208 
4.995221 -2.497293 -97.734412 
5.000221 -2.499994 -103.438024 
5.005221 -2.496768 -105.339229 
5.010222 -2.487623 -99.635616 
5.015222 -2.472580 -114.845249 
5.020222 -2.451675 -107.240433 
5.025222 -2.424957 -109.141637 
5.030222 -2.392492 -114.845249 
5.035222 -2.354353 -112.944045 
5.040222 -2.310632 -112.944045 
5.045223 -2.261433 -111.042841 
5.050223 -2.206872 -112.944045 
5.055223 -2.147077 -122.450066 
5.060223 -2.082193 -118.647658 
5.065225 -2.012348 -114.845249 
5.070225 -1.937758 -118.647658 
5.075225 -1.858571 -120.548862 
5.080225 -1.774977 -124.351270 
5.085226 -1.687175 -118.647658 
5.090226 -1.595375 -118.647658 
5.095226 -1.499792 -122.450066 
5.100226 -1.400652 -116.746453 
5.105226 -1.298187 -122.450066 
5.110227 -1.192648 -116.746453 
5.115227 -1.084279 -112.944045 
5.120227 -0.973344 -107.240433 
5.125227 -0.860101 -111.042841 
5.130227 -0.744816 -109.141637 
5.135227 -0.627769 -109.141637 
5.140228 -0.509232 -107.240433 
5.145228 -0.389491 -105.339229 
5.150228 -0.268822 -103.438024 
5.155228 -0.147518 -103.438024 
5.160228 -0.025864 -105.339229 
5.165228 0.095853 -103.438024 
5.170228 0.217341 -101.536820 
5.175228 0.338314 -88.228391 
5.180229 0.458487 -90.129595 
5.185229 0.577571 -88.228391 
5.190229 0.695285 -69.216350 
5.195229 0.811351 -63.512737 
5.200229 0.925493 -42.599492 
5.205229 1.037439 -29.291063 
5.210229 1.146930 -8.377817 
5.215229 1.253702 12.535429 
5.220229 1.357499 16.337837 
5.225230 1.458078 20.140245 
5.230230 1.555200 29.646266 
5.235230 1.648633 25.843858 
5.240230 1.738161 31.547470 
5.245230 1.823566 31.547470 
5.250230 1.904649 41.053491 
5.255230 1.981215 46.757104 
5.260230 2.053085 44.855899 
5.265230 2.120087 52.460716 
5.270231 2.182064 58.164328 
5.275231 2.238867 61.966737 
5.280231 2.290362 67.670349 
5.285231 2.336428 69.571553 
5.290231 2.376954 69.571553 
5.295231 2.411844 80.978778 
5.300232 2.441016 79.077574 
5.305232 2.464401 73.373962 
5.310232 2.481943 86.682391 
5.315232 2.493601 86.682391 
5.320232 2.499346 79.077574 
5.325233 2.499166 92.386003 
5.330233 2.493061 92.386003 
5.335233 2.481045 92.386003 
5.340233 2.463147 99.990820 
5.345233 2.439410 96.188411 
5.350233 2.409889 103.793228 
5.355233 2.374655 109.496841 
5.360233 2.333791 107.595636 
5.365234 2.287394 109.496841 
5.370234 2.235573 103.793228 
5.375234 2.178453 109.496841 
5.380234 2.116168 103.793228 
5.385234 2.048865 99.990820 
5.390234 1.976706 105.694432 
5.395234 1.899860 107.595636 
5.400234 1.818510 107.595636 
5.405235 1.732849 111.398045 
5.410235 1.643079 111.398045 
5.415235 1.549413 105.694432 
5.420235 1.452074 109.496841 
5.425235 1.351294 101.892024 
5.430235 1.247309 98.089616 
5.435235 1.140367 103.793228 
5.440235 1.030722 96.188411 
5.445235 0.918633 90.484799 
5.450236 0.804364 98.089616 
5.455236 0.688188 88.583595 
5.460236 0.570381 86.682391 
5.465236 0.451221 94.287207 
5.470236 0.330993 80.978778 
5.475236 0.209981 79.077574 
5.480237 0.088466 86.682391 
5.485237 -0.033266 80.978778 
5.490237 -0.154909 73.373962 
5.495238 -0.276185 79.077574 
5.500238 -0.396804 71.472757 
5.505238 -0.516484 65.769145 
5.510238 -0.634942 69.571553 
5.515238 -0.751893 63.867941 
5.520239 -0.867058 52.460716 
5.525239 -0.980173 42.954695 
5.530239 -1.090959 23.942654 
5.535239 -1.199158 8.733021 
5.540239 -1.304517 -12.180225 
5.545239 -1.406781 -19.785042 
5.550239 -1.505710 -27.389858 
5.555240 -1.601068 -34.994675 
5.560240 -1.692632 -42.599492 
5.565240 -1.780182 -42.599492 
5.570240 -1.863512 -42.599492 
5.575240 -1.942423 -40.698287 
5.580240 -2.016730 -44.500696 
5.585240 -2.086257 -54.006716 
5.590240 -2.150836 -50.204308 
5.595240 -2.210315 -65.413941 
5.600241 -2.264556 -69.216350 
5.605241 -2.313427 -71.117554 
5.610241 -2.356813 -76.821166 
5.615248 -2.394663 -76.821166 
5.620248 -2.426776 -78.722370 
5.625248 -2.453136 -86.327187 
5.630249 -2.473680 -86.327187 
5.635249 -2.488360 -93.932004 
5.640249 -2.497139 -95.833208 
5.645249 -2.499999 -95.833208 
5.650249 -2.496932 -103.438024 
5.655249 -2.487945 -105.339229 
5.660249 -2.473059 -105.339229 
5.665260 -2.452258 -107.240433 
5.670261 -2.425682 -112.944045 
5.675261 -2.393355 -111.042841 
5.680261 -2.355355 -116.746453 
5.685261 -2.311770 -114.845249 
5.690261 -2.262704 -114.845249 
5.695261 -2.208272 -118.647658 
5.700261 -2.148607 -122.450066 
5.705262 -2.083848 -116.746453 
5.710262 -2.014147 -122.450066 
5.715262 -1.939672 -124.351270 
5.720279 -1.860328 -120.548862 
5.725279 -1.776828 -124.351270 
5.730279 -1.689116 -116.746453 
5.735279 -1.597400 -118.647658 
5.740279 -1.501897 -116.746453 
5.745279 -1.402833 -114.845249 
5.750279 -1.300443 -118.647658 
5.755279 -1.194971 -114.845249 
5.760279 -1.086665 -109.141637 
5.765280 -0.975783 -114.845249 
5.770280 -0.862585 -111.042841 
5.775280 -0.747342 -109.141637 
5.780280 -0.630330 -109.141637 
5.785280 -0.511821 -103.438024 
5.790280 -0.392100 -105.339229 
5.795281 -0.271441 -103.438024 
5.800281 -0.150140 -99.635616 
5.805282 -0.028489 -105.339229 
5.810282 0.093233 -97.734412 
5.815282 0.214734 -90.129595 
5.820282 0.335721 -93.932004 
5.825282 0.455912 -84.425983 
5.830282 0.575022 -86.327187 
5.835282 0.692768 -71.117554 
5.840283 0.808870 -65.413941 
5.845283 0.923059 -44.500696 
5.850283 1.035057 -31.192267 
5.855283 1.144604 -14.081429 
5.860283 1.251435 4.930612 
5.865283 1.355298 6.831816 
5.870283 1.455947 22.041450 
5.875283 1.553148 23.942654 
5.880283 1.646664 16.337837 
5.885284 1.736277 33.448674 
5.890284 1.821773 33.448674 
5.895284 1.902951 42.954695 
5.900284 1.979617 42.954695 
5.905284 2.051589 48.658308 
5.910284 2.118698 52.460716 
5.915284 2.180784 54.361920 
5.920284 2.237701 61.966737 
5.925285 2.289312 65.769145 
5.930285 2.335494 63.867941 
5.935285 2.376140 75.275166 
5.940285 2.411151 77.176370 
5.945285 2.440447 80.978778 
5.950285 2.463958 79.077574 
5.955285 2.481626 75.275166 
5.960286 2.493411 86.682391 
5.965286 2.499285 92.386003 
5.970286 2.499233 88.583595 
5.975286 2.493255 84.781187 
5.980287 2.481366 92.386003 
5.985287 2.463594 90.484799 
5.990287 2.439982 101.892024 
5.995287 2.410584 101.892024 
