0.000001 0.000010 7.766755 
0.005001 0.051061 5.865551 
0.010002 0.102093 2.063142 
0.015002 0.153079 -3.640470 
0.020002 0.204001 2.063142 
0.025003 0.254839 -1.739266 
0.030003 0.305570 3.964346 
0.035003 0.356175 2.063142 
0.040004 0.406630 -1.739266 
0.045004 0.456914 -1.739266 
0.050004 0.507008 2.063142 
0.055004 0.556892 5.865551 
0.060005 0.606544 2.063142 
0.065005 0.655941 -1.739266 
0.070005 0.705066 5.865551 
0.075005 0.753896 13.470367 
0.080005 0.802412 9.667959 
0.085006 0.850594 21.075184 
0.090006 0.898420 19.173980 
0.095006 0.945871 17.272775 
0.100006 0.992928 21.075184 
0.105006 1.039571 28.680000 
0.110007 1.085783 24.877592 
0.115007 1.131541 22.976388 
0.120007 1.176825 26.778796 
0.125007 1.221619 34.383613 
0.130008 1.265905 34.383613 
0.135008 1.309661 32.482409 
0.140008 1.352872 38.186021 
0.145008 1.395519 40.087225 
0.150008 1.437584 43.889634 
0.155009 1.479049 47.692042 
0.160009 1.519897 40.087225 
0.165009 1.560110 49.593246 
0.170009 1.599674 57.198063 
0.175009 1.638570 51.494450 
0.180009 1.676784 51.494450 
0.185009 1.714297 57.198063 
0.190009 1.751096 57.198063 
0.195009 1.787165 59.099267 
0.200010 1.822489 59.099267 
0.205010 1.857055 64.802879 
0.210010 1.890845 70.506492 
0.215011 1.923847 70.506492 
0.220011 1.956046 62.901675 
0.225011 1.987430 68.605288 
0.230011 2.017984 72.407696 
0.235012 2.047697 81.913717 
0.240012 2.076557 81.913717 
0.245012 2.104550 81.913717 
0.250012 2.131665 87.617329 
0.255012 2.157892 81.913717 
0.260012 2.183218 78.111308 
0.265013 2.207635 89.518533 
0.270013 2.231130 91.419737 
0.275013 2.253695 85.716125 
0.280013 2.275320 85.716125 
0.285013 2.295996 87.617329 
0.290013 2.315715 91.419737 
0.295013 2.334468 99.024554 
0.300013 2.352249 95.222146 
0.305014 2.369048 97.123350 
0.310014 2.384859 99.024554 
0.315014 2.399676 95.222146 
0.320014 2.413492 97.123350 
0.325014 2.426301 110.431779 
0.330014 2.438099 104.728166 
0.335014 2.448880 100.925758 
0.340015 2.458640 104.728166 
0.345015 2.467375 108.530575 
0.350015 2.475081 100.925758 
0.355015 2.481755 102.826962 
0.360015 2.487393 112.332983 
0.365016 2.491995 106.629371 
0.370016 2.495557 116.135391 
0.375016 2.498079 104.728166 
0.380100 2.499575 116.135391 
0.385100 2.499995 110.431779 
0.390101 2.499373 110.431779 
0.395101 2.497708 106.629371 
0.400101 2.495002 116.135391 
0.405101 2.491255 106.629371 
0.410102 2.486469 112.332983 
0.415102 2.480646 110.431779 
0.420102 2.473789 118.036595 
0.425103 2.465901 110.431779 
0.430103 2.456984 116.135391 
0.435103 2.447043 106.629371 
0.440103 2.436081 114.234187 
0.445103 2.424104 114.234187 
0.450103 2.411115 106.629371 
0.455103 2.397121 108.530575 
0.460103 2.382128 118.036595 
0.465104 2.366141 112.332983 
0.470104 2.349168 106.629371 
0.475104 2.331215 112.332983 
0.480104 2.312289 114.234187 
0.485152 2.292206 112.332983 
0.490152 2.271350 102.826962 
0.495152 2.249548 110.431779 
0.500153 2.226807 106.629371 
0.505153 2.203138 106.629371 
0.510153 2.178551 100.925758 
0.515159 2.153025 108.530575 
0.520159 2.126630 108.530575 
0.525160 2.099349 100.925758 
0.530160 2.071191 112.332983 
0.535160 2.042170 100.925758 
0.540160 2.012298 99.024554 
0.545161 1.981586 99.024554 
0.550161 1.950049 99.024554 
0.555161 1.917699 100.925758 
0.560161 1.884549 99.024554 
0.565161 1.850613 104.728166 
0.570161 1.815905 89.518533 
0.575162 1.780438 99.024554 
0.580162 1.744231 99.024554 
0.585162 1.707297 91.419737 
0.590162 1.669650 93.320941 
0.595162 1.631307 89.518533 
0.600162 1.592284 87.617329 
0.605162 1.552597 85.716125 
0.610163 1.512261 85.716125 
0.615163 1.471295 85.716125 
0.620163 1.429715 80.012512 
0.625163 1.387538 83.814921 
0.630164 1.344784 80.012512 
0.635164 1.301467 80.012512 
0.640164 1.257608 70.506492 
0.645164 1.213228 74.308900 
0.650164 1.168340 72.407696 
0.655165 1.122965 72.407696 
0.660165 1.077122 74.308900 
0.665165 1.030830 62.901675 
0.670165 0.984108 62.901675 
0.675165 0.936976 68.605288 
0.680165 0.889454 55.296858 
0.685165 0.841560 55.296858 
0.690165 0.793315 55.296858 
0.695166 0.744739 53.395654 
0.700166 0.695852 49.593246 
0.705166 0.646675 47.692042 
0.710166 0.597229 51.494450 
0.715166 0.547534 51.494450 
0.720166 0.497611 43.889634 
0.725166 0.447480 36.284817 
0.730166 0.397163 38.186021 
0.735167 0.346680 34.383613 
0.740167 0.296053 21.075184 
0.745167 0.245302 19.173980 
0.750167 0.194449 21.075184 
0.755167 0.143514 7.766755 
0.760167 0.092518 9.667959 
0.765167 0.041485 7.766755 
0.770168 -0.009565 -5.541674 
0.775168 -0.060611 -7.442879 
0.780168 -0.111631 -11.245287 
0.785168 -0.162605 -1.739266 
0.790168 -0.213511 -3.640470 
0.795168 -0.264330 -5.541674 
0.800168 -0.315037 2.063142 
0.805168 -0.365614 -3.640470 
0.810169 -0.416038 -5.541674 
0.815169 -0.466289 0.161938 
0.820169 -0.516344 0.161938 
0.825169 -0.566185 2.063142 
0.830170 -0.615797 -1.739266 
0.835170 -0.665145 -7.442879 
0.840170 -0.714217 -13.146491 
0.845171 -0.762992 -11.245287 
0.850171 -0.811448 -24.553716 
0.855171 -0.859564 -24.553716 
0.860172 -0.907321 -24.553716 
0.865172 -0.954700 -30.257328 
0.870172 -1.001680 -37.862145 
0.875172 -1.048243 -28.356124 
0.880172 -1.094369 -30.257328 
0.885172 -1.140038 -34.059737 
0.890172 -1.185232 -45.466962 
0.895172 -1.229932 -51.170574 
0.900172 -1.274118 -45.466962 
0.905172 -1.317774 -54.972982 
0.910173 -1.360881 -58.775391 
0.915173 -1.403418 -60.676595 
0.920173 -1.445373 -64.479003 
0.925173 -1.486724 -56.874186 
0.930173 -1.527457 -66.380207 
0.935174 -1.567551 -66.380207 
0.940174 -1.606992 -68.281411 
0.945174 -1.645764 -77.787432 
0.950174 -1.683848 -70.182616 
0.955175 -1.721231 -72.083820 
0.960175 -1.757897 -77.787432 
0.965175 -1.793828 -79.688636 
0.970175 -1.829010 -81.589840 
0.975175 -1.863430 -83.491045 
0.980176 -1.897074 -92.997065 
0.985176 -1.929926 -89.194657 
0.990176 -1.961973 -89.194657 
0.995176 -1.993202 -89.194657 
1.000176 -2.023601 -96.799474 
1.005177 -2.053156 -100.601882 
1.010177 -2.081854 -102.503086 
1.015177 -2.109684 -102.503086 
1.020177 -2.136635 -102.503086 
1.025178 -2.162694 -108.206699 
1.030178 -2.187852 -113.910311 
1.035178 -2.212096 -110.107903 
1.040179 -2.235421 -112.009107 
1.045179 -2.257812 -112.009107 
1.050179 -2.279261 -113.910311 
1.055180 -2.299760 -112.009107 
1.060180 -2.319300 -113.910311 
1.065180 -2.337872 -121.515128 
1.070180 -2.355469 -123.416332 
1.075181 -2.372083 -125.317536 
1.080181 -2.387711 -121.515128 
1.085182 -2.402341 -121.515128 
1.090182 -2.415969 -131.021148 
1.095182 -2.428590 -129.119944 
1.100182 -2.440197 -127.218740 
1.105182 -2.450787 -127.218740 
1.110183 -2.460355 -132.922353 
1.115183 -2.468898 -131.021148 
1.120183 -2.476411 -131.021148 
1.125184 -2.482891 -140.527169 
1.130184 -2.488335 -142.428373 
1.135184 -2.492742 -134.823557 
1.140184 -2.496109 -138.625965 
1.145184 -2.498436 -142.428373 
1.150184 -2.499720 -138.625965 
1.155185 -2.499963 -144.329577 
1.160185 -2.499162 -140.527169 
1.165185 -2.497320 -136.724761 
1.170185 -2.494436 -146.230782 
1.175186 -2.490512 -142.428373 
1.180186 -2.485549 -144.329577 
1.185187 -2.479549 -142.428373 
1.190187 -2.472516 -142.428373 
1.195187 -2.464450 -146.230782 
1.200188 -2.455358 -142.428373 
1.205188 -2.445242 -134.823557 
1.210188 -2.434107 -144.329577 
1.215188 -2.421956 -142.428373 
1.220189 -2.408795 -142.428373 
1.225189 -2.394629 -146.230782 
1.230189 -2.379464 -142.428373 
1.235190 -2.363308 -140.527169 
1.240190 -2.346166 -144.329577 
1.245190 -2.328046 -140.527169 
1.250190 -2.308955 -144.329577 
1.255191 -2.288899 -140.527169 
1.260191 -2.267890 -138.625965 
1.265192 -2.245935 -136.724761 
1.270192 -2.223043 -138.625965 
1.275192 -2.199225 -142.428373 
1.280193 -2.174490 -136.724761 
1.285193 -2.148849 -131.021148 
1.290193 -2.122311 -134.823557 
1.295193 -2.094889 -136.724761 
1.300193 -2.066593 -129.119944 
1.305193 -2.037436 -131.021148 
1.310194 -2.007425 -127.218740 
1.315194 -1.976578 -132.922353 
1.320194 -1.944909 -134.823557 
1.325195 -1.912428 -129.119944 
1.330195 -1.879150 -127.218740 
1.335195 -1.845090 -127.218740 
1.340195 -1.810260 -127.218740 
1.345200 -1.774642 -125.317536 
1.350200 -1.738315 -121.515128 
1.355200 -1.701263 -121.515128 
1.360201 -1.663501 -125.317536 
1.365201 -1.625046 -123.416332 
1.370201 -1.585914 -121.515128 
1.375201 -1.546119 -112.009107 
1.380202 -1.505681 -110.107903 
1.385202 -1.464616 -106.305494 
1.390202 -1.422940 -110.107903 
1.395202 -1.380669 -113.910311 
1.400202 -1.337825 -104.404290 
1.405202 -1.294421 -110.107903 
1.410203 -1.250474 -102.503086 
1.415203 -1.206007 -100.601882 
1.420203 -1.161038 -98.700678 
1.425204 -1.115586 -100.601882 
1.430204 -1.069668 -98.700678 
1.435204 -1.023305 -91.095861 
1.440204 -0.976514 -91.095861 
1.445204 -0.929318 -87.293453 
1.450205 -0.881727 -81.589840 
1.455207 -0.833763 -83.491045 
1.460207 -0.785462 -89.194657 
1.465207 -0.736833 -79.688636 
1.470207 -0.687897 -77.787432 
1.475208 -0.638674 -77.787432 
1.480208 -0.589186 -83.491045 
1.485208 -0.539448 -75.886228 
1.490209 -0.489486 -79.688636 
1.495209 -0.439322 -68.281411 
1.500209 -0.388975 -68.281411 
1.505210 -0.338466 -72.083820 
1.510210 -0.287812 -68.281411 
1.515211 -0.237040 -54.972982 
1.520211 -0.186171 -51.170574 
1.525211 -0.135222 -53.071778 
1.530211 -0.084220 -45.466962 
1.535211 -0.033184 -51.170574 
1.540211 0.017867 -41.664553 
1.545212 0.068911 -34.059737 
1.550212 0.119924 -39.763349 
1.555212 0.170889 -28.356124 
1.560212 0.221782 -24.553716 
1.565212 0.272583 -30.257328 
1.570212 0.323271 -20.751308 
1.575212 0.373823 -13.146491 
1.580212 0.424220 -18.850103 
1.585212 0.474440 -13.146491 
1.590212 0.524460 -5.541674 
1.595213 0.574264 -5.541674 
1.600213 0.623832 2.063142 
1.605214 0.673139 5.865551 
1.610214 0.722163 7.766755 
1.615214 0.770886 15.371571 
1.620214 0.819287 17.272775 
1.625214 0.867346 19.173980 
1.630214 0.915043 17.272775 
1.635215 0.962358 26.778796 
1.640224 1.009360 32.482409 
1.645224 1.055852 26.778796 
1.650224 1.101904 34.383613 
1.655224 1.147497 40.087225 
1.660224 1.192611 40.087225 
1.665225 1.237227 47.692042 
1.670225 1.281328 38.186021 
1.675225 1.324895 43.889634 
1.680225 1.367910 49.593246 
1.685225 1.410354 53.395654 
1.690225 1.452210 53.395654 
1.695225 1.493460 62.901675 
1.700226 1.534087 61.000471 
1.705226 1.574074 62.901675 
1.710226 1.613405 64.802879 
1.715226 1.652064 64.802879 
1.720226 1.690033 66.704083 
1.725226 1.727298 66.704083 
1.730226 1.763843 74.308900 
1.735226 1.799652 72.407696 
1.740227 1.834711 78.111308 
1.745227 1.869007 78.111308 
1.750228 1.902523 80.012512 
1.755228 1.935245 81.913717 
1.760228 1.967159 83.814921 
1.765228 1.998252 93.320941 
1.770228 2.028513 87.617329 
1.775229 2.057927 89.518533 
1.780229 2.086483 99.024554 
1.785229 2.114169 95.222146 
1.790229 2.140973 91.419737 
1.795229 2.166885 102.826962 
1.800229 2.191893 102.826962 
1.805229 2.215986 97.123350 
1.810229 2.239156 104.728166 
1.815229 2.261392 108.530575 
1.820229 2.282686 100.925758 
1.825230 2.303028 110.431779 
1.830230 2.322410 114.234187 
1.835231 2.340823 106.629371 
1.840231 2.358260 119.937800 
1.845231 2.374713 114.234187 
1.850231 2.390176 116.135391 
1.855231 2.404642 114.234187 
1.860232 2.418105 119.937800 
1.865232 2.430560 112.332983 
1.870232 2.442002 116.135391 
1.875232 2.452424 116.135391 
1.880232 2.461825 112.332983 
1.885232 2.470199 121.839004 
1.890233 2.477542 121.839004 
1.895233 2.483853 119.937800 
1.900233 2.489128 123.740208 
1.905233 2.493364 116.135391 
1.910233 2.496561 121.839004 
1.915233 2.498717 121.839004 
1.920233 2.499831 127.542616 
1.925233 2.499903 123.740208 
1.930234 2.498932 118.036595 
1.935234 2.496919 129.443820 
1.940234 2.493865 119.937800 
1.945234 2.489771 121.839004 
1.950234 2.484639 127.542616 
1.955234 2.478471 123.740208 
1.960234 2.471269 127.542616 
1.965235 2.463036 131.345025 
1.970235 2.453776 121.839004 
1.975235 2.443493 125.641412 
1.980236 2.432191 125.641412 
1.985236 2.419875 123.740208 
1.990236 2.406549 119.937800 
1.995236 2.392220 127.542616 
2.000237 2.376894 118.036595 
2.005237 2.360576 127.542616 
2.010237 2.343274 125.641412 
2.015237 2.324995 123.740208 
2.020237 2.305746 118.036595 
2.025238 2.285536 125.641412 
2.030238 2.264373 121.839004 
2.035238 2.242265 116.135391 
2.040238 2.219222 114.234187 
2.045239 2.195253 121.839004 
2.050239 2.170370 125.641412 
2.055239 2.144580 119.937800 
2.060239 2.117897 116.135391 
2.065240 2.090330 118.036595 
2.070240 2.061893 121.839004 
2.075240 2.032596 116.135391 
2.080240 2.002451 116.135391 
2.085240 1.971470 114.234187 
2.090240 1.939668 114.234187 
2.095241 1.907057 118.036595 
2.100241 1.873650 114.234187 
2.105241 1.839463 104.728166 
2.110241 1.804509 106.629371 
2.115241 1.768802 114.234187 
2.120241 1.732358 106.629371 
2.125241 1.695191 102.826962 
2.130241 1.657318 104.728166 
2.135242 1.618753 102.826962 
2.140242 1.579513 95.222146 
2.145242 1.539614 99.024554 
2.150242 1.499074 99.024554 
2.155242 1.457909 99.024554 
2.160242 1.416135 97.123350 
2.165242 1.373771 97.123350 
2.170242 1.330835 97.123350 
2.175242 1.287343 95.222146 
2.180243 1.243314 83.814921 
2.185243 1.198766 87.617329 
2.190243 1.153719 87.617329 
2.195243 1.108191 78.111308 
2.200243 1.062201 80.012512 
2.205243 1.015767 83.814921 
2.210243 0.968910 72.407696 
2.215255 0.921541 80.012512 
2.220255 0.873894 68.605288 
2.225255 0.825883 72.407696 
2.230256 0.777528 62.901675 
2.235256 0.728850 61.000471 
2.240256 0.679866 66.704083 
2.245256 0.630599 61.000471 
2.250256 0.581070 55.296858 
2.255256 0.531298 57.198063 
2.260256 0.481304 55.296858 
2.265257 0.431110 57.198063 
2.270257 0.380736 53.395654 
2.275257 0.330204 43.889634 
2.280257 0.279533 34.383613 
2.285257 0.228746 32.482409 
2.290257 0.177864 28.680000 
2.295257 0.126909 22.976388 
2.300257 0.075899 15.371571 
2.305258 0.024858 21.075184 
2.310258 -0.026193 13.470367 
2.315258 -0.077233 3.964346 
2.320258 -0.128242 3.964346 
2.325258 -0.179196 3.964346 
2.330258 -0.230076 -3.640470 
2.335258 -0.280859 -9.344083 
2.340258 -0.331526 -3.640470 
2.345258 -0.382054 -1.739266 
2.350259 -0.432424 -1.739266 
2.355259 -0.482611 3.964346 
2.360259 -0.532599 5.865551 
2.365259 -0.582365 7.766755 
2.370259 -0.631888 -3.640470 
2.375259 -0.681148 -9.344083 
2.380259 -0.730123 -5.541674 
2.385259 -0.778794 -11.245287 
2.390260 -0.827141 -11.245287 
2.395260 -0.875142 -24.553716 
2.400260 -0.922777 -24.553716 
2.405260 -0.970028 -34.059737 
2.410260 -1.016875 -32.158532 
2.415260 -1.063298 -34.059737 
2.420260 -1.109277 -43.565757 
2.425260 -1.154795 -35.960941 
2.430260 -1.199830 -41.664553 
2.435261 -1.244365 -51.170574 
2.440261 -1.288381 -41.664553 
2.445261 -1.331859 -51.170574 
2.450261 -1.374783 -51.170574 
2.455261 -1.417133 -51.170574 
2.460261 -1.458892 -51.170574 
2.465261 -1.500043 -64.479003 
2.470261 -1.540568 -64.479003 
2.475261 -1.580452 -66.380207 
2.480262 -1.619675 -75.886228 
2.485262 -1.658224 -66.380207 
2.490262 -1.696081 -70.182616 
2.495262 -1.733231 -70.182616 
2.500262 -1.769657 -77.787432 
2.505262 -1.805347 -73.985024 
2.510262 -1.840282 -75.886228 
2.515262 -1.874451 -83.491045 
2.520262 -1.907838 -83.491045 
2.525262 -1.940430 -89.194657 
2.530263 -1.972213 -87.293453 
2.535263 -2.003173 -91.095861 
2.540263 -2.033298 -100.601882 
2.545263 -2.062575 -102.503086 
2.550263 -2.090991 -106.305494 
2.555263 -2.118536 -104.404290 
2.560263 -2.145198 -102.503086 
2.565263 -2.170965 -112.009107 
2.570263 -2.195826 -108.206699 
2.575263 -2.219773 -110.107903 
2.580264 -2.242793 -106.305494 
2.585264 -2.264879 -106.305494 
2.590264 -2.286019 -110.107903 
2.595264 -2.306206 -117.712719 
2.600264 -2.325433 -119.613923 
2.605264 -2.343689 -123.416332 
2.610264 -2.360967 -121.515128 
2.615264 -2.377262 -119.613923 
2.620264 -2.392565 -123.416332 
2.625265 -2.406870 -123.416332 
2.630265 -2.420172 -125.317536 
2.635265 -2.432465 -121.515128 
2.640265 -2.443743 -129.119944 
2.645265 -2.454002 -127.218740 
2.650265 -2.463238 -127.218740 
2.655265 -2.471446 -125.317536 
2.660265 -2.478624 -129.119944 
2.665266 -2.484769 -129.119944 
2.670266 -2.489877 -129.119944 
2.675266 -2.493947 -127.218740 
2.680266 -2.496977 -136.724761 
2.685266 -2.498966 -132.922353 
2.690266 -2.499913 -131.021148 
2.695266 -2.499818 -132.922353 
2.700266 -2.498679 -132.922353 
2.705266 -2.496500 -138.625965 
2.710267 -2.493279 -127.218740 
2.715267 -2.489018 -136.724761 
2.720267 -2.483719 -138.625965 
2.725267 -2.477385 -127.218740 
2.730267 -2.470018 -132.922353 
2.735267 -2.461621 -136.724761 
2.740267 -2.452196 -129.119944 
2.745268 -2.441750 -132.922353 
2.750268 -2.430285 -136.724761 
2.755268 -2.417807 -131.021148 
2.760268 -2.404320 -136.724761 
2.765268 -2.389831 -129.119944 
2.770268 -2.374346 -129.119944 
2.775268 -2.357871 -132.922353 
2.780269 -2.340412 -123.416332 
2.785269 -2.321977 -127.218740 
2.790269 -2.302575 -132.922353 
2.795269 -2.282211 -121.515128 
2.800269 -2.260896 -123.416332 
2.805269 -2.238638 -125.317536 
2.810269 -2.215447 -127.218740 
2.815270 -2.191332 -125.317536 
2.820270 -2.166302 -119.613923 
2.825270 -2.140370 -123.416332 
2.830270 -2.113546 -125.317536 
2.835270 -2.085839 -115.811515 
2.840271 -2.057263 -119.613923 
2.845271 -2.027829 -123.416332 
2.850271 -1.997550 -127.218740 
2.855271 -1.966438 -121.515128 
2.860271 -1.934506 -123.416332 
2.865271 -1.901767 -129.119944 
2.870271 -1.868234 -123.416332 
2.875271 -1.833923 -119.613923 
2.880272 -1.798848 -123.416332 
2.885272 -1.763022 -119.613923 
2.890272 -1.726461 -110.107903 
2.895272 -1.689181 -115.811515 
2.900272 -1.651195 -110.107903 
2.905272 -1.612521 -113.910311 
2.910272 -1.573175 -104.404290 
2.915272 -1.533173 -108.206699 
2.920272 -1.492532 -115.811515 
2.925273 -1.451268 -106.305494 
2.930273 -1.409399 -104.404290 
2.935273 -1.366942 -104.404290 
2.940273 -1.323915 -106.305494 
2.945273 -1.280336 -98.700678 
2.950273 -1.236224 -94.898269 
2.955273 -1.191596 -91.095861 
2.960273 -1.146471 -87.293453 
2.965273 -1.100868 -87.293453 
2.970274 -1.054804 -87.293453 
2.975274 -1.008301 -81.589840 
2.980274 -0.961378 -81.589840 
2.985274 -0.914055 -87.293453 
2.990274 -0.866351 -79.688636 
2.995274 -0.818284 -77.787432 
3.000274 -0.769876 -75.886228 
3.005275 -0.721148 -77.787432 
3.010275 -0.672120 -72.083820 
3.015275 -0.622810 -68.281411 
3.020275 -0.573240 -66.380207 
3.025275 -0.523432 -60.676595 
3.030275 -0.473406 -60.676595 
3.035275 -0.423182 -56.874186 
3.040276 -0.372781 -51.170574 
3.045276 -0.322225 -51.170574 
3.050276 -0.271536 -53.071778 
3.055276 -0.220733 -45.466962 
3.060276 -0.169838 -41.664553 
3.065276 -0.118872 -35.960941 
3.070276 -0.067856 -37.862145 
3.075276 -0.016812 -30.257328 
3.080276 0.034238 -24.553716 
3.085277 0.085275 -22.652512 
3.090277 0.136276 -22.652512 
3.095277 0.187220 -15.047695 
3.100277 0.238086 -11.245287 
3.105277 0.288853 -13.146491 
3.110277 0.339499 -7.442879 
3.115277 0.390004 0.161938 
3.120277 0.440346 5.865551 
3.125277 0.490504 3.964346 
3.130278 0.540458 2.063142 
3.135278 0.590187 5.865551 
3.140278 0.639670 3.964346 
3.145278 0.688887 5.865551 
3.150278 0.737816 15.371571 
3.155278 0.786438 11.569163 
3.160279 0.834732 9.667959 
3.165279 0.882676 19.173980 
3.170279 0.930253 24.877592 
3.175279 0.977443 17.272775 
3.180279 1.024225 21.075184 
3.185279 1.070580 30.581204 
3.190280 1.116487 34.383613 
3.195280 1.161928 34.383613 
3.200280 1.206887 34.383613 
3.205280 1.251342 38.186021 
3.210280 1.295274 41.988429 
3.215280 1.338667 47.692042 
3.220280 1.381501 45.790838 
3.225280 1.423760 51.494450 
3.230281 1.465425 49.593246 
3.235281 1.506477 64.802879 
3.240281 1.546902 57.198063 
3.245281 1.586682 68.605288 
3.250281 1.625801 70.506492 
3.255281 1.664242 78.111308 
3.260281 1.701988 72.407696 
3.265281 1.739025 78.111308 
3.270281 1.775337 81.913717 
3.275282 1.810909 81.913717 
3.280282 1.845727 83.814921 
3.285282 1.879774 87.617329 
3.290283 1.913040 81.913717 
3.295283 1.945505 85.716125 
3.300283 1.977160 91.419737 
3.305284 2.007989 91.419737 
3.310284 2.037982 95.222146 
3.315284 2.067125 93.320941 
3.320284 2.095405 100.925758 
3.325285 2.122812 93.320941 
3.330285 2.149334 104.728166 
3.335285 2.174960 106.629371 
3.340286 2.199678 102.826962 
3.345286 2.223479 106.629371 
3.350286 2.246352 110.431779 
3.355286 2.268289 110.431779 
3.360286 2.289280 104.728166 
3.365286 2.309315 112.332983 
3.370287 2.328388 116.135391 
3.375287 2.346491 110.431779 
3.380287 2.363615 112.332983 
3.385287 2.379753 112.332983 
3.390288 2.394898 118.036595 
3.395288 2.409045 116.135391 
3.400288 2.422188 121.839004 
3.405288 2.434320 121.839004 
3.410289 2.445437 123.740208 
3.415289 2.455535 127.542616 
3.420289 2.464608 121.839004 
3.425289 2.472654 125.641412 
3.430289 2.479668 129.443820 
3.435290 2.485648 123.740208 
3.440290 2.490592 123.740208 
3.445290 2.494497 129.443820 
3.450290 2.497362 127.542616 
3.455290 2.499186 131.345025 
3.460290 2.499968 123.740208 
3.465290 2.499707 125.641412 
3.470290 2.498403 127.542616 
3.475290 2.496058 123.740208 
3.480291 2.492672 127.542616 
3.485291 2.488247 127.542616 
3.490291 2.482783 137.048637 
3.495291 2.476285 131.345025 
3.500291 2.468754 127.542616 
3.505292 2.460193 131.345025 
3.510292 2.450606 131.345025 
3.515292 2.439998 133.246229 
3.520292 2.428373 135.147433 
3.525292 2.415733 123.740208 
3.530293 2.402087 127.542616 
3.535293 2.387439 127.542616 
3.540293 2.371796 127.542616 
3.545293 2.355163 135.147433 
3.550294 2.337548 125.641412 
3.555294 2.318959 131.345025 
3.560294 2.299402 133.246229 
3.565294 2.278887 125.641412 
3.570295 2.257421 127.542616 
3.575295 2.235014 131.345025 
3.580295 2.211675 121.839004 
3.585295 2.187414 123.740208 
3.590296 2.162240 123.740208 
3.595296 2.136165 127.542616 
3.600296 2.109199 127.542616 
3.605296 2.081353 121.839004 
3.610296 2.052640 123.740208 
3.615296 2.023071 118.036595 
3.620297 1.992658 118.036595 
3.625297 1.961414 116.135391 
3.630297 1.929350 121.839004 
3.635297 1.896484 114.234187 
3.640298 1.862828 116.135391 
3.645298 1.828394 116.135391 
3.650298 1.793198 114.234187 
3.655298 1.757253 112.332983 
3.660298 1.720576 106.629371 
3.665298 1.683182 108.530575 
3.670300 1.645074 108.530575 
3.675300 1.606291 110.431779 
3.680300 1.566839 106.629371 
3.685301 1.526732 102.826962 
3.690301 1.485989 100.925758 
3.695301 1.444624 100.925758 
3.700302 1.402658 97.123350 
3.705302 1.360107 99.024554 
3.710302 1.316990 99.024554 
3.715303 1.273320 97.123350 
3.720308 1.229084 93.320941 
3.725308 1.184373 91.419737 
3.730308 1.139167 89.518533 
3.735309 1.093487 87.617329 
3.740309 1.047351 91.419737 
3.745309 1.000778 83.814921 
3.750309 0.953788 83.814921 
3.755310 0.906401 76.210104 
3.760310 0.858636 76.210104 
3.765310 0.810512 74.308900 
3.770310 0.762050 68.605288 
3.775311 0.713272 66.704083 
3.780311 0.664194 72.407696 
3.785311 0.614840 72.407696 
3.790312 0.565228 66.704083 
3.795312 0.515383 57.198063 
3.800312 0.465324 57.198063 
3.805312 0.415070 53.395654 
3.810312 0.364643 57.198063 
3.815312 0.314064 47.692042 
3.820313 0.263355 40.087225 
3.825313 0.212536 41.988429 
3.830313 0.161627 38.186021 
3.835313 0.110651 34.383613 
3.840313 0.059628 24.877592 
3.845313 0.008581 17.272775 
3.850313 -0.042469 17.272775 
3.855314 -0.093508 9.667959 
3.860315 -0.144503 7.766755 
3.865315 -0.195437 5.865551 
3.870315 -0.246289 5.865551 
3.875315 -0.297040 0.161938 
3.880315 -0.347664 0.161938 
3.885315 -0.398145 -7.442879 
3.890316 -0.448459 -1.739266 
3.895316 -0.498585 2.063142 
3.900316 -0.548504 3.964346 
3.905316 -0.598194 0.161938 
3.910316 -0.647634 -1.739266 
3.915316 -0.696805 -7.442879 
3.920316 -0.745685 -13.146491 
3.925316 -0.794255 -13.146491 
3.930316 -0.842494 -16.948899 
3.935317 -0.890382 -20.751308 
3.940317 -0.937898 -26.454920 
3.945317 -0.985023 -22.652512 
3.950317 -1.031738 -30.257328 
3.955317 -1.078020 -37.862145 
3.960317 -1.123855 -39.763349 
3.965318 -1.169221 -37.862145 
3.970318 -1.214099 -41.664553 
3.975318 -1.258471 -43.565757 
3.980318 -1.302319 -43.565757 
3.985318 -1.345623 -49.269370 
3.990319 -1.388368 -53.071778 
3.995319 -1.430531 -64.479003 
4.000319 -1.472098 -58.775391 
4.005319 -1.513051 -62.577799 
4.010319 -1.553373 -58.775391 
4.015320 -1.593048 -66.380207 
4.020320 -1.632059 -64.479003 
4.025320 -1.670389 -66.380207 
4.030320 -1.708023 -73.985024 
4.035320 -1.744943 -72.083820 
4.040320 -1.781137 -73.985024 
4.045321 -1.816587 -83.491045 
4.050321 -1.851281 -85.392249 
4.055321 -1.885201 -85.392249 
4.060321 -1.918336 -79.688636 
4.065321 -1.950670 -85.392249 
4.070321 -1.982192 -92.997065 
4.075321 -2.012888 -87.293453 
4.080322 -2.042744 -98.700678 
4.085322 -2.071748 -104.404290 
4.090322 -2.099888 -94.898269 
4.095322 -2.127153 -104.404290 
4.100323 -2.153530 -110.107903 
4.105323 -2.179009 -108.206699 
4.110323 -2.203580 -106.305494 
4.115323 -2.227232 -104.404290 
4.120323 -2.249954 -110.107903 
4.125323 -2.271739 -112.009107 
4.130324 -2.292576 -112.009107 
4.135324 -2.312457 -113.910311 
4.140324 -2.331375 -117.712719 
4.145324 -2.349320 -113.910311 
4.150325 -2.366285 -117.712719 
4.155325 -2.382264 -123.416332 
4.160325 -2.397248 -123.416332 
4.165325 -2.411233 -125.317536 
4.170325 -2.424213 -117.712719 
4.175326 -2.436182 -121.515128 
4.180326 -2.447134 -121.515128 
4.185326 -2.457067 -123.416332 
4.190326 -2.465975 -129.119944 
4.195326 -2.473854 -129.119944 
4.200326 -2.480702 -127.218740 
4.205327 -2.486516 -127.218740 
4.210327 -2.491292 -131.021148 
4.215327 -2.495030 -123.416332 
4.220327 -2.497727 -123.416332 
4.225327 -2.499383 -129.119944 
4.230328 -2.499996 -129.119944 
4.235328 -2.499567 -131.021148 
4.240328 -2.498095 -132.922353 
4.245328 -2.495582 -123.416332 
4.250328 -2.492028 -127.218740 
4.255329 -2.487435 -134.823557 
4.260329 -2.481804 -123.416332 
4.265329 -2.475139 -129.119944 
4.270329 -2.467441 -127.218740 
4.275330 -2.458715 -125.317536 
4.280330 -2.448963 -127.218740 
4.285330 -2.438190 -131.021148 
4.290330 -2.426400 -127.218740 
4.295330 -2.413598 -127.218740 
4.300331 -2.399790 -125.317536 
4.305331 -2.384981 -129.119944 
4.310331 -2.369178 -129.119944 
4.315331 -2.352387 -123.416332 
4.320331 -2.334615 -125.317536 
4.325331 -2.315869 -127.218740 
4.330331 -2.296158 -125.317536 
4.335332 -2.275488 -134.823557 
4.340332 -2.253870 -131.021148 
4.345332 -2.231313 -131.021148 
4.350332 -2.207824 -132.922353 
4.355332 -2.183416 -129.119944 
4.360332 -2.158097 -136.724761 
4.365333 -2.131878 -132.922353 
4.370333 -2.104770 -121.515128 
4.375333 -2.076784 -129.119944 
4.380333 -2.047932 -123.416332 
4.385333 -2.018227 -121.515128 
4.390333 -1.987679 -119.613923 
4.395333 -1.956303 -119.613923 
4.400333 -1.924111 -123.416332 
4.405334 -1.891117 -112.009107 
4.410334 -1.857333 -117.712719 
4.415334 -1.822775 -119.613923 
4.420334 -1.787458 -113.910311 
4.425334 -1.751395 -117.712719 
4.430334 -1.714601 -112.009107 
4.435335 -1.677093 -119.613923 
4.440335 -1.638885 -112.009107 
4.445335 -1.599994 -106.305494 
4.450335 -1.560436 -108.206699 
4.455335 -1.520227 -100.601882 
4.460335 -1.479385 -94.898269 
4.465339 -1.437897 -106.305494 
4.470339 -1.395838 -98.700678 
4.475339 -1.353196 -92.997065 
4.480339 -1.309991 -91.095861 
4.485339 -1.266238 -100.601882 
4.490339 -1.221959 -92.997065 
4.495339 -1.177168 -87.293453 
4.500339 -1.131888 -94.898269 
4.505339 -1.086135 -89.194657 
4.510340 -1.039930 -77.787432 
4.515340 -0.993291 -89.194657 
4.520340 -0.946237 -85.392249 
4.525340 -0.898790 -81.589840 
4.530340 -0.850965 -72.083820 
4.535340 -0.802787 -73.985024 
4.540340 -0.754274 -70.182616 
4.545341 -0.705448 -68.281411 
4.550341 -0.656327 -64.479003 
4.555341 -0.606932 -64.479003 
4.560341 -0.557284 -68.281411 
4.565341 -0.507404 -62.577799 
4.570341 -0.457313 -53.071778 
4.575351 -0.406932 -51.170574 
4.580351 -0.356479 -53.071778 
4.585351 -0.305877 -53.071778 
4.590351 -0.255147 -45.466962 
4.595352 -0.204312 -35.960941 
4.600352 -0.153392 -41.664553 
4.605352 -0.102407 -34.059737 
4.610352 -0.051379 -30.257328 
4.615352 -0.000331 -20.751308 
4.620352 0.050717 -15.047695 
4.625352 0.101746 -20.751308 
4.630353 0.152731 -13.146491 
4.635353 0.203652 -5.541674 
4.640353 0.254488 -13.146491 
4.645353 0.305218 -9.344083 
4.650353 0.355820 3.964346 
4.655353 0.406275 2.063142 
4.660353 0.456561 2.063142 
4.665353 0.506656 2.063142 
4.670353 0.556540 3.964346 
4.675353 0.606190 5.865551 
4.680354 0.655588 11.569163 
4.685354 0.704714 11.569163 
4.690354 0.753546 9.667959 
4.695354 0.802063 13.470367 
4.700354 0.850246 19.173980 
4.705354 0.898073 22.976388 
4.710354 0.945527 24.877592 
4.715354 0.992587 26.778796 
4.720355 1.039233 24.877592 
4.725355 1.085445 34.383613 
4.730355 1.131205 34.383613 
4.735355 1.176494 32.482409 
4.740355 1.221291 34.383613 
4.745355 1.265579 47.692042 
4.750355 1.309338 43.889634 
4.755355 1.352551 45.790838 
4.760355 1.395202 55.296858 
4.765356 1.437272 59.099267 
4.770356 1.478741 57.198063 
4.775356 1.519593 61.000471 
4.780356 1.559812 66.704083 
4.785356 1.599380 70.506492 
4.790356 1.638281 66.704083 
4.795356 1.676499 76.210104 
4.800356 1.714018 78.111308 
4.805357 1.750824 74.308900 
4.810357 1.786899 83.814921 
4.815357 1.822229 78.111308 
4.820370 1.856887 91.419737 
4.825370 1.890680 87.617329 
4.830370 1.923685 93.320941 
4.835370 1.955887 87.617329 
4.840371 1.987274 97.123350 
4.845371 2.017832 97.123350 
4.850371 2.047550 97.123350 
4.855371 2.076413 100.925758 
4.860371 2.104410 95.222146 
4.865371 2.131530 108.530575 
4.870371 2.157761 104.728166 
4.875372 2.183091 100.925758 
4.880372 2.207512 112.332983 
4.885372 2.231012 108.530575 
4.890372 2.253581 110.431779 
4.895372 2.275212 106.629371 
4.900372 2.295893 118.036595 
4.905372 2.315617 119.937800 
4.910372 2.334375 114.234187 
4.915372 2.352160 116.135391 
4.920373 2.368964 112.332983 
4.925373 2.384780 123.740208 
4.930373 2.399602 123.740208 
4.935373 2.413423 125.641412 
4.940373 2.426238 118.036595 
4.945373 2.438041 119.937800 
4.950373 2.448827 129.443820 
4.955374 2.458593 127.542616 
4.960374 2.467333 121.839004 
4.965374 2.475044 127.542616 
4.970374 2.481722 123.740208 
4.975374 2.487366 129.443820 
4.980374 2.491973 129.443820 
4.985374 2.495541 123.740208 
4.990374 2.498068 135.147433 
4.995374 2.499554 127.542616 
5.000374 2.499997 131.345025 
5.005375 2.499398 131.345025 
5.010375 2.497756 131.345025 
5.015375 2.495073 131.345025 
5.020375 2.491350 131.345025 
5.025375 2.486587 135.147433 
5.030375 2.480788 133.246229 
5.035375 2.473954 135.147433 
5.040376 2.466088 133.246229 
5.045376 2.457194 133.246229 
5.050376 2.447275 133.246229 
5.055376 2.436336 133.246229 
5.060376 2.424381 131.345025 
5.065377 2.411415 131.345025 
5.070377 2.397444 133.246229 
5.075377 2.382473 125.641412 
5.080377 2.366508 129.443820 
5.085377 2.349556 133.246229 
5.090377 2.331625 129.443820 
5.095377 2.312722 125.641412 
5.100377 2.292854 135.147433 
5.105377 2.272030 129.443820 
5.110377 2.250259 129.443820 
5.115378 2.227549 131.345025 
5.120378 2.203910 123.740208 
5.125378 2.179352 125.641412 
5.130378 2.153884 127.542616 
5.135379 2.127518 118.036595 
5.140379 2.100263 121.839004 
5.145379 2.072136 127.542616 
5.150380 2.043143 131.345025 
5.155380 2.013299 119.937800 
5.160380 1.982616 121.839004 
5.165380 1.951106 116.135391 
5.170380 1.918782 114.234187 
5.175380 1.885659 114.234187 
5.180380 1.851749 116.135391 
5.185380 1.817066 110.431779 
5.190380 1.781626 116.135391 
5.195381 1.745443 112.332983 
5.200381 1.708531 114.234187 
5.205381 1.670908 108.530575 
5.210381 1.632588 114.234187 
5.215381 1.593587 106.629371 
5.220381 1.553922 106.629371 
5.225381 1.513608 110.431779 
5.230382 1.472662 100.925758 
5.235382 1.431104 102.826962 
5.240382 1.388949 100.925758 
5.245382 1.346212 102.826962 
5.250382 1.302916 100.925758 
5.255382 1.259077 100.925758 
5.260383 1.214713 99.024554 
5.265383 1.169842 91.419737 
5.270383 1.124482 95.222146 
5.275383 1.078655 93.320941 
5.280383 1.032378 85.716125 
5.285383 0.985669 83.814921 
5.290383 0.938549 89.518533 
5.295384 0.891039 80.012512 
5.300384 0.843156 83.814921 
5.305384 0.794922 78.111308 
5.310384 0.746356 68.605288 
5.315384 0.697479 72.407696 
5.320385 0.648312 74.308900 
5.325385 0.598876 62.901675 
5.330385 0.549188 61.000471 
5.335385 0.499272 64.802879 
5.340385 0.449148 55.296858 
5.345385 0.398836 59.099267 
5.350385 0.348358 57.198063 
5.355385 0.297734 47.692042 
5.360386 0.246987 40.087225 
5.365386 0.196137 41.988429 
5.370386 0.145204 36.284817 
5.375386 0.094210 24.877592 
5.380386 0.043179 22.976388 
5.385386 -0.007872 21.075184 
5.390386 -0.058919 15.371571 
5.395387 -0.109941 11.569163 
5.400387 -0.160917 13.470367 
5.405387 -0.211826 3.964346 
5.410387 -0.262646 3.964346 
5.415387 -0.313357 -7.442879 
5.420387 -0.363938 -5.541674 
5.425387 -0.414365 -3.640470 
5.430387 -0.464622 -1.739266 
5.435387 -0.514685 -5.541674 
5.440388 -0.564533 5.865551 
5.445388 -0.614145 3.964346 
5.450388 -0.663502 -9.344083 
5.455388 -0.712582 -11.245287 
5.460388 -0.761364 -16.948899 
5.465388 -0.809829 -18.850103 
5.470388 -0.857957 -15.047695 
5.475389 -0.905727 -15.047695 
5.480389 -0.953120 -22.652512 
5.485389 -1.000113 -32.158532 
5.490389 -1.046691 -35.960941 
5.495389 -1.092832 -34.059737 
5.500389 -1.138516 -30.257328 
5.505389 -1.183727 -43.565757 
5.510389 -1.228443 -47.368166 
5.515390 -1.272647 -51.170574 
5.520390 -1.316322 -43.565757 
5.525390 -1.359447 -47.368166 
5.530390 -1.402006 -51.170574 
5.535390 -1.443979 -62.577799 
5.540390 -1.485350 -66.380207 
5.545390 -1.526102 -58.775391 
5.550391 -1.566218 -64.479003 
5.555391 -1.605681 -62.577799 
5.560391 -1.644473 -73.985024 
5.565391 -1.682580 -75.886228 
5.570391 -1.719986 -79.688636 
5.575391 -1.756674 -70.182616 
5.580391 -1.792629 -77.787432 
5.585391 -1.827837 -81.589840 
5.590392 -1.862283 -77.787432 
5.595392 -1.895953 -77.787432 
5.600392 -1.928831 -89.194657 
5.605392 -1.960906 -91.095861 
5.610392 -1.992161 -92.997065 
5.615392 -2.022588 -91.095861 
5.620392 -2.052170 -92.997065 
5.625392 -2.080897 -98.700678 
5.630392 -2.108756 -100.601882 
5.635393 -2.135736 -102.503086 
5.640393 -2.161825 -106.305494 
5.645393 -2.187013 -104.404290 
5.650393 -2.211288 -110.107903 
5.655393 -2.234642 -106.305494 
5.660393 -2.257065 -113.910311 
5.665393 -2.278546 -115.811515 
5.670394 -2.299076 -108.206699 
5.675394 -2.318648 -110.107903 
5.680394 -2.337253 -115.811515 
5.685394 -2.354884 -115.811515 
5.690394 -2.371532 -115.811515 
5.695394 -2.387191 -113.910311 
5.700394 -2.401855 -113.910311 
5.705395 -2.415517 -117.712719 
5.710395 -2.428172 -123.416332 
5.715395 -2.439815 -127.218740 
5.720395 -2.450440 -121.515128 
5.725395 -2.460043 -123.416332 
5.730395 -2.468621 -123.416332 
5.735395 -2.476169 -123.416332 
5.740395 -2.482684 -125.317536 
5.745396 -2.488164 -125.317536 
5.750396 -2.492607 -129.119944 
5.755396 -2.496010 -129.119944 
5.760396 -2.498373 -129.119944 
5.765396 -2.499693 -129.119944 
5.770396 -2.499972 -132.922353 
5.775396 -2.499207 -129.119944 
5.780397 -2.497401 -123.416332 
5.785397 -2.494553 -121.515128 
5.790397 -2.490665 -123.416332 
5.795397 -2.485739 -127.218740 
5.800397 -2.479775 -123.416332 
5.805397 -2.472778 -119.613923 
5.810397 -2.464750 -127.218740 
5.815398 -2.455693 -129.119944 
5.820398 -2.445613 -119.613923 
5.825398 -2.434513 -121.515128 
5.830398 -2.422398 -119.613923 
5.835398 -2.409273 -129.119944 
5.840398 -2.395143 -125.317536 
5.845398 -2.380014 -117.712719 
5.850398 -2.363893 -129.119944 
5.855398 -2.346786 -125.317536 
5.860399 -2.328700 -125.317536 
5.865399 -2.309644 -132.922353 
5.870399 -2.289624 -138.625965 
5.875399 -2.268650 -134.823557 
5.880399 -2.246729 -132.922353 
5.885399 -2.223870 -136.724761 
5.890400 -2.200085 -125.317536 
5.895400 -2.175381 -127.218740 
5.900400 -2.149771 -125.317536 
5.905401 -2.123264 -123.416332 
5.910401 -2.095872 -123.416332 
5.915401 -2.067607 -121.515128 
5.920401 -2.038479 -119.613923 
5.925401 -2.008502 -121.515128 
5.930401 -1.977687 -119.613923 
5.935402 -1.946047 -125.317536 
5.940402 -1.913596 -125.317536 
5.945402 -1.880347 -121.515128 
5.950402 -1.846314 -121.515128 
5.955402 -1.811511 -125.317536 
5.960402 -1.775952 -113.910311 
5.965402 -1.739653 -110.107903 
5.970406 -1.702598 -112.009107 
5.975406 -1.664863 -113.910311 
5.980407 -1.626434 -108.206699 
5.985407 -1.587326 -104.404290 
5.990407 -1.547556 -102.503086 
5.995407 -1.507142 -106.305494 
