0.000001 0.000008 -5.176020 
0.005001 0.062837 2.428797 
0.010001 0.125623 -1.373612 
0.015013 0.188486 -1.373612 
0.020014 0.251074 -5.176020 
0.025014 0.313504 -3.274816 
0.030014 0.375735 -1.373612 
0.035014 0.437730 2.428797 
0.040014 0.499447 -1.373612 
0.045014 0.560850 -7.077224 
0.050014 0.621899 -3.274816 
0.055014 0.682555 -1.373612 
0.060015 0.742780 4.330001 
0.065015 0.802535 -1.373612 
0.070015 0.861783 -1.373612 
0.075015 0.920487 6.231205 
0.080015 0.978610 4.330001 
0.085015 1.036115 6.231205 
0.090016 1.092966 17.638430 
0.095016 1.149126 17.638430 
0.100016 1.204561 27.144451 
0.105016 1.259236 29.045655 
0.110016 1.313113 32.848063 
0.115017 1.366161 27.144451 
0.120017 1.418345 34.749267 
0.125017 1.469635 34.749267 
0.130017 1.519996 34.749267 
0.135017 1.569397 36.650471 
0.140017 1.617806 36.650471 
0.145018 1.665195 42.354084 
0.150018 1.711533 46.156492 
0.155018 1.756789 49.958900 
0.160019 1.800936 53.761309 
0.165019 1.843942 51.860105 
0.170019 1.885787 61.366125 
0.175019 1.926438 59.464921 
0.180020 1.965873 59.464921 
0.185020 2.004067 68.970942 
0.190020 2.040994 65.168534 
0.195020 2.076631 63.267330 
0.200020 2.110958 63.267330 
0.205021 2.143950 70.872146 
0.210021 2.175589 76.575759 
0.215021 2.205854 72.773350 
0.220021 2.234724 78.476963 
0.225021 2.262183 82.279371 
0.230022 2.288213 78.476963 
0.235022 2.312797 82.279371 
0.240022 2.335920 89.884188 
0.245022 2.357570 80.378167 
0.250022 2.377728 84.180575 
0.255023 2.396385 89.884188 
0.260023 2.413529 95.587800 
0.265023 2.429147 97.489004 
0.270023 2.443232 97.489004 
0.275023 2.455773 95.587800 
0.280023 2.466762 99.390208 
0.285023 2.476194 97.489004 
0.290024 2.484062 95.587800 
0.295024 2.490360 106.995025 
0.300024 2.495086 101.291413 
0.305024 2.498235 103.192617 
0.310024 2.499806 106.995025 
0.315024 2.499799 99.390208 
0.320024 2.498212 106.995025 
0.325025 2.495047 110.797433 
0.330025 2.490307 101.291413 
0.335025 2.483993 105.093821 
0.340025 2.476110 110.797433 
0.345025 2.466663 101.291413 
0.350026 2.455658 108.896229 
0.355026 2.443102 112.698637 
0.360026 2.429002 103.192617 
0.365026 2.413368 112.698637 
0.370026 2.396210 108.896229 
0.375026 2.377538 106.995025 
0.380027 2.357364 110.797433 
0.385027 2.335701 108.896229 
0.390027 2.312564 108.896229 
0.395027 2.287965 110.797433 
0.400027 2.261920 108.896229 
0.405028 2.234447 108.896229 
0.410028 2.205562 110.797433 
0.415028 2.175285 106.995025 
0.420028 2.143634 108.896229 
0.425028 2.110629 105.093821 
0.430028 2.076290 101.291413 
0.435029 2.040641 106.995025 
0.440029 2.003702 101.291413 
0.445029 1.965497 95.587800 
0.450029 1.926052 95.587800 
0.455029 1.885388 99.390208 
0.460029 1.843534 103.192617 
0.465029 1.800515 93.686596 
0.470030 1.756359 97.489004 
0.475030 1.711094 99.390208 
0.480030 1.664748 86.081779 
0.485030 1.617351 87.982984 
0.490030 1.568931 93.686596 
0.495030 1.519521 84.180575 
0.500031 1.469151 87.982984 
0.505031 1.417852 89.884188 
0.510031 1.365659 80.378167 
0.515031 1.312603 82.279371 
0.520031 1.258718 80.378167 
0.525031 1.204038 76.575759 
0.530032 1.148597 76.575759 
0.535032 1.092431 74.674554 
0.540032 1.035574 67.069738 
0.545032 0.978064 70.872146 
0.550032 0.919935 63.267330 
0.555032 0.861226 65.168534 
0.560032 0.801973 65.168534 
0.565033 0.742213 61.366125 
0.570033 0.681983 63.267330 
0.575033 0.621322 57.563717 
0.580033 0.560269 53.761309 
0.585033 0.498864 57.563717 
0.590034 0.437142 49.958900 
0.595034 0.375145 46.156492 
0.600034 0.312912 40.452880 
0.605034 0.250477 38.551676 
0.610034 0.187886 27.144451 
0.615034 0.125178 25.243247 
0.620035 0.062388 19.539634 
0.625035 -0.000437 15.737226 
0.630035 -0.063262 13.836022 
0.635035 -0.126051 2.428797 
0.640035 -0.188758 6.231205 
0.645035 -0.251346 -8.978428 
0.650035 -0.313774 -7.077224 
0.655036 -0.376006 -7.077224 
0.660036 -0.437999 -10.879632 
0.665036 -0.499717 -5.176020 
0.670036 -0.561119 -5.176020 
0.675036 -0.622165 2.428797 
0.680036 -0.682819 -3.274816 
0.685039 -0.743076 -8.978428 
0.690039 -0.802829 -12.780837 
0.695040 -0.862077 -14.682041 
0.700040 -0.920778 -22.286857 
0.705040 -0.978897 -26.089266 
0.710040 -1.036400 -35.595286 
0.715040 -1.093247 -35.595286 
0.720041 -1.149404 -41.298899 
0.725041 -1.204835 -48.903715 
0.730041 -1.259504 -47.002511 
0.735042 -1.313382 -47.002511 
0.740042 -1.366428 -54.607328 
0.745042 -1.418609 -50.804920 
0.750042 -1.469893 -52.706124 
0.755042 -1.520250 -62.212144 
0.760044 -1.569660 -56.508532 
0.765044 -1.618064 -66.014553 
0.770045 -1.665448 -69.816961 
0.775045 -1.711778 -67.915757 
0.780045 -1.757026 -75.520574 
0.785045 -1.801166 -77.421778 
0.790045 -1.844169 -77.421778 
0.795046 -1.886005 -83.125390 
0.800046 -1.926650 -86.927798 
0.805046 -1.966077 -90.730207 
0.810046 -2.004263 -86.927798 
0.815046 -2.041183 -92.631411 
0.820046 -2.076814 -90.730207 
0.825046 -2.111133 -90.730207 
0.830047 -2.144118 -98.335023 
0.835047 -2.175748 -104.038636 
0.840047 -2.206004 -98.335023 
0.845047 -2.234868 -107.841044 
0.850047 -2.262320 -109.742248 
0.855047 -2.288342 -111.643452 
0.860047 -2.312919 -115.445861 
0.865047 -2.336035 -117.347065 
0.870047 -2.357675 -121.149473 
0.875048 -2.377826 -117.347065 
0.880048 -2.396475 -124.951881 
0.885048 -2.413611 -123.050677 
0.890048 -2.429222 -126.853086 
0.895048 -2.443298 -128.754290 
0.900048 -2.455832 -134.457902 
0.905048 -2.466814 -128.754290 
0.910049 -2.476238 -132.556698 
0.915049 -2.484097 -138.260311 
0.920049 -2.490388 -130.655494 
0.925049 -2.495105 -136.359106 
0.930049 -2.498247 -142.062719 
0.935049 -2.499810 -134.457902 
0.940049 -2.499795 -140.161515 
0.945049 -2.498200 -143.963923 
0.950050 -2.495028 -147.766331 
0.955050 -2.490279 -140.161515 
0.960050 -2.483958 -138.260311 
0.965050 -2.476067 -147.766331 
0.970050 -2.466613 -143.963923 
0.975050 -2.455600 -138.260311 
0.980050 -2.443036 -143.963923 
0.985050 -2.428929 -149.667535 
0.990050 -2.413288 -143.963923 
0.995051 -2.396123 -149.667535 
1.000051 -2.377444 -140.161515 
1.005051 -2.357264 -136.359106 
1.010051 -2.335594 -147.766331 
1.015051 -2.312450 -147.766331 
1.020051 -2.287844 -149.667535 
1.025051 -2.261793 -138.260311 
1.030051 -2.234314 -145.865127 
1.035051 -2.205423 -147.766331 
1.040052 -2.175139 -142.062719 
1.045052 -2.143481 -143.963923 
1.050052 -2.110470 -138.260311 
1.055052 -2.076125 -138.260311 
1.060052 -2.040469 -143.963923 
1.065052 -2.003524 -136.359106 
1.070053 -1.965313 -138.260311 
1.075053 -1.925859 -138.260311 
1.080053 -1.885190 -134.457902 
1.085053 -1.843330 -132.556698 
1.090053 -1.800306 -138.260311 
1.095054 -1.756146 -134.457902 
1.100054 -1.710875 -126.853086 
1.105054 -1.664524 -132.556698 
1.110054 -1.617122 -130.655494 
1.115054 -1.568699 -130.655494 
1.120055 -1.519276 -124.951881 
1.125055 -1.468902 -132.556698 
1.130055 -1.417599 -124.951881 
1.135056 -1.365401 -119.248269 
1.140056 -1.312339 -126.853086 
1.145056 -1.258449 -121.149473 
1.150056 -1.203765 -115.445861 
1.155056 -1.148321 -121.149473 
1.160056 -1.092152 -121.149473 
1.165056 -1.035294 -113.544657 
1.170071 -0.977607 -111.643452 
1.175072 -0.919475 -111.643452 
1.180072 -0.860761 -102.137432 
1.185072 -0.801504 -102.137432 
1.190072 -0.741741 -100.236227 
1.195072 -0.681509 -98.335023 
1.200072 -0.620846 -92.631411 
1.205072 -0.559789 -98.335023 
1.210073 -0.498380 -90.730207 
1.215073 -0.436656 -90.730207 
1.220073 -0.374657 -83.125390 
1.225073 -0.312422 -83.125390 
1.230073 -0.249990 -85.026594 
1.235073 -0.187400 -79.322982 
1.240073 -0.124690 -77.421778 
1.245073 -0.061902 -77.421778 
1.250074 0.000925 -62.212144 
1.255074 0.063751 -60.310940 
1.260074 0.126537 -62.212144 
1.265081 0.189327 -47.002511 
1.270081 0.251913 -52.706124 
1.275081 0.314340 -48.903715 
1.280081 0.376569 -39.397695 
1.285081 0.438560 -35.595286 
1.290081 0.500275 -35.595286 
1.295082 0.561677 -31.792878 
1.300082 0.622720 -27.990470 
1.305082 0.683370 -16.583245 
1.310082 0.743591 -3.274816 
1.315082 0.803340 -1.373612 
1.320082 0.862580 10.033613 
1.325083 0.921276 23.342042 
1.330083 0.979390 15.737226 
1.335083 1.036885 23.342042 
1.340083 1.093726 29.045655 
1.345083 1.149876 23.342042 
1.350083 1.205299 32.848063 
1.355083 1.259961 32.848063 
1.360083 1.313827 29.045655 
1.365083 1.366865 29.045655 
1.370084 1.419037 38.551676 
1.375084 1.470314 34.749267 
1.380084 1.520662 40.452880 
1.385084 1.570049 51.860105 
1.390084 1.618445 55.662513 
1.395084 1.665819 53.761309 
1.400084 1.712141 67.069738 
1.405084 1.757380 67.069738 
1.410085 1.801510 59.464921 
1.415085 1.844501 63.267330 
1.420085 1.886329 59.464921 
1.425090 1.927003 63.267330 
1.430090 1.966420 67.069738 
1.435090 2.004595 78.476963 
1.440090 2.041503 80.378167 
1.445090 2.077123 78.476963 
1.450091 2.111431 89.884188 
1.455091 2.144405 89.884188 
1.460091 2.176024 91.785392 
1.465091 2.206268 91.785392 
1.470091 2.235118 87.982984 
1.475091 2.262557 89.884188 
1.480092 2.288566 93.686596 
1.485092 2.313130 87.982984 
1.490092 2.336233 95.587800 
1.495092 2.357861 97.489004 
1.500092 2.377998 95.587800 
1.505092 2.396634 99.390208 
1.510092 2.413756 103.192617 
1.515092 2.429353 101.291413 
1.520092 2.443416 106.995025 
1.525092 2.455936 106.995025 
1.530093 2.466904 112.698637 
1.535093 2.476314 118.402250 
1.540093 2.484160 106.995025 
1.545093 2.490436 112.698637 
1.550093 2.495140 116.501046 
1.555093 2.498268 105.093821 
1.560093 2.499817 114.599842 
1.565093 2.499788 114.599842 
1.570094 2.498179 112.698637 
1.575094 2.494993 116.501046 
1.580094 2.490230 114.599842 
1.585094 2.483895 110.797433 
1.590094 2.475990 114.599842 
1.595094 2.466522 116.501046 
1.600094 2.455496 114.599842 
1.605094 2.442918 118.402250 
1.610095 2.428798 124.105862 
1.615095 2.413143 114.599842 
1.620095 2.395965 114.599842 
1.625095 2.377273 120.303454 
1.630095 2.357078 110.797433 
1.635095 2.335395 118.402250 
1.640096 2.312237 114.599842 
1.645096 2.287617 116.501046 
1.650096 2.261553 112.698637 
1.655096 2.234061 118.402250 
1.660097 2.205156 118.402250 
1.665097 2.174860 120.303454 
1.670098 2.143182 112.698637 
1.675098 2.110158 114.599842 
1.680098 2.075801 118.402250 
1.685098 2.040133 108.896229 
1.690099 2.003176 116.501046 
1.695099 1.964954 112.698637 
1.700099 1.925491 114.599842 
1.705099 1.884811 110.797433 
1.710099 1.842942 110.797433 
1.715106 1.799850 105.093821 
1.720106 1.755677 108.896229 
1.725106 1.710397 105.093821 
1.730106 1.664035 103.192617 
1.735106 1.616621 105.093821 
1.740106 1.568187 101.291413 
1.745106 1.518764 105.093821 
1.750107 1.468378 93.686596 
1.755107 1.417066 95.587800 
1.760107 1.364860 101.291413 
1.765107 1.311790 89.884188 
1.770107 1.257893 95.587800 
1.775107 1.203201 95.587800 
1.780108 1.147749 82.279371 
1.785108 1.091569 93.686596 
1.790108 1.034699 82.279371 
1.795109 0.977177 82.279371 
1.800109 0.919039 86.081779 
1.805109 0.860319 72.773350 
1.810109 0.801057 78.476963 
1.815110 0.741289 78.476963 
1.820110 0.681054 70.872146 
1.825110 0.620387 65.168534 
1.830110 0.559329 65.168534 
1.835110 0.497917 65.168534 
1.840110 0.436190 61.366125 
1.845111 0.374190 57.563717 
1.850111 0.311953 53.761309 
1.855111 0.249518 48.057696 
1.860111 0.186925 44.255288 
1.865111 0.124215 44.255288 
1.870111 0.061425 30.946859 
1.875112 -0.001404 27.144451 
1.880112 -0.064228 29.045655 
1.885112 -0.127015 27.144451 
1.890112 -0.189722 17.638430 
1.895112 -0.252308 13.836022 
1.900112 -0.314734 13.836022 
1.905112 -0.376962 6.231205 
1.910113 -0.438952 -5.176020 
1.915113 -0.500665 -3.274816 
1.920115 -0.562083 -10.879632 
1.925115 -0.623123 -5.176020 
1.930115 -0.683770 -12.780837 
1.935115 -0.743985 -22.286857 
1.940115 -0.803731 -16.583245 
1.945116 -0.862971 -24.188061 
1.950116 -0.921664 -20.385653 
1.955116 -0.979774 -31.792878 
1.960116 -1.037265 -33.694082 
1.965116 -1.094103 -33.694082 
1.970116 -1.150249 -41.298899 
1.975117 -1.205668 -39.397695 
1.980117 -1.260325 -41.298899 
1.985117 -1.314185 -47.002511 
1.990117 -1.367215 -48.903715 
1.995117 -1.419382 -56.508532 
2.000117 -1.470652 -48.903715 
2.005117 -1.520996 -62.212144 
2.010117 -1.570377 -60.310940 
2.015118 -1.618766 -58.409736 
2.020118 -1.666134 -69.816961 
2.025118 -1.712447 -64.113349 
2.030118 -1.757680 -71.718165 
2.035118 -1.801803 -81.224186 
2.040118 -1.844787 -79.322982 
2.045118 -1.886606 -83.125390 
2.050119 -1.927234 -88.829003 
2.055119 -1.966644 -88.829003 
2.060119 -2.004811 -86.927798 
2.065119 -2.041712 -90.730207 
2.070119 -2.077324 -94.532615 
2.075119 -2.111623 -96.433819 
2.080119 -2.144589 -96.433819 
2.085120 -2.176200 -107.841044 
2.090120 -2.206436 -102.137432 
2.095120 -2.235278 -104.038636 
2.100120 -2.262709 -113.544657 
2.105120 -2.288710 -109.742248 
2.110120 -2.313266 -111.643452 
2.115120 -2.336360 -119.248269 
2.120120 -2.357979 -113.544657 
2.125120 -2.378108 -117.347065 
2.130120 -2.396736 -123.050677 
2.135121 -2.413849 -119.248269 
2.140121 -2.429438 -123.050677 
2.145121 -2.443492 -126.853086 
2.150121 -2.456003 -124.951881 
2.155121 -2.466962 -124.951881 
2.160121 -2.476363 -130.655494 
2.165121 -2.484200 -123.050677 
2.170123 -2.490469 -123.050677 
2.175123 -2.495163 -130.655494 
2.180123 -2.498281 -128.754290 
2.185123 -2.499822 -130.655494 
2.190123 -2.499783 -134.457902 
2.195123 -2.498165 -132.556698 
2.200124 -2.494969 -130.655494 
2.205124 -2.490197 -126.853086 
2.210124 -2.483852 -130.655494 
2.215124 -2.475939 -126.853086 
2.220127 -2.466456 -134.457902 
2.225127 -2.455419 -132.556698 
2.230127 -2.442831 -138.260311 
2.235127 -2.428701 -132.556698 
2.240127 -2.413036 -134.457902 
2.245127 -2.395847 -130.655494 
2.250127 -2.377146 -130.655494 
2.255128 -2.356942 -134.457902 
2.260128 -2.335249 -138.260311 
2.265128 -2.312082 -132.556698 
2.270128 -2.287454 -132.556698 
2.275128 -2.261382 -130.655494 
2.280128 -2.233881 -132.556698 
2.285128 -2.204968 -132.556698 
2.290128 -2.174663 -132.556698 
2.295129 -2.142985 -134.457902 
2.300129 -2.109953 -130.655494 
2.305129 -2.075588 -124.951881 
2.310129 -2.039913 -126.853086 
2.315129 -2.002949 -124.951881 
2.320129 -1.964720 -128.754290 
2.325129 -1.925249 -123.050677 
2.330129 -1.884562 -119.248269 
2.335129 -1.842684 -128.754290 
2.340129 -1.799643 -119.248269 
2.345130 -1.755466 -123.050677 
2.350130 -1.710178 -115.445861 
2.355130 -1.663812 -115.445861 
2.360130 -1.616393 -119.248269 
2.365130 -1.567953 -123.050677 
2.370130 -1.518524 -115.445861 
2.375130 -1.468136 -119.248269 
2.380131 -1.416821 -124.951881 
2.385131 -1.364610 -113.544657 
2.390131 -1.311538 -111.643452 
2.395131 -1.257637 -113.544657 
2.400131 -1.202941 -109.742248 
2.405131 -1.147486 -104.038636 
2.410131 -1.091307 -109.742248 
2.415131 -1.034438 -102.137432 
2.420131 -0.976916 -102.137432 
2.425131 -0.918776 -104.038636 
2.430132 -0.860055 -94.532615 
2.435132 -0.800793 -88.829003 
2.440132 -0.741022 -92.631411 
2.445132 -0.680786 -86.927798 
2.450132 -0.620118 -85.026594 
2.455132 -0.559059 -86.927798 
2.460132 -0.497647 -85.026594 
2.465132 -0.435919 -81.224186 
2.470132 -0.373918 -77.421778 
2.475133 -0.311680 -73.619369 
2.480133 -0.249246 -71.718165 
2.485133 -0.186653 -69.816961 
2.490133 -0.123943 -66.014553 
2.495133 -0.061154 -60.310940 
2.500133 0.001673 -58.409736 
2.505133 0.064500 -58.409736 
2.510133 0.127286 -56.508532 
2.515134 0.189992 -47.002511 
2.520134 0.252580 -43.200103 
2.525134 0.315005 -41.298899 
2.530134 0.377230 -41.298899 
2.535134 0.439219 -27.990470 
2.540134 0.500930 -24.188061 
2.545134 0.562324 -22.286857 
2.550135 0.623363 -14.682041 
2.555135 0.684007 -16.583245 
2.560135 0.744220 -10.879632 
2.565135 0.803963 4.330001 
2.570135 0.863200 6.231205 
2.575135 0.921891 11.934817 
2.580135 0.979999 21.440838 
2.585135 1.037487 25.243247 
2.590135 1.094321 29.045655 
2.595136 1.150464 32.848063 
2.600136 1.205879 30.946859 
2.605136 1.260535 32.848063 
2.610136 1.314395 40.452880 
2.615136 1.367422 48.057696 
2.620137 1.419586 44.255288 
2.625137 1.470854 44.255288 
2.630137 1.521191 51.860105 
2.635137 1.570569 49.958900 
2.640137 1.618955 49.958900 
2.645137 1.666317 57.563717 
2.650137 1.712627 53.761309 
2.655138 1.757856 61.366125 
2.660138 1.801973 68.970942 
2.665138 1.844953 68.970942 
2.670138 1.886767 78.476963 
2.675138 1.927390 76.575759 
2.680138 1.966794 78.476963 
2.685138 2.004957 80.378167 
2.690138 2.041853 82.279371 
2.695139 2.077459 89.884188 
2.700139 2.111753 87.982984 
2.705139 2.144713 82.279371 
2.710156 2.176423 91.785392 
2.715156 2.206650 95.587800 
2.720156 2.235482 87.982984 
2.725156 2.262903 93.686596 
2.730156 2.288893 95.587800 
2.735156 2.313439 97.489004 
2.740156 2.336522 97.489004 
2.745157 2.358131 103.192617 
2.750157 2.378249 105.093821 
2.755157 2.396866 103.192617 
2.760157 2.413968 112.698637 
2.765157 2.429545 110.797433 
2.770157 2.443588 110.797433 
2.775157 2.456088 114.599842 
2.780157 2.467036 112.698637 
2.785157 2.476426 110.797433 
2.790158 2.484251 116.501046 
2.795158 2.490507 120.303454 
2.800158 2.495191 114.599842 
2.805158 2.498298 126.007067 
2.810158 2.499827 118.402250 
2.815158 2.499777 114.599842 
2.820159 2.498148 124.105862 
2.825159 2.494941 120.303454 
2.830159 2.490158 118.402250 
2.835159 2.483802 127.908271 
2.840159 2.475877 124.105862 
2.845159 2.466389 120.303454 
2.850159 2.455342 129.809475 
2.855159 2.442745 124.105862 
2.860159 2.428605 120.303454 
2.865160 2.412930 126.007067 
2.870172 2.395687 120.303454 
2.875172 2.376971 124.105862 
2.880172 2.356754 129.809475 
2.885172 2.335049 122.204658 
2.890173 2.311868 126.007067 
2.895173 2.287228 116.501046 
2.900173 2.261142 122.204658 
2.905173 2.233629 124.105862 
2.910173 2.204704 124.105862 
2.915173 2.174386 127.908271 
2.920174 2.142693 126.007067 
2.925174 2.109649 124.105862 
2.930174 2.075272 116.501046 
2.935174 2.039584 110.797433 
2.940174 2.002609 116.501046 
2.945174 1.964368 118.402250 
2.950174 1.924885 118.402250 
2.955175 1.884187 114.599842 
2.960175 1.842299 116.501046 
2.965175 1.799247 116.501046 
2.970184 1.754976 114.599842 
2.975184 1.709678 120.303454 
2.980184 1.663299 108.896229 
2.985185 1.615871 108.896229 
2.990185 1.567422 106.995025 
2.995185 1.517981 110.797433 
3.000185 1.467583 103.192617 
3.005185 1.416257 105.093821 
3.010185 1.364036 106.995025 
3.015185 1.310954 101.291413 
3.020185 1.257044 103.192617 
3.025186 1.202339 97.489004 
3.030186 1.146873 91.785392 
3.035186 1.090683 93.686596 
3.040187 1.033804 87.982984 
3.045187 0.976271 87.982984 
3.050187 0.918124 87.982984 
3.055188 0.859394 80.378167 
3.060188 0.800122 82.279371 
3.065188 0.740347 84.180575 
3.070189 0.680100 78.476963 
3.075189 0.619425 68.970942 
3.080189 0.558361 78.476963 
3.085189 0.496944 74.674554 
3.090189 0.435213 74.674554 
3.095190 0.373207 65.168534 
3.100190 0.310964 61.366125 
3.105190 0.248525 61.366125 
3.110191 0.185925 51.860105 
3.115191 0.123210 48.057696 
3.120192 0.060417 48.057696 
3.125192 -0.002414 38.551676 
3.130192 -0.065240 36.650471 
3.135192 -0.128023 29.045655 
3.140193 -0.190732 27.144451 
3.145193 -0.253315 21.440838 
3.150193 -0.315738 19.539634 
3.155193 -0.377963 19.539634 
3.160193 -0.439950 10.033613 
3.165194 -0.501659 4.330001 
3.170194 -0.563049 4.330001 
3.175194 -0.624086 -1.373612 
3.180194 -0.684727 -1.373612 
3.185194 -0.744936 -8.978428 
3.190194 -0.804673 -18.484449 
3.195195 -0.863904 -16.583245 
3.200195 -0.922587 -18.484449 
3.205195 -0.980689 -26.089266 
3.210195 -1.038170 -24.188061 
3.215195 -1.094995 -29.891674 
3.220195 -1.151129 -33.694082 
3.225195 -1.206535 -29.891674 
3.230195 -1.261180 -39.397695 
3.235196 -1.315028 -43.200103 
3.240196 -1.368045 -39.397695 
3.245196 -1.420198 -39.397695 
3.250196 -1.471454 -47.002511 
3.255196 -1.521781 -50.804920 
3.260196 -1.571146 -56.508532 
3.265196 -1.619519 -54.607328 
3.270196 -1.666871 -56.508532 
3.275197 -1.713170 -62.212144 
3.280197 -1.758389 -58.409736 
3.285198 -1.802494 -67.915757 
3.290198 -1.845461 -71.718165 
3.295198 -1.887262 -69.816961 
3.300198 -1.927871 -79.322982 
3.305199 -1.967262 -83.125390 
3.310204 -2.005448 -77.421778 
3.315204 -2.042328 -85.026594 
3.320204 -2.077918 -85.026594 
3.325204 -2.112195 -86.927798 
3.330204 -2.145138 -92.631411 
3.335205 -2.176726 -90.730207 
3.340205 -2.206938 -94.532615 
3.345205 -2.235757 -96.433819 
3.350205 -2.263164 -107.841044 
3.355205 -2.289142 -105.939840 
3.360206 -2.313673 -111.643452 
3.365206 -2.336743 -115.445861 
3.370206 -2.358337 -105.939840 
3.375206 -2.378442 -113.544657 
3.380207 -2.397044 -119.248269 
3.385207 -2.414131 -119.248269 
3.390207 -2.429694 -121.149473 
3.395207 -2.443722 -126.853086 
3.400208 -2.456206 -119.248269 
3.405208 -2.467139 -119.248269 
3.410208 -2.476513 -124.951881 
3.415208 -2.484322 -130.655494 
3.420209 -2.490563 -123.050677 
3.425209 -2.495231 -128.754290 
3.430209 -2.498321 -130.655494 
3.435209 -2.499834 -130.655494 
3.440210 -2.499768 -126.853086 
3.445210 -2.498123 -128.754290 
3.450210 -2.494900 -134.457902 
3.455210 -2.490101 -132.556698 
3.460226 -2.483706 -134.457902 
3.465226 -2.475760 -132.556698 
3.470227 -2.466250 -138.260311 
3.475227 -2.455182 -132.556698 
3.480227 -2.442564 -132.556698 
3.485227 -2.428403 -132.556698 
3.490227 -2.412707 -134.457902 
3.495227 -2.395488 -136.359106 
3.500227 -2.376757 -128.754290 
3.505228 -2.356523 -132.556698 
3.510228 -2.334801 -130.655494 
3.515228 -2.311604 -128.754290 
3.520228 -2.286947 -138.260311 
3.525228 -2.260845 -132.556698 
3.530228 -2.233316 -134.457902 
3.535228 -2.204376 -138.260311 
3.540229 -2.174043 -138.260311 
3.545229 -2.142336 -130.655494 
3.550229 -2.109276 -132.556698 
3.555229 -2.074884 -130.655494 
3.560229 -2.039182 -130.655494 
3.565229 -2.002192 -130.655494 
3.570234 -1.963900 -126.853086 
3.575234 -1.924404 -124.951881 
3.580234 -1.883692 -130.655494 
3.585235 -1.841791 -124.951881 
3.590235 -1.798724 -123.050677 
3.595235 -1.754522 -128.754290 
3.600235 -1.709213 -121.149473 
3.605235 -1.662823 -121.149473 
3.610236 -1.615381 -117.347065 
3.615236 -1.566922 -123.050677 
3.620236 -1.517471 -109.742248 
3.625236 -1.467062 -115.445861 
3.630236 -1.415727 -117.347065 
3.635236 -1.363498 -109.742248 
3.640236 -1.310408 -111.643452 
3.645236 -1.256490 -117.347065 
3.650237 -1.201776 -104.038636 
3.655237 -1.146305 -104.038636 
3.660237 -1.090110 -109.742248 
3.665237 -1.033227 -94.532615 
3.670237 -0.975688 -94.532615 
3.675237 -0.917536 -102.137432 
3.680238 -0.858803 -86.927798 
3.685238 -0.799527 -88.829003 
3.690238 -0.739746 -92.631411 
3.695238 -0.679497 -86.927798 
3.700239 -0.618820 -88.829003 
3.705239 -0.557755 -85.026594 
3.710239 -0.496335 -79.322982 
3.715239 -0.434604 -79.322982 
3.720239 -0.372596 -71.718165 
3.725239 -0.310352 -69.816961 
3.730239 -0.247913 -71.718165 
3.735239 -0.185320 -66.014553 
3.740240 -0.122604 -58.409736 
3.745240 -0.059814 -56.508532 
3.750240 0.003012 -56.508532 
3.755240 0.065839 -45.101307 
3.760240 0.128625 -43.200103 
3.765240 0.191329 -45.101307 
3.770241 0.253914 -37.496490 
3.775241 0.316335 -33.694082 
3.780241 0.378557 -24.188061 
3.785241 0.440539 -27.990470 
3.790241 0.502245 -16.583245 
3.795241 0.563632 -14.682041 
3.800241 0.624662 -8.978428 
3.805241 0.685299 -8.978428 
3.810242 0.745504 -3.274816 
3.815242 0.805239 6.231205 
3.820242 0.864464 -3.274816 
3.825244 0.923158 11.934817 
3.830244 0.981256 13.836022 
3.835244 1.038733 15.737226 
3.840245 1.095554 25.243247 
3.845245 1.151683 30.946859 
3.850245 1.207082 29.045655 
3.855245 1.261721 40.452880 
3.860245 1.315561 40.452880 
3.865246 1.368571 40.452880 
3.870246 1.420716 48.057696 
3.875246 1.471964 53.761309 
3.880246 1.522281 44.255288 
3.885260 1.571767 55.662513 
3.890260 1.620130 49.958900 
3.895260 1.667467 57.563717 
3.900260 1.713752 63.267330 
3.905260 1.758953 63.267330 
3.910260 1.803042 68.970942 
3.915261 1.845994 70.872146 
3.920261 1.887779 68.970942 
3.925261 1.928372 74.674554 
3.930261 1.967747 74.674554 
3.935261 2.005878 72.773350 
3.940261 2.042743 82.279371 
3.945261 2.078317 82.279371 
3.950261 2.112579 89.884188 
3.955262 2.145507 84.180575 
3.960262 2.177080 93.686596 
3.965262 2.207277 97.489004 
3.970262 2.236081 97.489004 
3.975263 2.263472 99.390208 
3.980263 2.289433 99.390208 
3.985263 2.313947 101.291413 
3.990263 2.337000 103.192617 
3.995263 2.358576 106.995025 
4.000263 2.378662 110.797433 
4.005264 2.397247 103.192617 
4.010264 2.414317 110.797433 
4.015264 2.429862 116.501046 
4.020264 2.443872 112.698637 
4.025264 2.456339 108.896229 
4.030265 2.467253 118.402250 
4.035265 2.476610 112.698637 
4.040265 2.484402 116.501046 
4.045265 2.490625 122.204658 
4.050265 2.495274 114.599842 
4.055265 2.498347 122.204658 
4.060266 2.499842 127.908271 
4.065266 2.499758 124.105862 
4.070266 2.498095 127.908271 
4.075266 2.494855 129.809475 
4.080266 2.490038 124.105862 
4.085266 2.483648 122.204658 
4.090267 2.475690 127.908271 
4.095267 2.466167 122.204658 
4.100267 2.455087 120.303454 
4.105267 2.442457 133.611883 
4.110267 2.428283 127.908271 
4.115267 2.412575 126.007067 
4.120267 2.395344 127.908271 
4.125268 2.376600 127.908271 
4.130268 2.356355 135.513087 
4.135268 2.334621 124.105862 
4.140268 2.311412 127.908271 
4.145285 2.286656 124.105862 
4.150285 2.260538 120.303454 
4.155286 2.232991 129.809475 
4.160286 2.204033 120.303454 
4.165299 2.173605 124.105862 
4.170299 2.141878 122.204658 
4.175300 2.108799 116.501046 
4.180300 2.074388 116.501046 
4.185300 2.038666 120.303454 
4.190300 2.001657 124.105862 
4.195301 1.963385 116.501046 
4.200301 1.923871 118.402250 
4.205301 1.883143 116.501046 
4.210301 1.841225 112.698637 
4.215301 1.798143 112.698637 
4.220302 1.753925 112.698637 
4.225302 1.708598 106.995025 
4.230302 1.662195 118.402250 
4.235302 1.614742 114.599842 
4.240302 1.566267 112.698637 
4.245309 1.516741 112.698637 
4.250309 1.466318 103.192617 
4.255309 1.414970 105.093821 
4.260309 1.362728 101.291413 
4.265309 1.309626 97.489004 
4.270310 1.255695 95.587800 
4.275310 1.200972 99.390208 
4.280310 1.145492 99.390208 
4.285310 1.089286 93.686596 
4.290310 1.032391 91.785392 
4.295310 0.974846 91.785392 
4.300310 0.916684 84.180575 
4.305311 0.857942 89.884188 
4.310311 0.798661 84.180575 
4.315311 0.738874 87.982984 
4.320311 0.678620 74.674554 
4.325311 0.617939 76.575759 
4.330311 0.556865 78.476963 
4.335311 0.495440 68.970942 
4.340311 0.433703 70.872146 
4.345312 0.371692 61.366125 
4.350319 0.309349 63.267330 
4.355320 0.246907 55.662513 
4.360320 0.184311 57.563717 
4.365328 0.121489 49.958900 
4.370329 0.058697 46.156492 
4.375329 -0.004132 46.156492 
4.380484 -0.068907 34.749267 
4.385484 -0.131689 32.848063 
4.390485 -0.194389 29.045655 
4.395485 -0.256966 25.243247 
4.400485 -0.319379 15.737226 
4.405485 -0.381591 21.440838 
4.410485 -0.443562 10.033613 
4.415485 -0.505252 2.428797 
4.420486 -0.566623 2.428797 
4.425486 -0.627636 4.330001 
4.430486 -0.688252 -5.176020 
4.435486 -0.748435 -10.879632 
4.440486 -0.808146 -12.780837 
4.445487 -0.867345 -20.385653 
4.450487 -0.925996 -20.385653 
4.455487 -0.984062 -22.286857 
4.460487 -1.041504 -20.385653 
4.465487 -1.098291 -27.990470 
4.470487 -1.154384 -27.990470 
4.475487 -1.209747 -27.990470 
4.480487 -1.264346 -39.397695 
4.485487 -1.318146 -35.595286 
4.490488 -1.371114 -35.595286 
4.495488 -1.423215 -47.002511 
4.500488 -1.474419 -43.200103 
4.505488 -1.524690 -43.200103 
4.510488 -1.573998 -54.607328 
4.515488 -1.622313 -52.706124 
4.520488 -1.669602 -52.706124 
4.525488 -1.715836 -64.113349 
4.530488 -1.760988 -62.212144 
4.535489 -1.805026 -62.212144 
4.540489 -1.847925 -71.718165 
4.545489 -1.889657 -77.421778 
4.550489 -1.930195 -77.421778 
4.555489 -1.969513 -77.421778 
4.560489 -2.007588 -79.322982 
4.565489 -2.044395 -81.224186 
4.570490 -2.079910 -85.026594 
4.575490 -2.114111 -92.631411 
4.580490 -2.146977 -85.026594 
4.585490 -2.178487 -94.532615 
4.590490 -2.208621 -94.532615 
4.595490 -2.237359 -98.335023 
4.600490 -2.264685 -98.335023 
4.605490 -2.290579 -102.137432 
4.610491 -2.315027 -111.643452 
4.615491 -2.338013 -109.742248 
4.620491 -2.359522 -117.347065 
4.625491 -2.379541 -117.347065 
4.630491 -2.398056 -115.445861 
4.635491 -2.415057 -117.347065 
4.640491 -2.430532 -124.951881 
4.645491 -2.444472 -123.050677 
4.650494 -2.456874 -119.248269 
4.655494 -2.467717 -130.655494 
4.660494 -2.477002 -123.050677 
4.665495 -2.484722 -126.853086 
4.670495 -2.490873 -130.655494 
4.675495 -2.495450 -126.853086 
4.680500 -2.498453 -130.655494 
4.685501 -2.499874 -132.556698 
4.690501 -2.499716 -136.359106 
4.695501 -2.497979 -130.655494 
4.700510 -2.494656 -134.457902 
4.705510 -2.489763 -130.655494 
4.710510 -2.483297 -134.457902 
4.715510 -2.475262 -138.260311 
4.720510 -2.465664 -136.359106 
4.725510 -2.454508 -130.655494 
4.730511 -2.441802 -132.556698 
4.735511 -2.427554 -136.359106 
4.740511 -2.411772 -134.457902 
4.745511 -2.394467 -132.556698 
4.750511 -2.375649 -136.359106 
4.755511 -2.355331 -132.556698 
4.760511 -2.333526 -132.556698 
4.765511 -2.310246 -136.359106 
4.770511 -2.285506 -134.457902 
4.775511 -2.259324 -132.556698 
4.780512 -2.231714 -136.359106 
4.785512 -2.202693 -134.457902 
4.790512 -2.172283 -136.359106 
4.795512 -2.140500 -132.556698 
4.800512 -2.107365 -132.556698 
4.805512 -2.072899 -130.655494 
4.810512 -2.037123 -130.655494 
4.815512 -2.000061 -123.050677 
4.820513 -1.961735 -128.754290 
4.825513 -1.922169 -124.951881 
4.830513 -1.881391 -124.951881 
4.835513 -1.839423 -130.655494 
4.840513 -1.796294 -123.050677 
4.845513 -1.752030 -123.050677 
4.850513 -1.706659 -115.445861 
4.855513 -1.660211 -117.347065 
4.860514 -1.612714 -115.445861 
4.865514 -1.564198 -121.149473 
4.870514 -1.514694 -117.347065 
4.875514 -1.464235 -119.248269 
4.880514 -1.412850 -111.643452 
4.885514 -1.360572 -113.544657 
4.890514 -1.307433 -111.643452 
4.895514 -1.253470 -113.544657 
4.900514 -1.198716 -109.742248 
4.905514 -1.143205 -104.038636 
4.910515 -1.086970 -98.335023 
4.915515 -1.030049 -102.137432 
4.920515 -0.972479 -98.335023 
4.925515 -0.914292 -88.829003 
4.930515 -0.855529 -85.026594 
4.935515 -0.796226 -85.026594 
4.940515 -0.736418 -86.927798 
4.945515 -0.676147 -86.927798 
4.950515 -0.615448 -81.224186 
4.955516 -0.554361 -77.421778 
4.960516 -0.492923 -73.619369 
4.965516 -0.431174 -73.619369 
4.970516 -0.369153 -71.718165 
4.975516 -0.306899 -64.113349 
4.980516 -0.244451 -67.915757 
4.985516 -0.181848 -60.310940 
4.990516 -0.119129 -54.607328 
4.995517 -0.056335 -52.706124 
5.000517 0.006494 -48.903715 
5.005517 0.069319 -41.298899 
5.010517 0.132098 -41.298899 
5.015517 0.194796 -33.694082 
5.020517 0.257374 -37.496490 
5.025518 0.319786 -31.792878 
5.030518 0.381997 -24.188061 
5.035518 0.443964 -22.286857 
5.040518 0.505653 -12.780837 
5.045518 0.567021 -18.484449 
5.050518 0.628032 -8.978428 
5.055518 0.688646 -7.077224 
5.060519 0.748825 -1.373612 
5.065519 0.808530 4.330001 
5.070519 0.867726 4.330001 
5.075519 0.926373 10.033613 
5.080522 0.984473 19.539634 
5.085523 1.041914 13.836022 
5.090523 1.098696 23.342042 
5.095523 1.154784 32.848063 
5.100523 1.210140 32.848063 
5.105523 1.264735 32.848063 
5.110523 1.318529 38.551676 
5.115523 1.371491 40.452880 
5.120524 1.423587 46.156492 
5.125524 1.474783 48.057696 
5.130524 1.525048 49.958900 
5.135531 1.574421 55.662513 
5.140532 1.622727 59.464921 
5.145532 1.670008 51.860105 
5.150532 1.716234 63.267330 
5.155532 1.761375 68.970942 
5.160532 1.805404 65.168534 
5.165532 1.848294 78.476963 
5.170532 1.890014 76.575759 
5.175533 1.930542 80.378167 
5.180533 1.969850 74.674554 
5.185533 2.007914 76.575759 
5.190533 2.044710 87.982984 
5.195533 2.080215 78.476963 
5.200534 2.114405 87.982984 
5.205534 2.147259 86.081779 
5.210535 2.178765 86.081779 
5.215535 2.208886 95.587800 
5.220535 2.237613 99.390208 
5.225536 2.264926 95.587800 
5.230536 2.290808 97.489004 
5.235536 2.315243 105.093821 
5.240536 2.338215 103.192617 
5.245536 2.359711 108.896229 
5.250536 2.379716 108.896229 
5.255537 2.398218 112.698637 
5.260537 2.415205 106.995025 
5.265537 2.430666 114.599842 
5.270537 2.444592 116.501046 
5.275537 2.456974 112.698637 
5.280537 2.467804 116.501046 
5.285537 2.477075 118.402250 
5.290538 2.484782 120.303454 
5.295538 2.490919 118.402250 
5.300538 2.495482 126.007067 
5.305538 2.498469 116.501046 
5.310538 2.499878 124.105862 
5.315538 2.499708 127.908271 
5.320539 2.497959 126.007067 
5.325539 2.494633 124.105862 
5.330539 2.489730 129.809475 
5.335539 2.483255 127.908271 
5.340539 2.475211 124.105862 
5.345539 2.465603 131.710679 
5.350540 2.454438 126.007067 
5.355540 2.441723 126.007067 
5.360540 2.427466 127.908271 
5.365540 2.411675 120.303454 
5.370540 2.394361 127.908271 
5.375540 2.375534 127.908271 
5.380548 2.355177 124.105862 
5.385548 2.333360 133.611883 
5.390548 2.310069 127.908271 
5.395548 2.285319 129.809475 
5.400548 2.259125 133.611883 
5.405549 2.231504 126.007067 
5.410549 2.202474 126.007067 
5.415549 2.172052 127.908271 
5.420549 2.140259 116.501046 
5.425549 2.107114 120.303454 
5.430549 2.072637 124.105862 
5.435549 2.036853 116.501046 
5.440550 1.999780 118.402250 
5.445550 1.961445 118.402250 
5.450550 1.921871 118.402250 
5.455550 1.881083 116.501046 
5.460550 1.839106 120.303454 
5.465550 1.795968 116.501046 
5.470550 1.751696 112.698637 
5.475551 1.706317 112.698637 
5.480551 1.659861 112.698637 
5.485551 1.612356 116.501046 
5.490551 1.563834 110.797433 
5.495551 1.514322 105.093821 
5.500551 1.463854 112.698637 
5.505551 1.412462 105.093821 
5.510551 1.360178 103.192617 
5.515551 1.307034 99.390208 
5.520552 1.253065 101.291413 
5.525552 1.198304 103.192617 
5.530552 1.142787 97.489004 
5.535552 1.086549 91.785392 
5.540552 1.029622 95.587800 
5.545552 0.972046 91.785392 
5.550552 0.913857 86.081779 
5.555552 0.855090 87.982984 
5.560552 0.795783 87.982984 
5.565552 0.735973 82.279371 
5.570552 0.675698 86.081779 
5.575553 0.614995 76.575759 
5.580553 0.553905 68.970942 
5.585553 0.492466 78.476963 
5.590553 0.430714 70.872146 
5.595553 0.368691 70.872146 
5.600553 0.306436 63.267330 
5.605553 0.243985 59.464921 
5.610553 0.181381 59.464921 
5.615553 0.118664 49.958900 
5.620554 0.055869 48.057696 
5.625554 -0.006959 42.354084 
5.630554 -0.069782 44.255288 
5.635554 -0.132565 34.749267 
5.640554 -0.195262 27.144451 
5.645554 -0.257835 30.946859 
5.650555 -0.320246 17.638430 
5.655555 -0.382460 21.440838 
5.660555 -0.444428 13.836022 
5.665556 -0.506114 8.132409 
5.670556 -0.567482 8.132409 
5.675556 -0.628491 0.527593 
5.680556 -0.689104 -3.274816 
5.685556 -0.749279 -12.780837 
5.690557 -0.808981 -12.780837 
5.695557 -0.868173 -14.682041 
5.700557 -0.926817 -18.484449 
5.705557 -0.984875 -26.089266 
5.710558 -1.042312 -18.484449 
5.715558 -1.099090 -20.385653 
5.720558 -1.155172 -27.990470 
5.725558 -1.210524 -29.891674 
5.730558 -1.265113 -33.694082 
5.735558 -1.318903 -33.694082 
5.740559 -1.371860 -41.298899 
5.745559 -1.423949 -43.200103 
5.750559 -1.475138 -39.397695 
5.755559 -1.525396 -48.903715 
5.760559 -1.574692 -50.804920 
5.765571 -1.623101 -54.607328 
5.770571 -1.670374 -50.804920 
5.775571 -1.716591 -52.706124 
5.780571 -1.761724 -62.212144 
5.785571 -1.805744 -66.014553 
5.790571 -1.848624 -64.113349 
5.795571 -1.890336 -71.718165 
5.800572 -1.930854 -73.619369 
5.805572 -1.970152 -73.619369 
5.810572 -2.008205 -75.520574 
5.815572 -2.044991 -88.829003 
5.820572 -2.080485 -92.631411 
5.825572 -2.114664 -88.829003 
5.830572 -2.147508 -92.631411 
5.835572 -2.178995 -98.335023 
5.840573 -2.209106 -98.335023 
5.845573 -2.237822 -100.236227 
5.850573 -2.265124 -104.038636 
5.855573 -2.290995 -102.137432 
5.860574 -2.315421 -111.643452 
5.865574 -2.338383 -109.742248 
5.870574 -2.359869 -115.445861 
5.875575 -2.379863 -113.544657 
5.880575 -2.398354 -111.643452 
5.885575 -2.415329 -115.445861 
5.890575 -2.430779 -123.050677 
5.895575 -2.444693 -117.347065 
5.900576 -2.457063 -121.149473 
5.905576 -2.467881 -123.050677 
5.910576 -2.477141 -123.050677 
5.915576 -2.484835 -126.853086 
5.920576 -2.490960 -130.655494 
5.925588 -2.495520 -126.853086 
5.930588 -2.498491 -128.754290 
5.935589 -2.499885 -126.853086 
5.940589 -2.499699 -124.951881 
5.945590 -2.497933 -130.655494 
5.950590 -2.494590 -130.655494 
5.955590 -2.489672 -130.655494 
5.960590 -2.483180 -126.853086 
5.965591 -2.475120 -132.556698 
5.970591 -2.465496 -128.754290 
5.975594 -2.454308 -134.457902 
5.980594 -2.441576 -132.556698 
5.985595 -2.427301 -128.754290 
5.990595 -2.411494 -132.556698 
5.995595 -2.394163 -140.161515 
