0.000000 0.000016 1.918929 
0.005001 0.156998 1.918929 
0.010001 0.313364 9.523746 
0.015001 0.468493 9.523746 
0.020002 0.621773 11.424950 
0.025002 0.772593 1.918929 
0.030002 0.920376 9.523746 
0.035002 1.064519 3.820133 
0.040003 1.204461 11.424950 
0.045003 1.339647 5.721337 
0.050003 1.469547 1.918929 
0.055004 1.593647 19.029766 
0.060004 1.711459 15.227358 
0.065004 1.822512 34.239400 
0.070004 1.926371 41.844216 
0.075005 2.022629 32.338195 
0.080005 2.110901 53.251441 
0.085005 2.190842 49.449033 
0.090005 2.262140 57.053849 
0.095006 2.324506 58.955053 
0.100006 2.377699 60.856258 
0.105006 2.421506 64.658666 
0.110006 2.455756 72.263483 
0.115007 2.480313 76.065891 
0.120007 2.495080 77.967095 
0.125007 2.500000 83.670707 
0.130007 2.495053 91.275524 
0.135007 2.480258 81.769503 
0.140007 2.455675 93.176728 
0.145007 2.421400 91.275524 
0.150008 2.377566 102.682749 
0.155008 2.324348 102.682749 
0.160008 2.261957 96.979137 
0.165008 2.190638 98.880341 
0.170009 2.110675 98.880341 
0.175009 2.022382 96.979137 
0.180009 1.926103 98.880341 
0.185009 1.822222 100.781545 
0.190009 1.711150 102.682749 
0.195010 1.593328 98.880341 
0.200010 1.469217 106.485157 
0.205010 1.339310 100.781545 
0.210010 1.204114 102.682749 
0.215010 1.064167 106.485157 
0.220010 0.920016 93.176728 
0.225010 0.772238 102.682749 
0.230010 0.621408 93.176728 
0.235011 0.468126 85.571912 
0.240011 0.313000 83.670707 
0.245011 0.156638 81.769503 
0.250011 -0.000346 81.769503 
0.255011 -0.157324 77.967095 
0.260011 -0.313682 70.362278 
0.265011 -0.468805 76.065891 
0.270012 -0.622081 64.658666 
0.275012 -0.772901 64.658666 
0.280012 -0.920668 60.856258 
0.285012 -1.064801 55.152645 
0.290012 -1.204728 55.152645 
0.295013 -1.339901 36.140604 
0.300013 -1.469786 20.930970 
0.305013 -1.593870 1.918929 
0.310013 -1.711665 -9.488296 
0.315013 -1.822705 -30.401542 
0.320013 -1.926551 -30.401542 
0.325013 -2.022790 -32.302746 
0.330014 -2.111050 -43.709971 
0.335014 -2.190977 -39.907562 
0.340014 -2.262255 -45.611175 
0.345014 -2.324605 -43.709971 
0.350014 -2.377782 -58.919604 
0.355014 -2.421571 -68.425625 
0.360015 -2.455805 -68.425625 
0.365015 -2.480346 -77.931645 
0.370015 -2.495097 -76.030441 
0.375015 -2.500000 -79.832850 
0.380016 -2.495036 -85.536462 
0.385016 -2.480224 -89.338870 
0.390016 -2.455623 -83.635258 
0.395016 -2.421331 -85.536462 
0.400016 -2.377482 -89.338870 
0.405016 -2.324250 -95.042483 
0.410017 -2.261846 -106.449708 
0.415018 -2.190493 -100.746095 
0.420018 -2.110512 -106.449708 
0.425018 -2.022203 -115.955728 
0.430018 -1.925913 -106.449708 
0.435019 -1.822019 -112.153320 
0.440019 -1.710935 -110.252116 
0.445019 -1.593095 -110.252116 
0.450019 -1.468967 -110.252116 
0.455030 -1.338766 -106.449708 
0.460030 -1.203547 -114.054524 
0.465030 -1.063581 -110.252116 
0.470030 -0.919420 -114.054524 
0.475031 -0.771625 -106.449708 
0.480031 -0.620787 -115.955728 
0.485031 -0.467500 -112.153320 
0.490031 -0.312367 -114.054524 
0.495031 -0.155998 -110.252116 
0.500031 0.000983 -100.746095 
0.505031 0.157961 -85.536462 
0.510032 0.314318 -79.832850 
0.515032 0.469435 -77.931645 
0.520032 0.622695 -70.326829 
0.525032 0.773499 -66.524421 
0.530032 0.921255 -45.611175 
0.535032 1.065369 -30.401542 
0.540033 1.205282 -13.290704 
0.545033 1.340434 5.721337 
0.550033 1.470297 26.634583 
0.555033 1.594356 28.535787 
0.560033 1.712123 32.338195 
0.565033 1.823135 39.943012 
0.570033 1.926954 34.239400 
0.575034 2.023163 36.140604 
0.580034 2.111394 43.745420 
0.585034 2.191286 47.547829 
0.590034 2.262528 58.955053 
0.595034 2.324839 68.461074 
0.600035 2.377977 70.362278 
0.605035 2.421729 72.263483 
0.610035 2.455924 76.065891 
0.615035 2.480425 74.164687 
0.620035 2.495136 76.065891 
0.625035 2.500000 81.769503 
0.630035 2.494997 89.374320 
0.635036 2.480146 91.275524 
0.640036 2.455507 98.880341 
0.645036 2.421176 96.979137 
0.650036 2.377291 89.374320 
0.655036 2.324022 91.275524 
0.660036 2.261582 102.682749 
0.665036 2.190214 106.485157 
0.670037 2.110202 102.682749 
0.675037 2.021861 108.386361 
0.680037 1.925544 112.188770 
0.685037 1.821624 102.682749 
0.690037 1.710516 100.781545 
0.695037 1.592657 106.485157 
0.700037 1.468510 104.583953 
0.705038 1.338567 96.979137 
0.710038 1.203343 95.077932 
0.715038 1.063371 93.176728 
0.720038 0.919201 93.176728 
0.725038 0.771404 93.176728 
0.730038 0.620562 91.275524 
0.735038 0.467268 96.979137 
0.740039 0.312124 98.880341 
0.745039 0.155753 91.275524 
0.750039 -0.001232 83.670707 
0.755039 -0.158208 89.374320 
0.760039 -0.314561 83.670707 
0.765040 -0.469675 74.164687 
0.770040 -0.622933 81.769503 
0.775040 -0.773735 72.263483 
0.780040 -0.921483 68.461074 
0.785040 -1.065594 66.559870 
0.790040 -1.205493 58.955053 
0.795041 -1.340644 34.239400 
0.800041 -1.470502 22.832175 
0.805041 -1.594552 5.721337 
0.810041 -1.712309 -15.191908 
0.815041 -1.823307 -22.796725 
0.820041 -1.927110 -30.401542 
0.825041 -2.023307 -34.203950 
0.830041 -2.111518 -38.006358 
0.835042 -2.191401 -45.611175 
0.840042 -2.262629 -38.006358 
0.845042 -2.324928 -49.413583 
0.850042 -2.378051 -57.018400 
0.855042 -2.421789 -60.820808 
0.860043 -2.455969 -64.623216 
0.865043 -2.480455 -68.425625 
0.870043 -2.495151 -74.129237 
0.875043 -2.500000 -77.931645 
0.880043 -2.494981 -77.931645 
0.885043 -2.480115 -83.635258 
0.890044 -2.455459 -95.042483 
0.895044 -2.421114 -89.338870 
0.900044 -2.377212 -100.746095 
0.905044 -2.323929 -98.844891 
0.910044 -2.261473 -102.647299 
0.915044 -2.190093 -100.746095 
0.920045 -2.110069 -100.746095 
0.925045 -2.021717 -104.548504 
0.930045 -1.925384 -106.449708 
0.935045 -1.821451 -100.746095 
0.940045 -1.710330 -106.449708 
0.945045 -1.592458 -104.548504 
0.950046 -1.468301 -98.844891 
0.955046 -1.338352 -104.548504 
0.960046 -1.203118 -104.548504 
0.965046 -1.063132 -106.449708 
0.970047 -0.918950 -106.449708 
0.975047 -0.771147 -110.252116 
0.980067 -0.619698 -104.548504 
0.985067 -0.466386 -110.252116 
0.990067 -0.311235 -108.350912 
0.995067 -0.154860 -110.252116 
1.000068 0.002127 -98.844891 
1.005068 0.159115 -100.746095 
1.010068 0.315465 -95.042483 
1.015069 0.470573 -79.832850 
1.020069 0.623827 -79.832850 
1.025069 0.774613 -62.722012 
1.030069 0.922338 -49.413583 
1.035070 1.066426 -34.203950 
1.040070 1.206305 -15.191908 
1.045070 1.341423 7.622541 
1.050070 1.471249 19.029766 
1.055071 1.595268 22.832175 
1.060071 1.712984 36.140604 
1.065071 1.823946 38.041808 
1.070071 1.927704 38.041808 
1.075071 2.023855 36.140604 
1.080071 2.112018 55.152645 
1.085071 2.191846 62.757462 
1.090072 2.263024 62.757462 
1.095072 2.325276 60.856258 
1.100073 2.378346 79.868299 
1.105073 2.422028 76.065891 
1.110073 2.456150 79.868299 
1.115074 2.480576 76.065891 
1.120074 2.495212 85.571912 
1.125074 2.499999 83.670707 
1.130074 2.494919 91.275524 
1.135074 2.479993 93.176728 
1.140075 2.455276 95.077932 
1.145075 2.420868 98.880341 
1.150076 2.376905 100.781545 
1.155076 2.323555 98.880341 
1.160077 2.261039 98.880341 
1.165077 2.189599 106.485157 
1.170077 2.109514 108.386361 
1.175078 2.021107 108.386361 
1.180078 1.924724 104.583953 
1.185078 1.820745 112.188770 
1.190078 1.709581 112.188770 
1.195078 1.591669 104.583953 
1.200078 1.467472 102.682749 
1.205078 1.337484 98.880341 
1.210079 1.202220 104.583953 
1.215079 1.062208 96.979137 
1.220079 0.918009 96.979137 
1.225079 0.770185 93.176728 
1.230079 0.619308 91.275524 
1.235080 0.465987 87.473116 
1.240080 0.310836 91.275524 
1.245080 0.154455 89.374320 
1.250081 -0.002532 87.473116 
1.255081 -0.159519 83.670707 
1.260082 -0.315876 81.769503 
1.265082 -0.470980 79.868299 
1.270082 -0.624226 68.461074 
1.275082 -0.775007 66.559870 
1.280083 -0.922724 68.461074 
1.285083 -1.066798 62.757462 
1.290083 -1.206666 64.658666 
1.295083 -1.341771 41.844216 
1.300083 -1.471577 28.535787 
1.305083 -1.595575 15.227358 
1.310084 -1.713286 0.017725 
1.315084 -1.824231 -17.093113 
1.320084 -1.927974 -28.500337 
1.325085 -2.024107 -38.006358 
1.330085 -2.112256 -36.105154 
1.335086 -2.192065 -41.808767 
1.340086 -2.263219 -45.611175 
1.345086 -2.325439 -43.709971 
1.350087 -2.378482 -53.215991 
1.355087 -2.422136 -53.215991 
1.360087 -2.456229 -60.820808 
1.365090 -2.480640 -74.129237 
1.370090 -2.495244 -76.030441 
1.375091 -2.499998 -76.030441 
1.380091 -2.494885 -81.734054 
1.385092 -2.479924 -83.635258 
1.390092 -2.455175 -85.536462 
1.395092 -2.420737 -96.943687 
1.400092 -2.376744 -89.338870 
1.405092 -2.323371 -96.943687 
1.410093 -2.260827 -98.844891 
1.415093 -2.189361 -95.042483 
1.420093 -2.109253 -108.350912 
1.425093 -2.020820 -106.449708 
1.430093 -1.924413 -110.252116 
1.435093 -1.820412 -100.746095 
1.440093 -1.709225 -102.647299 
1.445094 -1.591291 -98.844891 
1.450094 -1.467078 -108.350912 
1.455094 -1.337067 -102.647299 
1.460095 -1.201779 -108.350912 
1.465095 -1.061750 -102.647299 
1.470096 -0.917518 -104.548504 
1.475096 -0.769671 -100.746095 
1.480096 -0.618791 -108.350912 
1.485097 -0.465472 -104.548504 
1.490097 -0.310316 -106.449708 
1.495097 -0.153938 -100.746095 
1.500098 0.003069 -96.943687 
1.505098 0.160052 -98.844891 
1.510098 0.316400 -98.844891 
1.515099 0.471496 -89.338870 
1.520099 0.624731 -81.734054 
1.525099 0.775503 -64.623216 
1.530099 0.923211 -55.117196 
1.535099 1.067270 -30.401542 
1.540099 1.207122 -11.389500 
1.545100 1.342208 5.721337 
1.550100 1.471993 30.436991 
1.555102 1.596037 32.338195 
1.560103 1.713718 38.041808 
1.565103 1.824635 38.041808 
1.570103 1.928346 36.140604 
1.575104 2.024458 43.745420 
1.580104 2.112570 43.745420 
1.585104 2.192343 57.053849 
1.590105 2.263465 60.856258 
1.595105 2.325651 66.559870 
1.600105 2.378659 76.065891 
1.605105 2.422277 77.967095 
1.610105 2.456335 77.967095 
1.615105 2.480699 74.164687 
1.620106 2.495274 83.670707 
1.625106 2.499998 91.275524 
1.630107 2.494854 95.077932 
1.635107 2.479862 96.979137 
1.640107 2.455084 95.077932 
1.645108 2.420615 96.979137 
1.650108 2.376587 98.880341 
1.655109 2.323181 96.979137 
1.660109 2.260606 104.583953 
1.665110 2.189103 98.880341 
1.670110 2.108964 102.682749 
1.675111 2.020498 110.287566 
1.680111 1.924058 110.287566 
1.685111 1.820028 114.089974 
1.690111 1.708813 106.485157 
1.695112 1.590852 108.386361 
1.700112 1.466615 106.485157 
1.705112 1.336592 102.682749 
1.710112 1.201291 106.485157 
1.715112 1.061249 96.979137 
1.720112 0.917024 96.979137 
1.725113 0.769174 98.880341 
1.730113 0.618292 96.979137 
1.735113 0.464969 93.176728 
1.740113 0.309808 95.077932 
1.745113 0.153427 93.176728 
1.750113 -0.003563 85.571912 
1.755114 -0.160538 83.670707 
1.760114 -0.316877 77.967095 
1.765114 -0.471962 77.967095 
1.770114 -0.625190 77.967095 
1.775114 -0.775951 66.559870 
1.780114 -0.923649 60.856258 
1.785114 -1.067699 64.658666 
1.790114 -1.207532 64.658666 
1.795115 -1.342605 45.646624 
1.800115 -1.472377 32.338195 
1.805115 -1.596344 15.227358 
1.810115 -1.714011 -5.685888 
1.815116 -1.824910 -17.093113 
1.820116 -1.928604 -30.401542 
1.825116 -2.024686 -30.401542 
1.830116 -2.112777 -41.808767 
1.835116 -2.192528 -38.006358 
1.840117 -2.263625 -43.709971 
1.845117 -2.325789 -43.709971 
1.850117 -2.378775 -57.018400 
1.855117 -2.422369 -66.524421 
1.860117 -2.456406 -64.623216 
1.865117 -2.480747 -68.425625 
1.870119 -2.495299 -72.228033 
1.875119 -2.499997 -79.832850 
1.880120 -2.494828 -85.536462 
1.885120 -2.479811 -77.931645 
1.890120 -2.455008 -83.635258 
1.895120 -2.420515 -93.141279 
1.900120 -2.376470 -98.844891 
1.905121 -2.323044 -87.437666 
1.910121 -2.260448 -102.647299 
1.915121 -2.188933 -104.548504 
1.920121 -2.108777 -98.844891 
1.925121 -2.020298 -102.647299 
1.930121 -1.923848 -104.548504 
1.935122 -1.819804 -110.252116 
1.940122 -1.708579 -110.252116 
1.945122 -1.590610 -110.252116 
1.950122 -1.466361 -104.548504 
1.955122 -1.336327 -100.746095 
1.960122 -1.201019 -104.548504 
1.965122 -1.060968 -102.647299 
1.970123 -0.916723 -102.647299 
1.975123 -0.768870 -98.844891 
1.980123 -0.617978 -104.548504 
1.985123 -0.464651 -106.449708 
1.990123 -0.309490 -104.548504 
1.995123 -0.153107 -106.449708 
2.000123 0.003880 -98.844891 
2.005124 0.160855 -98.844891 
2.010124 0.317194 -98.844891 
2.015124 0.472282 -85.536462 
2.020125 0.625518 -77.931645 
2.025125 0.776282 -60.820808 
2.030125 0.923976 -47.512379 
2.035126 1.068020 -30.401542 
2.040126 1.207854 -15.191908 
2.045126 1.342913 1.918929 
2.050126 1.472671 26.634583 
2.055127 1.596622 28.535787 
2.060127 1.714267 30.436991 
2.065127 1.825155 36.140604 
2.070128 1.928838 39.943012 
2.075128 2.024905 41.844216 
2.080128 2.112978 51.350237 
2.085129 2.192712 57.053849 
2.090129 2.263792 64.658666 
2.095129 2.325933 72.263483 
2.100129 2.378893 68.461074 
2.105129 2.422466 70.362278 
2.110129 2.456477 76.065891 
2.115130 2.480794 79.868299 
2.120130 2.495320 83.670707 
2.125130 2.499997 87.473116 
2.130131 2.494806 93.176728 
2.135131 2.479768 100.781545 
2.140131 2.454942 96.979137 
2.145132 2.420426 98.880341 
2.150132 2.376358 98.880341 
2.155132 2.322908 98.880341 
2.160133 2.260291 98.880341 
2.165133 2.188755 102.682749 
2.170133 2.108571 100.781545 
2.175134 2.020065 108.386361 
2.180134 1.923591 110.287566 
2.185135 1.819524 114.089974 
2.190135 1.708278 104.583953 
2.195135 1.590287 102.682749 
2.200135 1.466022 106.485157 
2.205135 1.335974 110.287566 
2.210136 1.200644 104.583953 
2.215136 1.060575 98.880341 
2.220136 0.916326 106.485157 
2.225137 0.768457 104.583953 
2.230137 0.617558 96.979137 
2.235137 0.464219 93.176728 
2.240137 0.309050 95.077932 
2.245137 0.152668 85.571912 
2.250138 -0.004326 87.473116 
2.255138 -0.161297 79.868299 
2.260138 -0.317631 81.769503 
2.265138 -0.472714 83.670707 
2.270138 -0.625929 79.868299 
2.275138 -0.776673 74.164687 
2.280138 -0.924350 72.263483 
2.285138 -1.068381 64.658666 
2.290139 -1.208204 62.757462 
2.295139 -1.343257 45.646624 
2.300139 -1.473004 24.733379 
2.305140 -1.596939 9.523746 
2.310140 -1.714567 -7.587092 
2.315140 -1.825436 -15.191908 
2.320141 -1.929100 -32.302746 
2.325141 -2.025145 -34.203950 
2.330141 -2.113195 -32.302746 
2.335141 -2.192905 -36.105154 
2.340142 -2.263959 -38.006358 
2.345142 -2.326077 -53.215991 
2.350142 -2.379016 -53.215991 
2.355142 -2.422567 -68.425625 
2.360143 -2.456554 -72.228033 
2.365143 -2.480846 -74.129237 
2.370143 -2.495345 -68.425625 
2.375144 -2.499996 -77.931645 
2.380144 -2.494779 -85.536462 
2.385144 -2.479716 -89.338870 
2.390144 -2.454866 -83.635258 
2.395144 -2.420328 -85.536462 
2.400144 -2.376237 -91.240074 
2.405145 -2.322760 -93.141279 
2.410145 -2.260119 -98.844891 
2.415146 -2.188558 -104.548504 
2.420146 -2.108359 -106.449708 
2.425146 -2.019839 -104.548504 
2.430146 -1.923348 -104.548504 
2.435146 -1.819268 -106.449708 
2.440147 -1.708008 -108.350912 
2.445147 -1.590006 -98.844891 
2.450147 -1.465730 -108.350912 
2.455147 -1.335668 -102.647299 
2.460147 -1.200335 -98.844891 
2.465148 -1.060245 -102.647299 
2.470148 -0.915981 -106.449708 
2.475148 -0.768107 -102.647299 
2.480149 -0.617199 -96.943687 
2.485149 -0.463854 -98.844891 
2.490149 -0.308682 -102.647299 
2.495149 -0.152289 -98.844891 
2.500150 0.004703 -98.844891 
2.505150 0.161676 -93.141279 
2.510150 0.318005 -96.943687 
2.515150 0.473084 -95.042483 
2.520150 0.626297 -77.931645 
2.525155 0.777184 -68.425625 
2.530155 0.924852 -53.215991 
2.535156 1.068872 -36.105154 
2.540156 1.208671 -15.191908 
2.545156 1.343700 13.326154 
2.550156 1.473428 22.832175 
2.555157 1.597350 32.338195 
2.560157 1.714964 36.140604 
2.565157 1.825805 34.239400 
2.570158 1.929441 36.140604 
2.575158 2.025456 36.140604 
2.580158 2.113477 47.547829 
2.585158 2.193158 60.856258 
2.590158 2.264182 62.757462 
2.595159 2.326271 68.461074 
2.600159 2.379178 77.967095 
2.605159 2.422695 79.868299 
2.610159 2.456649 77.967095 
2.615159 2.480908 83.670707 
2.620159 2.495376 87.473116 
2.625159 2.499995 83.670707 
2.630159 2.494747 89.374320 
2.635159 2.479654 95.077932 
2.640160 2.454774 98.880341 
2.645160 2.420205 98.880341 
2.650160 2.376085 98.880341 
2.655160 2.322587 102.682749 
2.660160 2.259923 95.077932 
2.665160 2.188341 102.682749 
2.670160 2.108119 108.386361 
2.675160 2.019575 100.781545 
2.680161 1.923061 106.485157 
2.685161 1.818955 110.287566 
2.690161 1.707675 106.485157 
2.695161 1.589652 108.386361 
2.700161 1.465358 108.386361 
2.705161 1.335280 104.583953 
2.710162 1.199933 104.583953 
2.715162 1.059850 108.386361 
2.720162 0.915583 104.583953 
2.725162 0.767704 102.682749 
2.730162 0.616794 95.077932 
2.735164 0.463391 91.275524 
2.740164 0.308221 93.176728 
2.745164 0.151831 85.571912 
2.750164 -0.005162 91.275524 
2.755176 -0.162504 85.571912 
2.760176 -0.318830 83.670707 
2.765176 -0.473899 81.769503 
2.770177 -0.627097 76.065891 
2.775177 -0.777823 70.362278 
2.780177 -0.925476 74.164687 
2.785177 -1.069477 66.559870 
2.790177 -1.209257 55.152645 
2.795177 -1.344264 43.745420 
2.800177 -1.473966 22.832175 
2.805177 -1.597850 3.820133 
2.810177 -1.715428 -15.191908 
2.815178 -1.826243 -28.500337 
2.820178 -1.929847 -30.401542 
2.825178 -2.025832 -34.203950 
2.830179 -2.113823 -34.203950 
2.835179 -2.193469 -45.611175 
2.840179 -2.264458 -38.006358 
2.845179 -2.326508 -43.709971 
2.850179 -2.379376 -51.314787 
2.855179 -2.422853 -62.722012 
2.860179 -2.456769 -68.425625 
2.865180 -2.480987 -70.326829 
2.870180 -2.495415 -79.832850 
2.875180 -2.499994 -77.931645 
2.880180 -2.494705 -77.931645 
2.885180 -2.479571 -79.832850 
2.890184 -2.454627 -89.338870 
2.895184 -2.420010 -89.338870 
2.900193 -2.375760 -87.437666 
2.905193 -2.322198 -96.943687 
2.910193 -2.259473 -89.338870 
2.915194 -2.187829 -100.746095 
2.920194 -2.107548 -98.844891 
2.925194 -2.018950 -104.548504 
2.930194 -1.922386 -102.647299 
2.935195 -1.818231 -98.844891 
2.940195 -1.706899 -104.548504 
2.945195 -1.588828 -98.844891 
2.950196 -1.464485 -98.844891 
2.955196 -1.334367 -102.647299 
2.960196 -1.198985 -95.042483 
2.965196 -1.058871 -98.844891 
2.970196 -0.914578 -96.943687 
2.975196 -0.766675 -98.844891 
2.980198 -0.615695 -104.548504 
2.985199 -0.462323 -104.548504 
2.990199 -0.307136 -98.844891 
2.995199 -0.150733 -98.844891 
3.000199 0.006261 -96.943687 
3.005199 0.163231 -95.042483 
3.010200 0.319553 -98.844891 
3.015200 0.474618 -96.943687 
3.020200 0.627805 -93.141279 
3.025201 0.778534 -76.030441 
3.030201 0.926174 -60.820808 
3.035201 1.070156 -41.808767 
3.040201 1.209917 -24.697929 
3.045201 1.344902 3.820133 
3.050201 1.474577 19.029766 
3.055201 1.598432 26.634583 
3.060202 1.715979 32.338195 
3.065202 1.826756 34.239400 
3.070202 1.930326 38.041808 
3.075203 2.026279 39.943012 
3.080203 2.114228 51.350237 
3.085203 2.193833 53.251441 
3.090203 2.264780 60.856258 
3.095203 2.326787 62.757462 
3.100204 2.379612 74.164687 
3.105204 2.423044 79.868299 
3.110204 2.456911 83.670707 
3.115204 2.481082 83.670707 
3.120204 2.495462 87.473116 
3.125204 2.499992 85.571912 
3.130206 2.494652 87.473116 
3.135217 2.479424 87.473116 
3.140217 2.454432 91.275524 
3.145217 2.419754 96.979137 
3.150231 2.375393 100.781545 
3.155231 2.321765 106.485157 
3.160231 2.258971 108.386361 
3.165231 2.187263 104.583953 
3.170231 2.106924 104.583953 
3.175231 2.018267 102.682749 
3.180231 1.921645 102.682749 
3.185231 1.817442 104.583953 
3.190231 1.706063 108.386361 
3.195231 1.587952 108.386361 
3.200232 1.463571 106.485157 
3.205232 1.333415 108.386361 
3.210232 1.197998 110.287566 
3.215232 1.057852 106.485157 
3.220232 0.913531 102.682749 
3.225232 0.765604 100.781545 
3.230232 0.614656 98.880341 
3.235232 0.461283 96.979137 
3.240232 0.306088 95.077932 
3.245232 0.149686 96.979137 
3.250233 -0.007307 85.571912 
3.255233 -0.164272 87.473116 
3.260233 -0.320591 85.571912 
3.265233 -0.475642 77.967095 
3.270233 -0.628815 74.164687 
3.275233 -0.779507 76.065891 
3.280233 -0.927122 76.065891 
3.285233 -1.071078 68.461074 
3.290233 -1.210804 58.955053 
3.295233 -1.345755 36.140604 
3.300234 -1.475397 22.832175 
3.305234 -1.599213 1.918929 
3.310235 -1.716754 -15.191908 
3.315236 -1.827482 -22.796725 
3.320236 -1.930999 -24.697929 
3.325236 -2.026892 -38.006358 
3.330237 -2.114797 -34.203950 
3.335237 -2.194347 -41.808767 
3.340238 -2.265236 -38.006358 
3.345238 -2.327182 -53.215991 
3.350238 -2.379941 -49.413583 
3.355239 -2.423312 -64.623216 
3.360239 -2.457114 -62.722012 
3.365239 -2.481217 -66.524421 
3.370247 -2.495543 -72.228033 
3.375248 -2.499988 -76.030441 
3.380248 -2.494565 -79.832850 
3.385248 -2.479297 -83.635258 
3.390249 -2.454243 -85.536462 
3.395249 -2.419502 -95.042483 
3.400249 -2.375212 -95.042483 
3.405249 -2.321547 -95.042483 
3.410249 -2.258719 -98.844891 
3.415250 -2.186977 -96.943687 
3.420250 -2.106603 -96.943687 
3.425250 -2.017914 -98.844891 
3.430250 -1.921259 -96.943687 
3.435251 -1.817021 -96.943687 
3.440251 -1.705604 -96.943687 
3.445252 -1.587462 -106.449708 
3.450252 -1.463056 -106.449708 
3.455252 -1.332876 -104.548504 
3.460252 -1.197435 -106.449708 
3.465252 -1.057265 -95.042483 
3.470253 -0.912928 -98.844891 
3.475253 -0.764985 -102.647299 
3.480253 -0.614023 -98.844891 
3.485253 -0.460640 -98.844891 
3.490253 -0.305437 -93.141279 
3.495253 -0.149027 -89.338870 
3.500254 0.007970 -89.338870 
3.505254 0.164933 -98.844891 
3.510254 0.321245 -96.943687 
3.515254 0.476292 -95.042483 
3.520254 0.629466 -81.734054 
3.525255 0.780149 -77.931645 
3.530255 0.927749 -64.623216 
3.535255 1.071691 -49.413583 
3.540255 1.211404 -34.203950 
3.545255 1.346329 -7.587092 
3.550255 1.475947 20.930970 
3.555256 1.599739 22.832175 
3.560256 1.717217 30.436991 
3.565256 1.827920 39.943012 
3.570256 1.931406 41.844216 
3.575256 2.027267 43.745420 
3.580257 2.115128 47.547829 
3.585257 2.194645 53.251441 
3.590257 2.265498 62.757462 
3.595258 2.327408 62.757462 
3.600258 2.380132 76.065891 
3.605258 2.423461 79.868299 
3.610258 2.457226 83.670707 
3.615258 2.481291 76.065891 
3.620259 2.495564 83.670707 
3.625259 2.499987 91.275524 
3.630259 2.494543 93.176728 
3.635259 2.479254 91.275524 
3.640259 2.454179 98.880341 
3.645259 2.419419 102.682749 
3.650259 2.375110 98.880341 
3.655259 2.321428 102.682749 
3.660260 2.258582 98.880341 
3.665260 2.186818 108.386361 
3.670260 2.106427 100.781545 
3.675260 2.017723 106.485157 
3.680261 1.921054 108.386361 
3.685261 1.816803 112.188770 
3.690261 1.705379 108.386361 
3.695261 1.587229 114.089974 
3.700261 1.462811 100.781545 
3.705262 1.332621 106.485157 
3.710262 1.197173 108.386361 
3.715262 1.056998 100.781545 
3.720262 0.912651 98.880341 
3.725262 0.764704 100.781545 
3.730262 0.613737 96.979137 
3.735263 0.460347 96.979137 
3.740263 0.305137 98.880341 
3.745263 0.148723 89.374320 
3.750264 -0.008281 91.275524 
3.755264 -0.165250 89.374320 
3.760264 -0.321569 85.571912 
3.765265 -0.476616 77.967095 
3.770265 -0.629785 79.868299 
3.775265 -0.780465 79.868299 
3.780265 -0.928061 76.065891 
3.785267 -1.072026 70.362278 
3.790267 -1.211728 51.350237 
3.795268 -1.346663 45.646624 
3.800268 -1.476264 22.832175 
3.805268 -1.600041 3.820133 
3.810268 -1.717502 -15.191908 
3.815268 -1.828181 -24.697929 
3.820268 -1.931649 -28.500337 
3.825269 -2.027491 -36.105154 
3.830269 -2.115331 -34.203950 
3.835269 -2.194824 -38.006358 
3.840269 -2.265653 -38.006358 
3.845269 -2.327539 -45.611175 
3.850269 -2.380241 -57.018400 
3.855269 -2.423548 -62.722012 
3.860269 -2.457290 -64.623216 
3.865270 -2.481334 -72.228033 
3.870270 -2.495585 -70.326829 
3.875270 -2.499986 -77.931645 
3.880270 -2.494519 -79.832850 
3.885270 -2.479208 -87.437666 
3.890270 -2.454112 -85.536462 
3.895271 -2.419330 -83.635258 
3.900271 -2.375000 -87.437666 
3.905271 -2.321296 -85.536462 
3.910271 -2.258430 -95.042483 
3.915271 -2.186649 -102.647299 
3.920271 -2.106241 -98.844891 
3.925272 -2.017510 -95.042483 
3.930272 -1.920823 -98.844891 
3.935272 -1.816557 -96.943687 
3.940272 -1.705122 -100.746095 
3.945272 -1.586954 -106.449708 
3.950273 -1.462524 -100.746095 
3.955273 -1.332323 -98.844891 
3.960273 -1.196867 -100.746095 
3.965273 -1.056682 -98.844891 
3.970273 -0.912329 -93.141279 
3.975273 -0.764372 -98.844891 
3.980273 -0.613399 -102.647299 
3.985274 -0.460001 -98.844891 
3.990274 -0.304791 -96.943687 
3.995274 -0.148384 -96.943687 
4.000274 0.008617 -91.240074 
4.005274 0.165579 -93.141279 
4.010274 0.321887 -95.042483 
4.015275 0.476928 -85.536462 
4.020275 0.630086 -85.536462 
4.025275 0.780751 -77.931645 
4.030275 0.928341 -64.623216 
4.035275 1.072265 -49.413583 
4.040275 1.211959 -24.697929 
4.045276 1.346869 -9.488296 
4.050276 1.476461 19.029766 
4.055276 1.600227 34.239400 
4.060276 1.717676 34.239400 
4.065276 1.828348 38.041808 
4.070276 1.931802 41.844216 
4.075276 2.027634 38.041808 
4.080277 2.115463 47.547829 
4.085277 2.194941 57.053849 
4.090277 2.265756 58.955053 
4.095277 2.327629 68.461074 
4.100277 2.380316 77.967095 
4.105277 2.423608 74.164687 
4.110277 2.457335 77.967095 
4.115277 2.481364 83.670707 
4.120277 2.495599 89.374320 
4.125278 2.499985 87.473116 
4.130278 2.494504 89.374320 
4.135278 2.479177 95.077932 
4.140278 2.454066 100.781545 
4.145278 2.419270 98.880341 
4.150278 2.374924 104.583953 
4.155279 2.321204 98.880341 
4.160287 2.258217 102.682749 
4.165287 2.186406 106.485157 
4.170287 2.105966 106.485157 
4.175288 2.017213 104.583953 
4.180289 1.920489 112.188770 
4.185289 1.816194 108.386361 
4.190289 1.704733 106.485157 
4.195289 1.586542 112.188770 
4.200290 1.462088 104.583953 
4.205290 1.331866 104.583953 
4.210290 1.196390 100.781545 
4.215290 1.056192 110.287566 
4.220290 0.911826 96.979137 
4.225290 0.763861 102.682749 
4.230290 0.612881 104.583953 
4.235291 0.459482 98.880341 
4.240291 0.304270 102.682749 
4.245291 0.147854 91.275524 
4.250291 -0.009142 93.176728 
4.255291 -0.166105 91.275524 
4.260291 -0.322413 89.374320 
4.265291 -0.477446 89.374320 
4.270292 -0.630597 77.967095 
4.275292 -0.781256 79.868299 
4.280292 -0.928834 70.362278 
4.285292 -1.072750 70.362278 
4.290293 -1.212431 49.449033 
4.295293 -1.347327 38.041808 
4.300293 -1.476905 22.832175 
4.305293 -1.600651 1.918929 
4.310294 -1.718080 -17.093113 
4.315294 -1.828730 -20.895521 
4.320294 -1.932161 -32.302746 
4.325294 -2.027965 -34.203950 
4.330294 -2.115763 -34.203950 
4.335295 -2.195210 -38.006358 
4.340295 -2.265994 -34.203950 
4.345295 -2.327835 -51.314787 
4.350295 -2.380489 -49.413583 
4.355295 -2.423747 -60.820808 
4.360295 -2.457440 -64.623216 
4.365295 -2.481433 -68.425625 
4.370296 -2.495633 -74.129237 
4.375296 -2.499983 -79.832850 
4.380296 -2.494465 -79.832850 
4.385296 -2.479102 -77.931645 
4.390297 -2.453955 -89.338870 
4.395297 -2.419122 -85.536462 
4.400297 -2.374742 -93.141279 
4.405297 -2.320990 -96.943687 
4.410297 -2.258076 -95.042483 
4.415297 -2.186253 -91.240074 
4.420297 -2.105799 -102.647299 
4.425297 -2.017037 -98.844891 
4.430298 -1.920310 -98.844891 
4.435298 -1.816007 -106.449708 
4.440298 -1.704538 -102.647299 
4.445298 -1.586338 -96.943687 
4.450298 -1.461879 -104.548504 
4.455298 -1.331650 -98.844891 
4.460298 -1.196166 -102.647299 
4.465298 -1.055961 -100.746095 
4.470298 -0.911589 -104.548504 
4.475299 -0.763603 -104.548504 
4.480299 -0.612610 -98.844891 
4.485300 -0.459204 -96.943687 
4.490300 -0.303984 -91.240074 
4.495300 -0.147563 -95.042483 
4.500300 0.009437 -93.141279 
4.505300 0.166397 -96.943687 
4.510301 0.322703 -85.536462 
4.515301 0.477732 -89.338870 
4.520301 0.630892 -83.635258 
4.525302 0.781551 -77.931645 
4.530302 0.929129 -60.820808 
4.535302 1.073034 -45.611175 
4.540302 1.212703 -30.401542 
4.545303 1.347584 -3.784684 
4.550303 1.477146 20.930970 
4.555303 1.600890 26.634583 
4.560304 1.718308 41.844216 
4.565304 1.828940 38.041808 
4.570304 1.932355 34.239400 
4.575304 2.028141 43.745420 
4.580305 2.115932 47.547829 
4.585305 2.195364 57.053849 
4.590305 2.266132 57.053849 
4.595305 2.327955 64.658666 
4.600306 2.380593 70.362278 
4.605306 2.423831 76.065891 
4.610306 2.457501 85.571912 
4.615306 2.481475 87.473116 
4.620307 2.495653 91.275524 
4.625307 2.499981 93.176728 
4.630307 2.494442 91.275524 
4.635307 2.479058 93.176728 
4.640307 2.453890 98.880341 
4.645308 2.419033 95.077932 
4.650309 2.374628 100.781545 
4.655309 2.320850 102.682749 
4.660309 2.257915 102.682749 
4.665309 2.186067 106.485157 
4.670310 2.105592 114.089974 
4.675310 2.016808 110.287566 
4.680310 1.920065 114.089974 
4.685310 1.815743 108.386361 
4.690310 1.704255 102.682749 
4.695310 1.586041 108.386361 
4.700311 1.461555 110.287566 
4.705311 1.331307 108.386361 
4.710311 1.195805 110.287566 
4.715312 1.055583 104.583953 
4.720312 0.911197 104.583953 
4.725312 0.763218 96.979137 
4.730312 0.612226 98.880341 
4.735312 0.458818 93.176728 
4.740312 0.303600 96.979137 
4.745312 0.147183 91.275524 
4.750312 -0.009814 93.176728 
4.755312 -0.166773 87.473116 
4.760313 -0.323074 89.374320 
4.765313 -0.478115 87.473116 
4.770314 -0.631271 83.670707 
4.775314 -0.781924 79.868299 
4.780314 -0.929488 79.868299 
4.785315 -1.073391 66.559870 
4.790315 -1.213049 47.547829 
4.795315 -1.347920 39.943012 
4.800316 -1.477470 15.227358 
4.805316 -1.601187 -1.883479 
4.810316 -1.718586 -20.895521 
4.815316 -1.829201 -20.895521 
4.820316 -1.932596 -28.500337 
4.825316 -2.028367 -28.500337 
4.830317 -2.116133 -41.808767 
4.835317 -2.195544 -43.709971 
4.840317 -2.266289 -39.907562 
4.845317 -2.328090 -43.709971 
4.850317 -2.380702 -55.117196 
4.855317 -2.423918 -57.018400 
4.860318 -2.457568 -68.425625 
4.865318 -2.481519 -64.623216 
4.870318 -2.495675 -74.129237 
4.875319 -2.499980 -83.635258 
4.880319 -2.494418 -81.734054 
4.885319 -2.479010 -76.030441 
4.890319 -2.453819 -83.635258 
4.895319 -2.418942 -85.536462 
4.900320 -2.374515 -85.536462 
4.905320 -2.320717 -100.746095 
4.910321 -2.257758 -95.042483 
4.915321 -2.185891 -98.844891 
4.920321 -2.105396 -98.844891 
4.925321 -2.016591 -96.943687 
4.930321 -1.919829 -98.844891 
4.935322 -1.815488 -106.449708 
4.940322 -1.703982 -102.647299 
4.945322 -1.585755 -106.449708 
4.950322 -1.461265 -98.844891 
4.955322 -1.331010 -98.844891 
4.960322 -1.195501 -95.042483 
4.965322 -1.055275 -102.647299 
4.970322 -0.910884 -98.844891 
4.975323 -0.762885 -102.647299 
4.980323 -0.611879 -96.943687 
4.985324 -0.458463 -102.647299 
4.990324 -0.303241 -95.042483 
4.995324 -0.146823 -95.042483 
5.000324 0.010182 -91.240074 
5.005324 0.167140 -93.141279 
5.010324 0.323441 -87.437666 
5.015325 0.478469 -93.141279 
5.020325 0.631606 -91.240074 
5.025326 0.782273 -76.030441 
5.030326 0.929826 -66.524421 
5.035326 1.073709 -45.611175 
5.040326 1.213357 -30.401542 
5.045327 1.348222 -7.587092 
5.050327 1.477764 19.029766 
5.055327 1.601469 26.634583 
5.060328 1.718858 30.436991 
5.065328 1.829458 32.338195 
5.070328 1.932839 45.646624 
5.075328 2.028589 41.844216 
5.080329 2.116335 39.943012 
5.085329 2.195727 53.251441 
5.090329 2.266452 62.757462 
5.095329 2.328231 60.856258 
5.100330 2.380822 70.362278 
5.105330 2.424015 81.769503 
5.110330 2.457640 81.769503 
5.115330 2.481565 87.473116 
5.120330 2.495697 87.473116 
5.125330 2.499978 85.571912 
5.130331 2.494393 87.473116 
5.135331 2.478961 91.275524 
5.140332 2.453745 93.176728 
5.145332 2.418845 96.979137 
5.150332 2.374398 100.781545 
5.155332 2.320580 108.386361 
5.160332 2.257604 98.880341 
5.165332 2.185718 106.485157 
5.170333 2.105197 102.682749 
5.175333 2.016368 106.485157 
5.180334 1.919586 112.188770 
5.185334 1.815227 110.287566 
5.190334 1.703706 104.583953 
5.195334 1.585461 108.386361 
5.200334 1.460959 106.485157 
5.205335 1.330666 98.880341 
5.210335 1.195145 104.583953 
5.215335 1.054908 104.583953 
5.220335 0.910506 108.386361 
5.225336 0.762508 104.583953 
5.230336 0.611504 104.583953 
5.235336 0.458083 102.682749 
5.240336 0.302855 93.176728 
5.245336 0.146434 95.077932 
5.250336 -0.010565 91.275524 
5.255336 -0.167522 85.571912 
5.260336 -0.323818 93.176728 
5.265337 -0.478839 79.868299 
5.270337 -0.631971 83.670707 
5.275348 -0.782939 74.164687 
5.280348 -0.930479 81.769503 
5.285348 -1.074344 70.362278 
5.290348 -1.213967 47.547829 
5.295349 -1.348801 39.943012 
5.300349 -1.478314 19.029766 
5.305349 -1.601990 -5.685888 
5.310349 -1.719346 -15.191908 
5.315349 -1.829914 -30.401542 
5.320350 -1.933269 -28.500337 
5.325350 -2.028991 -28.500337 
5.330350 -2.116699 -34.203950 
5.335351 -2.196055 -39.907562 
5.340351 -2.266741 -38.006358 
5.345351 -2.328482 -38.006358 
5.350352 -2.381031 -55.117196 
5.355355 -2.424207 -58.919604 
5.360355 -2.457784 -62.722012 
5.365356 -2.481664 -72.228033 
5.370356 -2.495745 -79.832850 
5.375356 -2.499975 -79.832850 
5.380356 -2.494339 -74.129237 
5.385357 -2.478856 -81.734054 
5.390357 -2.453589 -76.030441 
5.395358 -2.418638 -83.635258 
5.400358 -2.374141 -87.437666 
5.405358 -2.320274 -89.338870 
5.410358 -2.257249 -95.042483 
5.415359 -2.185311 -100.746095 
5.420359 -2.104747 -100.746095 
5.425360 -2.015878 -95.042483 
5.430360 -1.919052 -98.844891 
5.435360 -1.814652 -100.746095 
5.440361 -1.703090 -102.647299 
5.445361 -1.584808 -95.042483 
5.450361 -1.460268 -104.548504 
5.455362 -1.329959 -96.943687 
5.460362 -1.194403 -102.647299 
5.465362 -1.054133 -95.042483 
5.470363 -0.909705 -98.844891 
5.475363 -0.761686 -98.844891 
5.480363 -0.610666 -93.141279 
5.485363 -0.457237 -89.338870 
5.490363 -0.302003 -96.943687 
5.495364 -0.145574 -87.437666 
5.500364 0.011429 -96.943687 
5.505364 0.168397 -89.338870 
5.510365 0.324700 -95.042483 
5.515365 0.479715 -87.437666 
5.520365 0.632837 -85.536462 
5.525366 0.783464 -76.030441 
5.530366 0.930992 -60.820808 
5.535367 1.074861 -43.709971 
5.540367 1.214472 -24.697929 
5.545367 1.349301 0.017725 
5.550368 1.478798 17.128562 
5.555368 1.602458 32.338195 
5.560368 1.719786 38.041808 
5.565368 1.830327 41.844216 
5.570369 1.933648 34.239400 
5.575369 2.029342 38.041808 
5.580370 2.117020 47.547829 
5.585370 2.196344 58.955053 
5.590370 2.266995 60.856258 
5.595370 2.328699 66.559870 
5.600370 2.381211 66.559870 
5.605370 2.424326 74.164687 
5.610371 2.457873 83.670707 
5.615371 2.481719 79.868299 
5.620371 2.495771 81.769503 
5.625371 2.499973 89.374320 
5.630371 2.494307 91.275524 
5.635371 2.478797 95.077932 
5.640372 2.453502 100.781545 
5.645372 2.418522 104.583953 
5.650373 2.373994 93.176728 
5.655373 2.320100 98.880341 
5.660373 2.257048 96.979137 
5.665373 2.185090 106.485157 
5.670373 2.104509 106.485157 
5.675374 2.015620 104.583953 
5.680374 1.918778 114.089974 
5.685374 1.814361 114.089974 
5.690374 1.702782 108.386361 
5.695374 1.584487 106.485157 
5.700374 1.459934 108.386361 
5.705374 1.329618 104.583953 
5.710375 1.194055 102.682749 
5.715375 1.053785 104.583953 
5.720375 0.909336 102.682749 
5.725376 0.761306 98.880341 
5.730376 0.610270 98.880341 
5.735376 0.456833 95.077932 
5.740376 0.301595 98.880341 
5.745377 0.145167 93.176728 
5.750377 -0.011834 91.275524 
5.755377 -0.168789 83.670707 
5.760377 -0.325077 91.275524 
5.765377 -0.480082 81.769503 
5.770387 -0.633499 83.670707 
5.775387 -0.784105 76.065891 
5.780387 -0.931616 76.065891 
5.785387 -1.075451 74.164687 
5.790388 -1.215040 55.152645 
5.795388 -1.349835 41.844216 
5.800393 -1.479426 22.832175 
5.805393 -1.603061 0.017725 
5.810394 -1.720363 -17.093113 
5.815394 -1.830870 -24.697929 
5.820394 -1.934151 -24.697929 
5.825394 -2.029801 -38.006358 
5.830395 -2.117436 -34.203950 
5.835395 -2.196713 -39.907562 
5.840395 -2.267321 -34.203950 
5.845395 -2.328980 -39.907562 
5.850395 -2.381447 -49.413583 
5.855395 -2.424516 -58.919604 
5.860395 -2.458015 -70.326829 
5.865401 -2.481833 -76.030441 
5.870401 -2.495826 -81.734054 
5.875401 -2.499968 -77.931645 
5.880401 -2.494244 -77.931645 
5.885401 -2.478675 -76.030441 
5.890402 -2.453320 -83.635258 
5.895402 -2.418282 -83.635258 
5.900403 -2.373699 -81.734054 
5.905403 -2.319748 -89.338870 
5.910403 -2.256643 -93.141279 
5.915404 -2.184630 -95.042483 
5.920404 -2.103989 -102.647299 
5.925404 -2.015047 -98.844891 
5.930405 -1.918152 -106.449708 
5.935405 -1.813686 -104.548504 
5.940405 -1.702064 -100.746095 
5.945405 -1.583726 -100.746095 
5.950405 -1.459138 -96.943687 
5.955406 -1.328791 -100.746095 
5.960406 -1.193200 -95.042483 
5.965406 -1.052899 -96.943687 
5.970406 -0.908443 -95.042483 
5.975406 -0.760396 -98.844891 
5.980406 -0.609347 -96.943687 
5.985407 -0.455894 -102.647299 
5.990407 -0.300640 -93.141279 
5.995407 -0.144207 -95.042483 
