0.000001 0.000090 -1.595049 
0.005001 0.445394 6.009767 
0.010023 0.878231 -1.595049 
0.015023 1.281111 7.910971 
0.020023 1.643010 4.108563 
0.025023 1.952363 6.009767 
0.030023 2.199279 7.910971 
0.035023 2.375853 21.219400 
0.040023 2.476441 30.725421 
0.045024 2.497828 40.231442 
0.050024 2.439320 45.935054 
0.055024 2.302793 49.737463 
0.060025 2.092616 55.441075 
0.065025 1.815517 59.243483 
0.070025 1.480353 64.947096 
0.075025 1.097845 68.749504 
0.080025 0.680226 61.144688 
0.085025 0.240852 64.947096 
0.090025 -0.206243 63.045892 
0.095026 -0.646733 64.947096 
0.100026 -1.066538 59.243483 
0.105026 -1.452239 61.144688 
0.110026 -1.791484 51.638667 
0.115026 -2.073427 53.539871 
0.120027 -2.289065 34.527830 
0.125041 -2.431777 15.515788 
0.130041 -2.496209 -11.101070 
0.135041 -2.480805 -33.915520 
0.140041 -2.386060 -41.520337 
0.145041 -2.215000 -60.532378 
0.150042 -1.973091 -58.631174 
0.155042 -1.668074 -62.433582 
0.160042 -1.309720 -64.334786 
0.165042 -0.909478 -60.532378 
0.170042 -0.480149 -75.742011 
0.175042 -0.035463 -75.742011 
0.180043 0.410356 -66.235991 
0.185043 0.843051 -68.137195 
0.190043 1.248784 -70.038399 
0.195043 1.614585 -64.334786 
0.200043 1.928746 -56.729970 
0.205043 2.181220 -41.520337 
0.210043 2.363928 -28.211907 
0.215044 2.471033 -1.595049 
0.220044 2.499109 15.515788 
0.225047 2.447198 34.527830 
0.230047 2.317026 40.231442 
0.235047 2.112752 49.737463 
0.240048 1.840902 55.441075 
0.245048 1.510167 53.539871 
0.250048 1.131129 45.935054 
0.255048 0.715913 53.539871 
0.260049 0.277799 59.243483 
0.265049 -0.169191 59.243483 
0.270049 -0.610771 61.144688 
0.275049 -1.032815 61.144688 
0.280049 -1.421813 49.737463 
0.285050 -1.765352 53.539871 
0.290050 -2.052429 45.935054 
0.295050 -2.273863 40.231442 
0.300050 -2.422570 15.515788 
0.305051 -2.493800 6.009767 
0.310051 -2.485263 -14.903478 
0.315051 -2.397239 -41.520337 
0.320051 -2.232540 -54.828766 
0.325051 -1.996440 -56.729970 
0.330052 -1.696493 -64.334786 
0.335052 -1.342281 -54.828766 
0.340052 -0.945147 -66.235991 
0.345052 -0.517786 -64.334786 
0.350052 -0.073864 -68.137195 
0.355052 0.372420 -66.235991 
0.360052 0.806801 -68.137195 
0.365053 1.215378 -66.235991 
0.370053 1.585084 -66.235991 
0.375063 1.904679 -60.532378 
0.380063 2.162657 -43.421541 
0.385063 2.351463 -20.607091 
0.390063 2.465065 -5.397458 
0.395064 2.499829 13.614584 
0.400064 2.454641 28.824217 
0.405064 2.330946 38.330238 
0.410072 2.132317 51.638667 
0.415072 1.865760 53.539871 
0.420073 1.539519 53.539871 
0.425089 1.162808 51.638667 
0.430089 0.750016 55.441075 
0.435089 0.313237 61.144688 
0.440089 -0.133569 59.243483 
0.445089 -0.576094 55.441075 
0.450090 -1.000219 59.243483 
0.455090 -1.392336 55.441075 
0.460090 -1.739916 45.935054 
0.465090 -2.031849 40.231442 
0.470090 -2.258800 44.033850 
0.475090 -2.413512 23.120605 
0.480090 -2.491032 7.910971 
0.485091 -2.488881 -11.101070 
0.490091 -2.407131 -41.520337 
0.495091 -2.248393 -52.927561 
0.500091 -2.017748 -66.235991 
0.505091 -1.722572 -66.235991 
0.510091 -1.372297 -70.038399 
0.515091 -0.978131 -68.137195 
0.520091 -0.552690 -70.038399 
0.525092 -0.109573 -73.840807 
0.530092 0.337092 -71.939603 
0.535093 0.772950 -73.840807 
0.540093 1.184092 -81.445624 
0.545093 1.557346 -66.235991 
0.550095 1.880880 -58.631174 
0.555095 2.144147 -33.915520 
0.560095 2.338840 -14.903478 
0.565095 2.458731 11.713380 
0.570095 2.499990 19.318196 
0.575095 2.461292 34.527830 
0.580095 2.343877 51.638667 
0.585095 2.151500 49.737463 
0.590096 1.890314 57.342279 
0.595096 1.568665 45.935054 
0.600096 1.196853 55.441075 
0.605096 0.786763 55.441075 
0.610096 0.351510 64.947096 
0.615096 -0.094984 61.144688 
0.620096 -0.538441 61.144688 
0.625097 -0.964710 64.947096 
0.630097 -1.360114 57.342279 
0.635097 -1.712006 49.737463 
0.640098 -2.009135 49.737463 
0.645098 -2.242002 38.330238 
0.650098 -2.403170 30.725421 
0.655098 -2.487472 9.812176 
0.660099 -2.492217 -11.101070 
0.665099 -2.417251 -35.816724 
0.670103 -2.264829 -52.927561 
0.675103 -2.040063 -64.334786 
0.680112 -1.749456 -64.334786 
0.685112 -1.403373 -68.137195 
0.690113 -1.012413 -71.939603 
0.695113 -0.589074 -68.137195 
0.700113 -0.146895 -71.939603 
0.705113 0.299990 -71.939603 
0.710113 0.737281 -71.939603 
0.715113 1.150983 -68.137195 
0.720113 1.527875 -66.235991 
0.725113 1.855902 -56.729970 
0.730114 2.124573 -39.619132 
0.735114 2.325297 -24.409499 
0.740114 2.451652 -5.397458 
0.745114 2.499599 25.021809 
0.750114 2.467602 40.231442 
0.755114 2.356686 45.935054 
0.760114 2.170399 47.836259 
0.765114 1.914697 55.441075 
0.770114 1.597760 51.638667 
0.775115 1.229723 53.539871 
0.780115 0.822366 49.737463 
0.785115 0.388682 51.638667 
0.790115 -0.057433 55.441075 
0.795115 -0.501703 64.947096 
0.800116 -0.929927 61.144688 
0.805116 -1.328401 53.539871 
0.810116 -1.684397 55.441075 
0.815116 -1.986525 49.737463 
0.820116 -2.225112 42.132646 
0.825117 -2.392531 21.219400 
0.830117 -2.483429 6.009767 
0.835117 -2.494903 -13.002274 
0.840117 -2.426583 -37.717928 
0.845117 -2.280653 -45.322745 
0.850117 -2.061780 -60.532378 
0.855117 -1.776965 -68.137195 
0.860118 -1.435323 -66.235991 
0.865118 -1.047778 -68.137195 
0.870118 -0.626722 -66.235991 
0.875118 -0.185622 -70.038399 
0.880118 0.261414 -71.939603 
0.885118 0.700089 -70.038399 
0.890118 1.116375 -71.939603 
0.895118 1.496956 -68.137195 
0.900118 1.829662 -64.334786 
0.905122 2.104016 -47.223949 
0.910122 2.310872 -24.409499 
0.915122 2.443821 -7.298662 
0.920122 2.498612 23.120605 
0.925122 2.473494 36.429034 
0.930122 2.369266 44.033850 
0.935122 2.189265 45.935054 
0.940123 1.939247 53.539871 
0.945123 1.627208 51.638667 
0.950123 1.263127 49.737463 
0.955123 0.858641 55.441075 
0.960123 0.426693 63.045892 
0.965123 -0.018902 59.243483 
0.970123 -0.463885 64.947096 
0.975124 -0.894031 66.848300 
0.980124 -1.295584 57.342279 
0.985124 -1.655708 53.539871 
0.990124 -1.962872 45.935054 
0.995124 -2.207268 42.132646 
