0.000001 0.000098 -0.955065 
0.005001 0.537828 4.748547 
0.010002 1.050382 -2.856269 
0.015002 1.513763 -0.955065 
0.020002 1.906275 6.649752 
0.025003 2.209551 12.353364 
0.030003 2.409390 23.760589 
0.035003 2.496452 31.365406 
0.040003 2.466660 38.970222 
0.045003 2.321410 42.772630 
0.050003 2.067494 48.476243 
0.055004 1.716801 59.883468 
0.060004 1.285755 56.081060 
0.065004 0.794526 59.883468 
0.070004 0.266097 54.179855 
0.075004 -0.274788 52.278651 
0.080005 -0.802841 57.982264 
0.085005 -1.293282 54.179855 
0.090005 -1.723177 42.772630 
0.095005 -2.072415 46.575039 
0.100005 -2.324649 40.871426 
0.105005 -2.468073 38.970222 
0.110006 -2.495969 19.958181 
0.115006 -2.407031 -2.856269 
0.120006 -2.205422 -21.868311 
0.125006 -1.900585 -48.485169 
0.130006 -1.506770 -59.892394 
0.135007 -1.042422 -59.892394 
0.140007 -0.529297 -67.497210 
0.145007 0.008634 -65.596006 
0.150007 0.546141 -73.200823 
0.155008 1.058083 -69.398414 
0.160008 1.520506 -71.299619 
0.165008 1.911745 -61.793598 
0.170019 2.214040 -52.287577 
0.175020 2.411950 -31.374331 
0.180020 2.496949 -8.559882 
0.185020 2.465063 12.353364 
0.190020 2.317789 31.365406 
0.195021 2.061997 50.377447 
0.200021 1.709700 46.575039 
0.205021 1.277374 54.179855 
0.210021 0.785265 46.575039 
0.215022 0.256389 54.179855 
0.220022 -0.284499 50.377447 
0.225022 -0.812059 50.377447 
0.230022 -1.301608 50.377447 
0.235023 -1.730236 42.772630 
0.240023 -2.077859 38.970222 
0.245023 -2.328222 42.772630 
0.250023 -2.469610 33.266610 
0.255023 -2.495396 16.155772 
0.260023 -2.404379 -2.856269 
0.265024 -2.200813 -18.065902 
0.270024 -1.894229 -44.682761 
0.275024 -1.498978 -52.287577 
0.280024 -1.033551 -57.991190 
0.285024 -0.519743 -65.596006 
0.290025 0.018374 -67.497210 
0.295025 0.555641 -63.694802 
0.300025 1.066899 -65.596006 
0.305025 1.528217 -73.200823 
0.310039 1.918931 -63.694802 
0.315039 2.218667 -42.781556 
0.320039 2.414550 -25.670719 
0.325039 2.497421 -6.658677 
0.330039 2.463389 23.760589 
0.335039 2.314048 33.266610 
0.340040 2.056381 42.772630 
0.345040 1.702462 54.179855 
0.350040 1.268861 46.575039 
0.355040 0.775857 50.377447 
0.360040 0.246547 54.179855 
0.365040 -0.294303 56.081060 
0.370041 -0.821388 56.081060 
0.375041 -1.310015 48.476243 
0.380041 -1.737324 44.673835 
0.385041 -2.083319 40.871426 
0.390041 -2.331796 35.167814 
0.395041 -2.471121 25.661793 
0.400042 -2.494780 4.748547 
0.405042 -2.401653 -2.856269 
0.410042 -2.196109 -27.571923 
0.415043 -1.887759 -40.880352 
0.420043 -1.491050 -59.892394 
0.425043 -1.024556 -59.892394 
0.430043 -0.510095 -63.694802 
0.435043 0.028244 -73.200823 
0.440043 0.565260 -67.497210 
0.445044 1.075817 -67.497210 
0.450044 1.536024 -69.398414 
0.455044 1.924322 -71.299619 
0.460044 2.222544 -50.386373 
0.465045 2.416733 -35.176740 
0.470045 2.497791 -6.658677 
0.475045 2.461926 23.760589 
0.480045 2.310828 33.266610 
0.485045 2.051558 46.575039 
0.490046 1.696256 50.377447 
0.495046 1.261563 50.377447 
0.500046 0.767820 48.476243 
0.505046 0.238126 54.179855 
0.510046 -0.302714 50.377447 
0.515046 -0.829374 46.575039 
0.520046 -1.317214 48.476243 
0.525046 -1.743398 54.179855 
0.530047 -2.087978 38.970222 
0.535047 -2.334830 35.167814 
0.540047 -2.472388 29.464201 
0.545047 -2.494220 12.353364 
0.550047 -2.399302 -0.955065 
0.555047 -2.192074 -27.571923 
0.560048 -1.882237 -37.077944 
0.565048 -1.484285 -54.188781 
0.570048 -1.016872 -56.089985 
0.575048 -0.501862 -69.398414 
0.580048 0.036671 -69.398414 
0.585049 0.573467 -71.299619 
0.590049 1.083419 -71.299619 
0.595049 1.542649 -63.694802 
0.600049 1.929664 -65.596006 
0.605049 2.226370 -42.781556 
0.610049 2.418862 -25.670719 
0.615050 2.498129 -14.263494 
0.620050 2.460462 27.562997 
0.625050 2.307628 38.970222 
0.630050 2.046780 44.673835 
0.635050 1.690127 50.377447 
0.640050 1.254364 50.377447 
0.645050 0.759877 52.278651 
0.650050 0.229832 52.278651 
0.655050 -0.310971 50.377447 
0.660051 -0.837218 50.377447 
0.665051 -1.324278 48.476243 
0.670051 -1.749351 54.179855 
0.675051 -2.092542 46.575039 
0.680051 -2.337791 40.871426 
0.685051 -2.473609 25.661793 
0.690051 -2.493641 16.155772 
0.695052 -2.396948 -4.757473 
0.700052 -2.188056 -21.868311 
0.705052 -1.876744 -37.077944 
0.710052 -1.477582 -48.485169 
0.715052 -1.009256 -54.188781 
0.720052 -0.493698 -69.398414 
0.725053 0.044969 -65.596006 
0.730053 0.581541 -65.596006 
0.735053 1.090882 -67.497210 
0.740070 1.550616 -63.694802 
0.745070 1.936109 -59.892394 
0.750070 2.230970 -42.781556 
0.755070 2.421405 -23.769515 
0.760071 2.498500 -6.658677 
0.765071 2.458648 23.760589 
0.770071 2.303708 38.970222 
0.775071 2.040933 50.377447 
0.780071 1.682633 46.575039 
0.785071 1.245563 46.575039 
0.790071 0.750199 56.081060 
0.795072 0.219721 50.377447 
0.800072 -0.321052 54.179855 
0.805072 -0.846777 48.476243 
0.810072 -1.332887 44.673835 
0.815072 -1.756605 50.377447 
0.820072 -2.098091 44.673835 
0.825072 -2.341372 38.970222 
0.830072 -2.475060 29.464201 
0.835073 -2.492896 16.155772 
0.840073 -2.394047 -6.658677 
0.845073 -2.183138 -19.967107 
0.850073 -1.870036 -35.176740 
0.855073 -1.469407 -56.089985 
0.860073 -1.000000 -59.892394 
0.865073 -0.483785 -57.991190 
0.870073 0.055075 -65.596006 
0.875073 0.591346 -67.497210 
0.880074 1.099959 -67.497210 
0.885074 1.557074 -73.200823 
0.890074 1.941308 -56.089985 
0.895074 2.234673 -42.781556 
0.900074 2.423440 -25.670719 
0.905074 2.498772 -2.856269 
0.910074 2.457141 18.056976 
0.915075 2.300493 37.069018 
0.920075 2.036161 44.673835 
0.925075 1.676526 56.081060 
0.930075 1.238417 48.476243 
0.935075 0.742341 54.179855 
0.940075 0.211497 57.982264 
0.945075 -0.329237 50.377447 
0.950076 -0.854560 46.575039 
0.955076 -1.339881 46.575039 
0.960076 -1.762476 50.377447 
0.965076 -2.102575 42.772630 
0.970076 -2.344257 40.871426 
0.975076 -2.476212 25.661793 
0.980077 -2.492258 8.550956 
0.985077 -2.391646 -2.856269 
0.990077 -2.179088 -18.065902 
0.995077 -1.864525 -38.979148 
