0.000001 0.000070 5.008034 
0.005001 0.437636 1.205626 
0.010001 0.861698 1.205626 
0.015002 1.259233 -4.497986 
0.020002 1.617808 6.909238 
0.025003 1.926440 12.612851 
0.030003 2.175589 22.118872 
0.035004 2.357582 22.118872 
0.040004 2.466769 39.229709 
0.045004 2.499798 43.032117 
0.050004 2.455644 46.834526 
0.055005 2.335678 48.735730 
0.060005 2.143599 60.142955 
0.065005 1.885340 56.340546 
0.070005 1.568879 67.747771 
0.075005 1.203976 65.846567 
0.080006 0.801892 67.747771 
0.085006 0.375060 71.550180 
0.090006 -0.063362 65.846567 
0.095006 -0.499818 60.142955 
0.100006 -0.920835 62.044159 
0.105006 -1.313423 60.142955 
0.110007 -1.665469 54.439342 
0.115009 -1.966188 56.340546 
0.120009 -2.206105 44.933322 
0.125009 -2.377894 37.328505 
0.130009 -2.476269 18.316463 
0.135010 -2.498191 -6.399191 
0.140019 -2.442821 -29.213640 
0.145019 -2.312058 -44.423274 
0.150019 -2.109914 -52.028090 
0.155019 -1.842636 -59.632907 
0.160020 -1.518463 -67.237723 
0.165020 -1.147387 -57.731703 
0.170020 -0.740915 -71.040132 
0.175020 -0.311561 -65.336519 
0.180021 0.127429 -71.040132 
0.185021 0.562468 -76.743744 
0.190021 0.980134 -67.237723 
0.195021 1.367547 -67.237723 
0.200021 1.712746 -65.336519 
0.205022 2.005053 -44.423274 
0.210022 2.235459 -21.608824 
0.215030 2.397060 -12.102803 
0.220030 2.484328 20.217668 
0.225043 2.494825 35.427301 
0.230043 2.428174 44.933322 
0.235043 2.286559 46.834526 
0.240044 2.074352 60.142955 
0.245044 1.798104 54.439342 
0.250044 1.466316 46.834526 
0.255044 1.089275 62.044159 
0.260044 0.678613 62.044159 
0.265045 0.247001 63.945363 
0.270045 -0.192238 65.846567 
0.275045 -0.625541 62.044159 
0.280045 -1.039540 58.241751 
0.285045 -1.421438 54.439342 
0.290045 -1.759464 58.241751 
0.295045 -2.043157 50.636934 
0.300047 -2.263821 41.130913 
0.305047 -2.414531 29.723688 
0.310047 -2.490696 6.909238 
0.315055 -2.489903 -19.707620 
0.320055 -2.412181 -46.324478 
0.325056 -2.259966 -48.225682 
0.330056 -2.037984 -61.534111 
0.335057 -1.753079 -65.336519 
0.340057 -1.414055 -63.435315 
0.345057 -1.031350 -71.040132 
0.350058 -0.616807 -67.237723 
0.355058 -0.183238 -74.842540 
0.360058 0.255997 -67.237723 
0.365058 0.687320 -72.941336 
0.370059 1.097447 -65.336519 
0.375059 1.473687 -71.040132 
0.380060 1.804405 -61.534111 
0.385060 2.079429 -33.016049 
0.390061 2.290245 -25.411232 
0.395061 2.430341 1.205626 
0.400061 2.495399 18.316463 
0.405062 2.483411 37.328505 
0.410062 2.394744 48.735730 
0.415063 2.232129 56.340546 
0.420063 2.000599 52.538138 
0.425063 1.707305 56.340546 
0.430064 1.361297 54.439342 
0.435064 0.973235 56.340546 
0.440067 0.554898 60.142955 
0.445068 0.119636 62.044159 
0.450069 -0.319319 62.044159 
0.455069 -0.748381 58.241751 
0.460069 -1.154360 62.044159 
0.465070 -1.524682 54.439342 
0.470070 -1.847930 56.340546 
0.475070 -2.114127 52.538138 
0.480071 -2.315044 44.933322 
0.485071 -2.444485 29.723688 
0.490071 -2.498452 8.810443 
0.495072 -2.475277 -21.608824 
0.500072 -2.375671 -42.522069 
0.505073 -2.202707 -52.028090 
0.510073 -1.961736 -59.632907 
0.515074 -1.660201 -63.435315 
0.520074 -1.307408 -61.534111 
0.525074 -0.914231 -67.237723 
0.530075 -0.492826 -67.237723 
0.535075 -0.056195 -67.237723 
0.540076 0.382146 -76.743744 
0.545076 0.808688 -72.941336 
0.550076 1.210254 -72.941336 
0.555077 1.574482 -69.138928 
0.560077 1.890086 -48.225682 
0.565077 2.147311 -29.213640 
0.570077 2.338243 -23.510028 
0.575078 2.456988 5.008034 
0.580078 2.499879 24.020076 
0.585078 2.465584 37.328505 
0.590079 2.355160 50.636934 
0.595079 2.172027 54.439342 
0.600079 1.921835 52.538138 
0.605079 1.612308 52.538138 
0.610080 1.253012 58.241751 
0.615080 0.855023 50.636934 
0.620080 0.430645 62.044159 
0.625080 -0.007064 62.044159 
0.630081 -0.444545 67.747771 
0.635081 -0.868301 54.439342 
0.640081 -1.265246 62.044159 
0.645082 -1.623119 54.439342 
0.650082 -1.930878 44.933322 
0.655083 -2.179035 48.735730 
0.660083 -2.359893 35.427301 
0.665083 -2.467897 16.415259 
0.670084 -2.499699 3.106830 
0.675084 -2.454321 -23.510028 
0.680085 -2.333160 -44.423274 
0.685085 -2.139956 -52.028090 
0.690085 -1.880682 -69.138928 
0.695086 -1.563325 -63.435315 
0.700086 -1.197719 -61.534111 
0.705087 -0.795124 -67.237723 
0.710087 -0.367987 -67.237723 
0.715087 0.070511 -69.138928 
0.720088 0.506866 -71.040132 
0.725088 0.927537 -74.842540 
0.730089 1.319570 -71.040132 
0.735089 1.670868 -57.731703 
0.740089 1.970570 -50.126886 
0.745090 2.209431 -19.707620 
0.750090 2.380078 -6.399191 
0.755091 2.477239 18.316463 
0.760091 2.497910 31.624892 
0.765091 2.441451 39.229709 
0.770092 2.309601 54.439342 
0.775093 2.106444 56.340546 
0.780093 1.838260 56.340546 
0.785093 1.513287 58.241751 
0.790094 1.141615 54.439342 
0.795094 0.734696 62.044159 
0.800094 0.305110 67.747771 
0.805095 -0.133930 65.846567 
0.810095 -0.568835 62.044159 
0.815096 -0.986191 60.142955 
0.820096 -1.373080 62.044159 
0.825097 -1.717571 50.636934 
0.830097 -2.009028 46.834526 
0.835098 -2.238448 46.834526 
0.840098 -2.398757 27.822484 
0.845099 -2.484995 6.909238 
0.850099 -2.494504 -17.806415 
0.855099 -2.426997 -38.719661 
0.860100 -2.284537 -55.830499 
0.865101 -2.071544 -65.336519 
0.870101 -1.794598 -65.336519 
0.875102 -1.462209 -63.435315 
0.880102 -1.084697 -71.040132 
0.885102 -0.673701 -63.435315 
0.890103 -0.241914 -69.138928 
0.895103 0.197350 -74.842540 
0.900103 0.630522 -72.941336 
0.905103 1.044218 -69.138928 
0.910104 1.425675 -69.138928 
0.915104 1.763116 -55.830499 
0.920104 2.046123 -40.620865 
0.925104 2.265959 -25.411232 
0.930104 2.415836 -4.497986 
0.935105 2.491127 22.118872 
0.940105 2.489506 29.723688 
0.945105 2.411021 46.834526 
0.950106 2.258097 52.538138 
0.955106 2.035464 58.241751 
0.960106 1.749984 56.340546 
0.965106 1.410476 52.538138 
0.970106 1.027422 54.439342 
0.975107 0.612638 60.142955 
0.980107 0.178957 60.142955 
0.985107 -0.260258 65.846567 
0.990107 -0.691438 65.846567 
0.995107 -1.101279 60.142955 
