0.000001 0.000075 1.508549 
0.005001 0.414422 -4.195063 
0.010001 0.817314 -6.096267 
0.015001 1.197605 1.508549 
0.020002 1.544754 -2.293859 
0.025002 1.849173 3.409753 
0.030002 2.102443 3.409753 
0.035002 2.297560 7.212162 
0.040002 2.429123 3.409753 
0.045002 2.493491 20.520591 
0.050003 2.488881 35.730224 
0.055003 2.415422 54.742266 
0.060003 2.275148 62.347082 
0.065003 2.071943 71.853103 
0.070004 1.811426 68.050695 
0.075004 1.500798 64.248286 
0.080004 1.148646 73.754307 
0.085004 0.764720 66.149490 
0.090005 0.359648 64.248286 
0.095005 -0.055381 69.951899 
0.100005 -0.468879 66.149490 
0.105005 -0.869397 68.050695 
0.110006 -1.245860 60.445878 
0.115006 -1.587867 64.248286 
0.120006 -1.885956 54.742266 
0.125006 -2.131874 50.939857 
0.130007 -2.318818 26.224203 
0.135007 -2.441615 12.915774 
0.140007 -2.496871 -21.305900 
0.145007 -2.483061 -30.811921 
0.150007 -2.400567 -47.922759 
0.155007 -2.251671 -59.329984 
0.160007 -2.040497 -61.231188 
0.165007 -1.772872 -57.428779 
0.170008 -1.456212 -55.527575 
0.175008 -1.099272 -61.231188 
0.180008 -0.711918 -65.033596 
0.185008 -0.304862 -68.836004 
0.190008 0.110619 -66.934800 
0.195009 0.523040 -68.836004 
0.200009 0.920985 -59.329984 
0.205009 1.293454 -63.132392 
0.210009 1.630152 -65.033596 
0.215009 1.921752 -59.329984 
0.220009 2.160198 -36.515534 
0.225010 2.338892 -15.602288 
0.230010 2.452884 5.310958 
0.235010 2.499024 26.224203 
0.240010 2.476040 39.532632 
0.245010 2.384567 50.939857 
0.250010 2.227131 49.038653 
0.255013 2.007974 47.137449 
0.260013 1.733366 50.939857 
0.265013 1.410811 58.544674 
0.270013 1.049232 68.050695 
0.275013 0.658639 69.951899 
0.280013 0.249811 69.951899 
0.285013 -0.165927 75.655511 
0.290013 -0.577067 71.853103 
0.295014 -0.972245 64.248286 
0.300014 -1.340558 68.050695 
0.305014 -1.671759 56.643470 
0.310014 -1.956718 58.544674 
0.315014 -2.187557 39.532632 
0.320015 -2.357881 20.520591 
0.325015 -2.462983 -0.392655 
0.330015 -2.499958 -30.811921 
0.335015 -2.467782 -42.219146 
0.340015 -2.367345 -57.428779 
0.345015 -2.201425 -55.527575 
0.350015 -1.974612 -53.626371 
0.355015 -1.693179 -59.329984 
0.360015 -1.364912 -57.428779 
0.365016 -0.998882 -63.132392 
0.370016 -0.605222 -63.132392 
0.375016 -0.194820 -68.836004 
0.380016 0.220963 -66.934800 
0.385016 0.630650 -68.836004 
0.390017 1.022884 -70.737208 
0.395017 1.386816 -66.934800 
0.400017 1.712387 -59.329984 
0.405017 1.990597 -47.922759 
0.410017 2.213740 -34.614330 
0.415017 2.375652 -21.305900 
0.420017 2.471847 5.310958 
0.425018 2.499668 22.421795 
0.430018 2.458347 41.433837 
0.435018 2.349020 41.433837 
0.440018 2.174721 52.841061 
0.445018 1.940266 50.939857 
0.450018 1.652143 56.643470 
0.455018 1.318320 52.841061 
0.460019 0.948023 56.643470 
0.465019 0.551502 69.951899 
0.470019 0.139725 66.149490 
0.475019 -0.275900 71.853103 
0.480020 -0.683949 69.951899 
0.485020 -1.073031 71.853103 
0.490020 -1.432425 64.248286 
0.495020 -1.752204 58.544674 
0.500020 -2.023516 60.445878 
0.505020 -2.238859 33.829020 
0.510020 -2.392274 20.520591 
0.515021 -2.479510 -13.701084 
0.520021 -2.498158 -28.910717 
0.525022 -2.447687 -46.021554 
0.530022 -2.329511 -53.626371 
0.535022 -2.146900 -55.527575 
0.540022 -1.904904 -59.329984 
0.545022 -1.610218 -65.033596 
0.550022 -1.270991 -61.231188 
0.555023 -0.896607 -59.329984 
0.560023 -0.497431 -70.737208 
0.565023 -0.084480 -70.737208 
0.570023 0.330801 -63.132392 
0.575023 0.736931 -61.231188 
0.580023 1.122677 -65.033596 
0.585023 1.477368 -55.527575 
0.590023 1.791195 -59.329984 
0.595024 2.055480 -59.329984 
0.600024 2.262900 -27.009513 
0.605024 2.407733 -15.602288 
0.610024 2.485962 3.409753 
0.615024 2.495429 24.322999 
0.620024 2.435868 35.730224 
0.625024 2.308930 47.137449 
0.630024 2.118125 58.544674 
0.635024 1.868726 56.643470 
0.640025 1.567634 54.742266 
0.645025 1.223185 54.742266 
0.650025 0.844902 60.445878 
0.655025 0.443256 60.445878 
0.660025 0.029334 68.050695 
0.665025 -0.385392 66.149490 
0.670026 -0.789497 66.149490 
0.675026 -1.171737 68.050695 
0.680026 -1.521557 58.544674 
0.685026 -1.829288 56.643470 
0.690027 -2.086412 50.939857 
0.695027 -2.285825 31.927816 
0.700027 -2.422012 14.816978 
0.705027 -2.491200 -15.602288 
0.710027 -2.491480 -32.713125 
0.715027 -2.422842 -46.021554 
0.720027 -2.287186 -57.428779 
0.725027 -2.088265 -63.132392 
0.730028 -1.831575 -63.132392 
0.735028 -1.524220 -61.231188 
0.740028 -1.174710 -70.737208 
0.745028 -0.792706 -65.033596 
0.750028 -0.388775 -70.737208 
0.755028 0.025909 -66.934800 
0.760028 0.439877 -65.033596 
0.765028 0.841678 -68.836004 
0.770029 1.220204 -61.231188 
0.775029 1.564971 -59.329984 
0.780029 1.866449 -53.626371 
0.785029 2.116300 -49.823963 
0.790029 2.307608 -32.713125 
0.795029 2.435093 -17.503492 
0.800029 2.495219 3.409753 
0.805029 2.486322 28.125407 
0.810030 2.408650 45.236245 
0.815030 2.264354 54.742266 
0.820030 2.057423 54.742266 
0.825030 1.793583 54.742266 
0.830030 1.480123 52.841061 
0.835030 1.125728 52.841061 
0.840030 0.740195 62.347082 
0.845030 0.334187 69.951899 
0.850030 -0.081065 69.951899 
0.855031 -0.494074 73.754307 
0.860031 -0.893417 64.248286 
0.865031 -1.268055 66.149490 
0.870031 -1.607615 64.248286 
0.875031 -1.902701 66.149490 
0.880031 -2.145156 50.939857 
0.885031 -2.328274 31.927816 
0.890032 -2.446992 12.915774 
0.895032 -2.498021 -9.898676 
0.900032 -2.479955 -34.614330 
0.905032 -2.393290 -40.317942 
0.910032 -2.240425 -65.033596 
0.915032 -2.025584 -63.132392 
0.920032 -1.754716 -61.231188 
0.925032 -1.435312 -57.428779 
0.930032 -1.076206 -57.428779 
0.935032 -0.687331 -63.132392 
0.940033 -0.279444 -68.836004 
0.945033 0.136173 -61.231188 
0.950033 0.548023 -59.329984 
0.955033 0.944714 -61.231188 
0.960033 1.315274 -53.626371 
0.965033 1.649452 -55.527575 
0.970033 1.938015 -46.021554 
0.975034 2.172967 -32.713125 
0.980034 2.347806 -15.602288 
0.985034 2.457699 -4.195063 
0.990034 2.499608 24.322999 
0.995035 2.472372 45.236245 
