0.000001 0.000057 -7.708483 
0.005001 0.476232 -0.103666 
0.010001 0.934987 -5.807279 
0.015001 1.359498 -2.004870 
0.020002 1.734257 -3.906075 
0.025002 2.045495 5.599946 
0.030002 2.281827 17.007171 
0.035003 2.434603 24.611988 
0.040003 2.498234 24.611988 
0.045003 2.470395 47.426437 
0.050003 2.352095 45.525233 
0.055003 2.147675 53.130050 
0.060004 1.864617 55.031254 
0.065004 1.513292 58.833662 
0.070004 1.106560 58.833662 
0.075004 0.659313 55.031254 
0.080004 0.187916 62.636071 
0.085004 -0.290353 60.734867 
0.090004 -0.757990 55.031254 
0.095004 -1.197874 49.327642 
0.100012 -1.594483 45.525233 
0.105013 -1.932052 49.327642 
0.110013 -2.198879 41.722825 
0.115013 -2.385190 34.118008 
0.120013 -2.484170 5.599946 
0.125013 -2.492194 -17.214504 
0.130013 -2.408969 -51.436178 
0.135013 -2.237542 -53.337383 
0.140013 -1.984189 -62.843403 
0.145014 -1.658188 -64.744607 
0.150014 -1.271482 -64.744607 
0.155014 -0.838205 -66.645812 
0.160014 -0.374228 -68.547016 
0.165014 0.103442 -76.151832 
0.170014 0.577307 -68.547016 
0.175014 1.030052 -76.151832 
0.180015 1.445074 -70.448220 
0.185015 1.807185 -62.843403 
0.190015 2.103128 -43.831362 
0.195015 2.322068 -32.424137 
0.200015 2.455987 -3.906075 
0.205031 2.499977 15.105967 
0.210031 2.452153 30.315600 
0.215031 2.314551 47.426437 
0.220031 2.092196 43.624029 
0.225031 1.793241 55.031254 
0.230031 1.428628 51.228846 
0.235031 1.011708 49.327642 
0.240031 0.557744 51.228846 
0.245032 0.083350 47.426437 
0.250032 -0.394095 51.228846 
0.255032 -0.857111 58.833662 
0.260032 -1.288735 53.130050 
0.265032 -1.673174 45.525233 
0.270032 -1.996351 49.327642 
0.275032 -2.246437 36.019213 
0.280033 -2.414267 34.118008 
0.285033 -2.493701 17.007171 
0.290033 -2.481829 -5.807279 
0.295033 -2.379087 -22.918116 
0.300033 -2.189237 -51.436178 
0.305033 -1.919236 -53.337383 
0.310033 -1.578953 -66.645812 
0.315033 -1.180864 -57.139791 
0.320034 -0.739529 -60.942199 
0.325034 -0.271126 -70.448220 
0.330034 0.207204 -74.250628 
0.335034 0.677948 -68.547016 
0.340034 1.123861 -72.349424 
0.345034 1.528641 -72.349424 
0.350034 1.877456 -62.843403 
0.355035 2.157519 -45.732566 
0.360035 2.358584 -26.720524 
0.365035 2.473288 3.698742 
0.370035 2.497432 24.611988 
0.375035 2.430133 36.019213 
0.380035 2.273853 49.327642 
0.385036 2.034321 49.327642 
0.390036 1.720304 56.932458 
0.395036 1.343292 53.130050 
0.400036 0.917094 41.722825 
0.405036 0.457308 55.031254 
0.410037 -0.019224 53.130050 
0.415037 -0.495043 51.228846 
0.420037 -0.952753 51.228846 
0.425037 -1.375559 49.327642 
0.430038 -1.747998 53.130050 
0.435038 -2.056439 41.722825 
0.440038 -2.289571 43.624029 
0.445038 -2.438878 32.216804 
0.450039 -2.498880 13.204763 
0.455039 -2.467380 -11.510891 
0.460039 -2.345531 -26.720524 
0.465040 -2.137801 -51.436178 
0.470040 -1.851795 -55.238587 
0.475040 -1.497991 -60.942199 
0.480040 -1.089341 -64.744607 
0.485040 -0.640768 -66.645812 
0.490041 -0.168750 -68.547016 
0.495041 0.309448 -68.547016 
0.500041 0.776314 -74.250628 
0.505042 1.214746 -78.053037 
0.510042 1.608707 -68.547016 
0.515042 1.943756 -59.040995 
0.520042 2.207637 -34.325341 
0.525042 2.390677 -21.016912 
0.530042 2.486183 7.501150 
0.535043 2.490662 32.216804 
0.540043 2.403941 39.821621 
0.545043 2.229205 49.327642 
0.550043 1.972836 51.228846 
0.555043 1.644243 51.228846 
0.560044 1.255439 51.228846 
0.565063 0.818919 49.327642 
0.570063 0.354024 51.228846 
0.575064 -0.123882 49.327642 
0.580064 -0.597223 58.833662 
0.585064 -1.048687 49.327642 
0.590064 -1.461744 51.228846 
0.595065 -1.821289 49.327642 
0.600065 -2.114140 45.525233 
0.605065 -2.329585 43.624029 
0.610065 -2.459736 18.908375 
0.615065 -2.499822 7.501150 
0.620066 -2.448373 -17.214504 
0.625066 -2.307275 -40.028954 
0.630066 -2.081690 -59.040995 
0.635066 -1.779887 -68.547016 
0.640067 -1.412904 -66.645812 
0.645067 -0.994195 -72.349424 
0.650067 -0.539091 -70.448220 
0.655067 -0.064249 -72.349424 
0.660067 0.412945 -66.645812 
0.665067 0.875019 -78.053037 
0.670067 1.305056 -76.151832 
0.675068 1.687316 -72.349424 
0.680068 2.007789 -55.238587 
0.685068 2.254753 -32.424137 
0.690068 2.419158 -13.412095 
0.695068 2.494984 11.303559 
0.700068 2.479458 28.414396 
0.705068 2.373150 49.327642 
0.710068 2.179955 49.327642 
0.715069 1.906935 47.426437 
0.720069 1.564099 55.031254 
0.725069 1.163994 51.228846 
0.730069 0.721263 49.327642 
0.735069 0.252121 56.932458 
0.740069 -0.226251 53.130050 
0.745069 -0.696331 47.426437 
0.750070 -1.140914 56.932458 
0.755070 -1.543725 49.327642 
0.760070 -1.890019 51.228846 
0.765070 -2.167105 45.525233 
0.770070 -2.364848 37.920417 
0.775070 -2.476002 22.710783 
0.780071 -2.496493 1.797538 
0.785071 -2.425578 -15.313300 
0.790071 -2.265849 -40.028954 
0.795071 -2.023154 -53.337383 
0.800071 -1.706381 -62.843403 
0.805072 -1.327096 -66.645812 
0.810072 -0.899246 -68.547016 
0.815072 -0.438470 -76.151832 
0.820073 0.038371 -72.349424 
0.825074 0.513909 -68.547016 
0.830074 0.970507 -76.151832 
0.835074 1.391571 -78.053037 
0.840074 1.761697 -55.238587 
0.845075 2.067310 -36.226545 
0.850075 2.297231 -26.720524 
0.855075 2.443031 -0.103666 
0.860075 2.499381 30.315600 
0.865075 2.464218 32.216804 
0.870075 2.338829 43.624029 
0.875076 2.127807 55.031254 
0.880076 1.838877 55.031254 
0.885076 1.482618 56.932458 
0.890076 1.072075 49.327642 
0.895076 0.622279 58.833662 
0.900076 0.149698 55.031254 
0.905076 -0.328363 60.734867 
0.910076 -0.794402 53.130050 
0.915076 -1.231362 55.031254 
0.920077 -1.623229 55.031254 
0.925077 -1.955669 53.130050 
0.930077 -2.216496 43.624029 
0.935077 -2.396172 34.118008 
0.940077 -2.488108 15.105967 
0.945077 -2.488948 -5.807279 
0.950077 -2.398657 -21.016912 
0.955077 -2.220542 -49.534974 
0.960078 -1.961118 -57.139791 
0.965078 -1.629894 -64.744607 
0.970078 -1.238985 -66.645812 
0.975078 -0.802710 -68.547016 
0.980078 -0.337053 -64.744607 
0.985078 0.140946 -62.843403 
0.990078 0.613792 -70.448220 
0.995079 1.064156 -72.349424 
