0.000001 0.000051 0.608008 
0.005001 0.507038 -1.293196 
0.010001 0.992973 -5.095604 
0.015001 1.437613 2.509213 
0.020001 1.822519 6.311621 
0.025002 2.131691 12.015233 
0.030002 2.352264 25.323662 
0.035002 2.475086 23.422458 
0.040002 2.495052 38.632091 
0.045003 2.411323 42.434500 
0.050003 2.227387 53.841725 
0.055035 1.948859 53.841725 
0.060035 1.590813 55.742929 
0.065035 1.166656 65.248950 
0.070035 0.694016 55.742929 
0.075036 0.192524 59.545337 
0.080036 -0.316959 61.446541 
0.085036 -0.813261 51.940521 
0.090036 -1.275775 55.742929 
0.095036 -1.685278 46.236908 
0.100037 -2.024737 46.236908 
0.105037 -2.280052 40.533296 
0.110038 -2.440624 29.126071 
0.115038 -2.499749 21.521254 
0.120038 -2.454982 4.410417 
0.125039 -2.308192 -18.404033 
0.130039 -2.065472 -39.317279 
0.135039 -1.736913 -54.526912 
0.140039 -1.336177 -62.131729 
0.145039 -0.879913 -64.032933 
0.150040 -0.387092 -67.835341 
0.155040 0.121815 -69.736545 
0.160040 0.625660 -64.032933 
0.165040 1.103505 -67.835341 
0.170048 1.536097 -65.934137 
0.175052 1.904459 -56.428116 
0.180052 2.193324 -33.613666 
0.185052 2.391050 -22.206441 
0.190053 2.489405 4.410417 
0.195053 2.484304 27.224867 
0.200053 2.375960 38.632091 
0.205054 2.168862 44.335704 
0.210054 1.871627 51.940521 
0.215054 1.496613 48.138112 
0.220055 1.059401 55.742929 
0.225055 0.578152 55.742929 
0.230055 0.072893 48.138112 
0.235055 -0.435394 53.841725 
0.240056 -0.925578 48.138112 
0.245056 -1.377307 44.335704 
0.250056 -1.771791 42.434500 
0.255059 -2.092831 42.434500 
0.260060 -2.326674 32.928479 
0.265060 -2.463817 31.027275 
0.270060 -2.498566 17.718846 
0.275061 -2.429475 0.608008 
0.280061 -2.259404 -12.700421 
0.285062 -1.995429 -43.119687 
0.290062 -1.648541 -54.526912 
0.295062 -1.233135 -60.230524 
0.300063 -0.766432 -67.835341 
0.305063 -0.267911 -64.032933 
0.310064 0.241745 -69.736545 
0.315064 0.741344 -67.835341 
0.320065 1.210169 -71.637749 
0.325065 1.628661 -75.440158 
0.330065 1.979473 -62.131729 
0.335066 2.248008 -33.613666 
0.340066 2.423122 -14.601625 
0.345067 2.497536 10.114029 
0.350067 2.468138 23.422458 
0.355068 2.336165 44.335704 
0.360068 2.107097 51.940521 
0.365068 1.790470 50.039316 
0.370068 1.399435 57.644133 
0.375069 0.950187 51.940521 
0.380070 0.461481 50.039316 
0.385070 -0.046394 50.039316 
0.390070 -0.552341 53.841725 
0.395070 -1.035323 46.236908 
0.400071 -1.475322 46.236908 
0.405071 -1.853983 34.829683 
0.410072 -2.155578 34.829683 
0.415072 -2.367588 31.027275 
0.420072 -2.481202 19.620050 
0.425073 -2.491700 10.114029 
0.430073 -2.398641 -14.601625 
0.435074 -2.205878 -35.514870 
0.440074 -1.921465 -54.526912 
0.445074 -1.557203 -58.329320 
0.450075 -1.128184 -69.736545 
0.455075 -0.652293 -69.736545 
0.460075 -0.149302 -73.538953 
0.465076 0.359964 -69.736545 
0.470077 0.854238 -71.637749 
0.475077 1.312978 -71.637749 
0.480078 1.717135 -71.637749 
0.485078 2.049932 -52.625708 
0.490078 2.297538 -41.218483 
0.495078 2.449668 -20.305237 
0.500079 2.499987 10.114029 
0.505079 2.446415 36.730887 
0.510079 2.291175 46.236908 
0.515079 2.040726 51.940521 
0.520079 1.705464 53.841725 
0.525080 1.299292 50.039316 
0.530080 0.839136 57.644133 
0.535081 0.344114 50.039316 
0.540081 -0.165199 55.742929 
0.545081 -0.667646 50.039316 
0.550081 -1.142366 40.533296 
0.555082 -1.569608 40.533296 
0.560082 -1.931609 44.335704 
0.565082 -2.213334 38.632091 
0.570083 -2.403071 32.928479 
0.575083 -2.492942 17.718846 
0.580083 -2.479213 0.608008 
0.585083 -2.362458 -10.799216 
0.590083 -2.147513 -27.910054 
0.595084 -1.843315 -56.428116 
0.600085 -1.462408 -58.329320 
0.605086 -1.020814 -71.637749 
0.610086 -0.536805 -64.032933 
0.615086 -0.030478 -64.032933 
0.620086 0.477106 -67.835341 
0.625086 0.964853 -75.440158 
0.630087 1.412513 -67.835341 
0.635087 1.801465 -67.835341 
0.640087 2.115561 -56.428116 
0.645087 2.341749 -33.613666 
0.650088 2.470603 -16.502829 
0.655088 2.496787 10.114029 
0.660088 2.419213 29.126071 
0.665088 2.241102 46.236908 
0.670088 1.969862 44.335704 
0.675093 1.616427 44.335704 
0.680093 1.196064 51.940521 
0.685093 0.725991 51.940521 
0.690094 0.225755 50.039316 
0.695094 -0.283853 48.138112 
0.700094 -0.781665 48.138112 
0.705095 -1.247072 48.138112 
0.710096 -1.660589 42.434500 
0.715096 -2.005075 44.335704 
0.720096 -2.266228 32.928479 
0.725096 -2.433201 36.730887 
0.730096 -2.499056 17.718846 
0.735097 -2.461058 10.114029 
0.740097 -2.320789 -18.404033 
0.745097 -2.084076 -33.613666 
0.750097 -1.760757 -50.724504 
0.755097 -1.364269 -62.131729 
0.760097 -0.911086 -60.230524 
0.765097 -0.420043 -65.934137 
0.770097 0.088466 -71.637749 
0.775098 0.593299 -65.934137 
0.780098 1.073475 -67.835341 
0.785099 1.509081 -69.736545 
0.790099 1.881947 -64.032933 
0.795099 2.176589 -39.317279 
0.800100 2.380767 -22.206441 
0.805100 2.486002 2.509213 
0.810100 2.487922 32.928479 
0.815100 2.386454 44.335704 
0.820100 2.185815 53.841725 
0.825101 1.894335 50.039316 
0.830101 1.524131 50.039316 
0.835101 1.090596 53.841725 
0.840102 0.611662 51.940521 
0.845102 0.107352 53.841725 
0.850103 -0.401419 50.039316 
0.855103 -0.893498 50.039316 
0.860103 -1.348434 50.039316 
0.865103 -1.747333 50.039316 
0.870103 -2.073617 44.335704 
0.875104 -2.313734 42.434500 
0.880115 -2.457882 29.126071 
0.885115 -2.499480 23.422458 
0.890115 -2.437206 2.509213 
0.895115 -2.273651 -12.700421 
0.900115 -2.015613 -41.218483 
0.905115 -1.673813 -50.724504 
0.910115 -1.262457 -65.934137 
0.915116 -0.798628 -65.934137 
0.920116 -0.301610 -65.934137 
0.925123 0.208675 -65.934137 
0.930123 0.709558 -67.835341 
0.935123 1.180945 -79.242566 
0.940124 1.603256 -73.538953 
0.945124 1.958948 -60.230524 
0.950124 2.233226 -39.317279 
0.955124 2.414701 -22.206441 
0.960124 2.495830 10.114029 
0.965124 2.473242 23.422458 
0.970124 2.347876 44.335704 
0.975124 2.124942 51.940521 
0.980124 1.813703 53.841725 
0.985124 1.427103 53.841725 
0.990125 0.981181 50.039316 
0.995125 0.494484 55.742929 
