0.000000 0.000040 -4.353651 
0.005000 0.499324 5.152370 
0.010001 0.978499 -0.551243 
0.015001 1.418247 1.349962 
0.020001 1.800856 3.251166 
0.025013 2.111520 10.855982 
0.030013 2.336291 18.460799 
0.035013 2.466932 24.164411 
0.040013 2.498172 31.769228 
0.045014 2.428753 41.275249 
0.050014 2.261472 54.583678 
0.055014 2.003076 56.484882 
0.060014 1.663972 58.386086 
0.065014 1.257807 60.287290 
0.070014 0.800978 56.484882 
0.075015 0.311877 67.892107 
0.080015 -0.189791 65.990903 
0.085020 -0.684343 58.386086 
0.090020 -1.150771 58.386086 
0.095021 -1.570832 52.682474 
0.100021 -1.927609 52.682474 
0.105021 -2.206712 46.978861 
0.110021 -2.396902 27.966820 
0.115021 -2.490519 12.757187 
0.120022 -2.483774 -10.057263 
0.125022 -2.376944 -34.772917 
0.130022 -2.174344 -44.278938 
0.135023 -1.884136 -51.883755 
0.140023 -1.518005 -65.192184 
0.145023 -1.090709 -57.587367 
0.150023 -0.619465 -67.093388 
0.155023 -0.123261 -63.290980 
0.160024 0.377909 -67.093388 
0.165024 0.863853 -74.698204 
0.170024 1.314989 -72.797000 
0.175024 1.713140 -61.389775 
0.180024 2.042264 -57.587367 
0.185025 2.289098 -40.476530 
0.190025 2.443698 -21.464488 
0.195025 2.499833 3.251166 
0.200025 2.455242 24.164411 
0.205025 2.311726 39.374045 
0.210025 2.075067 46.978861 
0.215025 1.754800 46.978861 
0.220035 1.363012 50.781270 
0.225036 0.916983 56.484882 
0.230036 0.434004 50.781270 
0.235036 -0.066463 48.880065 
0.240052 -0.565731 52.682474 
0.245052 -1.040667 43.176453 
0.250052 -1.473673 39.374045 
0.255052 -1.847309 39.374045 
0.260052 -2.146512 35.571636 
0.265052 -2.359221 37.472840 
0.270053 -2.476875 16.559595 
0.275053 -2.494729 5.152370 
0.280053 -2.412061 -19.563284 
0.285053 -2.232209 -34.772917 
0.290053 -1.962412 -57.587367 
0.295053 -1.613543 -61.389775 
0.300053 -1.199668 -68.994592 
0.305054 -0.737457 -65.192184 
0.310054 -0.245522 -68.994592 
0.315054 0.256295 -74.698204 
0.320054 0.747786 -67.093388 
0.325054 1.209147 -67.093388 
0.330054 1.621790 -68.994592 
0.335054 1.969089 -57.587367 
0.340054 2.237050 -40.476530 
0.345054 2.414877 -17.662080 
0.350055 2.495405 1.349962 
0.355055 2.475391 33.670432 
0.360055 2.355640 45.077657 
0.365055 2.140972 56.484882 
0.370055 1.840044 48.880065 
0.375055 1.464978 50.781270 
0.380055 1.030886 50.781270 
0.385055 0.555258 46.978861 
0.390055 0.057257 50.781270 
0.395055 -0.443050 50.781270 
0.400056 -0.925506 50.781270 
0.405056 -1.370672 52.682474 
0.410056 -1.760605 41.275249 
0.415056 -2.079608 43.176453 
0.420056 -2.314825 35.571636 
0.425056 -2.456771 31.769228 
0.430056 -2.499725 22.263207 
0.435056 -2.441962 -4.353651 
0.440056 -2.285809 -11.958467 
0.445057 -2.037556 -46.180142 
0.450057 -1.707208 -49.982550 
0.455057 -1.308074 -68.994592 
0.460057 -0.856235 -63.290980 
0.465057 -0.369888 -67.093388 
0.470057 0.131374 -67.093388 
0.475057 0.627322 -74.698204 
0.480058 1.097995 -72.797000 
0.485058 1.524427 -65.192184 
0.490058 1.889439 -59.488571 
0.495058 2.178326 -42.377734 
0.500058 2.379440 -21.464488 
0.505058 2.484683 -2.452447 
0.510058 2.489811 22.263207 
0.515058 2.394622 39.374045 
0.520059 2.202949 45.077657 
0.525059 1.922516 54.583678 
0.530059 1.564622 43.176453 
0.535059 1.143688 58.386086 
0.540059 0.676662 46.978861 
0.545059 0.182382 48.880065 
0.550059 -0.319247 48.880065 
0.555059 -0.808012 52.682474 
0.560059 -1.264222 52.682474 
0.565060 -1.669487 54.583678 
0.570060 -2.007500 43.176453 
0.575060 -2.264625 39.374045 
0.580060 -2.430501 33.670432 
0.585060 -2.498444 16.559595 
0.590060 -2.465722 1.349962 
0.595060 -2.333651 -29.069305 
0.600061 -2.107555 -40.476530 
0.605061 -1.796527 -55.686163 
0.610061 -1.413118 -63.290980 
0.615061 -0.972779 -57.587367 
0.620061 -0.493245 -68.994592 
0.625061 0.006163 -65.192184 
0.630061 0.505322 -74.698204 
0.635062 0.984130 -67.093388 
0.640062 1.423284 -80.401817 
0.645062 1.805090 -63.290980 
0.650062 2.114158 -44.278938 
0.655062 2.338040 -25.266897 
0.660062 2.467726 -0.551243 
0.665063 2.497979 24.164411 
0.670063 2.427578 29.868024 
0.675063 2.259368 52.682474 
0.680063 2.000100 46.978861 
0.685064 1.660255 48.880065 
0.690064 1.253513 62.188494 
0.695064 0.796263 54.583678 
0.700064 0.306939 52.682474 
0.705064 -0.194752 54.583678 
0.710064 -0.688606 52.682474 
0.715065 -1.154723 54.583678 
0.720065 -1.574302 45.077657 
0.725065 -1.930448 41.275249 
0.730065 -2.208806 46.978861 
0.735065 -2.398164 24.164411 
0.740065 -2.490903 22.263207 
0.745065 -2.483277 -4.353651 
0.750066 -2.375595 -21.464488 
0.755066 -2.172197 -51.883755 
0.760066 -1.881279 -55.686163 
0.765066 -1.514552 -61.389775 
0.770066 -1.086800 -67.093388 
0.775066 -0.615257 -65.192184 
0.780066 -0.118933 -65.192184 
0.785067 0.382182 -65.192184 
0.790067 0.867889 -74.698204 
0.795067 1.318638 -70.895796 
0.800067 1.716257 -63.290980 
0.805067 2.044731 -57.587367 
0.810067 2.290812 -32.871713 
0.815067 2.444594 -17.662080 
0.820067 2.499878 10.855982 
0.825067 2.454439 33.670432 
0.830067 2.310107 41.275249 
0.835068 2.072703 48.880065 
0.840068 1.751776 45.077657 
0.845068 1.360264 54.583678 
0.850068 0.913952 52.682474 
0.855068 0.430816 46.978861 
0.860068 -0.069679 54.583678 
0.865068 -0.567366 52.682474 
0.870068 -1.042193 48.880065 
0.875068 -1.475029 54.583678 
0.880069 -1.848433 46.978861 
0.885069 -2.147361 39.374045 
0.890069 -2.359769 29.868024 
0.895069 -2.477098 20.362003 
0.900069 -2.494622 1.349962 
0.905069 -2.411627 -23.365692 
0.910069 -2.231462 -44.278938 
0.915070 -1.961396 -48.081346 
0.920070 -1.612291 -57.587367 
0.925070 -1.198239 -59.488571 
0.930070 -0.735891 -67.093388 
0.935070 -0.243902 -65.192184 
0.940070 0.257925 -72.797000 
0.945070 0.749359 -61.389775 
0.950070 1.210590 -67.093388 
0.955071 1.623037 -65.192184 
0.960071 1.970105 -57.587367 
0.965071 2.237790 -32.871713 
0.970071 2.415303 -21.464488 
0.975071 2.495505 7.053574 
0.980071 2.475157 29.868024 
0.985071 2.355081 35.571636 
0.990071 2.140115 48.880065 
0.995071 1.838921 46.978861 
