0.000001 0.000039 -7.178021 
0.005001 0.391140 -7.178021 
0.010001 0.772602 2.328000 
0.015001 1.135046 -5.276817 
0.020001 1.469546 0.426795 
0.025002 1.767850 -1.474409 
0.030002 2.022621 4.229204 
0.035002 2.227580 -3.375613 
0.040002 2.377687 15.636429 
0.045002 2.469245 25.142449 
0.050002 2.500000 40.352083 
0.055002 2.469193 46.055695 
0.060003 2.377578 55.561716 
0.065003 2.227416 57.462920 
0.070003 2.022404 65.067737 
0.075003 1.767595 55.561716 
0.080013 1.468612 63.166532 
0.085014 1.134031 68.870145 
0.090014 0.771527 68.870145 
0.095014 0.390016 70.771349 
0.100014 -0.001092 68.870145 
0.105014 -0.392180 63.166532 
0.110014 -0.773618 53.660512 
0.115015 -1.135991 53.660512 
0.120015 -1.470410 59.364124 
0.125015 -1.768611 53.660512 
0.130015 -2.023253 46.055695 
0.135016 -2.228072 27.043654 
0.140016 -2.378024 -1.474409 
0.145016 -2.469416 -37.597288 
0.150016 -2.500000 -54.708125 
0.155016 -2.469021 -52.806921 
0.160016 -2.377243 -62.312942 
0.165016 -2.226928 -56.609329 
0.170017 -2.021757 -64.214146 
0.175017 -1.766811 -66.115350 
0.180017 -1.468364 -69.917758 
0.185018 -1.133744 -77.522575 
0.190018 -0.771213 -77.522575 
0.195018 -0.389698 -73.720166 
0.200018 0.001422 -77.522575 
0.205018 0.392506 -77.522575 
0.210018 0.773917 -77.522575 
0.215018 1.136271 -73.720166 
0.220019 1.470645 -73.720166 
0.225019 1.768805 -75.621371 
0.230019 2.023410 -43.300900 
0.235019 2.228190 -37.597288 
0.240019 2.378102 -10.980429 
0.245019 2.469455 8.031612 
0.250019 2.500000 25.142449 
0.255020 2.468981 40.352083 
0.260020 2.377163 40.352083 
0.265020 2.226810 49.858103 
0.270020 2.021623 53.660512 
0.275020 1.766650 59.364124 
0.280020 1.468179 53.660512 
0.285020 1.133555 65.067737 
0.290021 0.771011 65.067737 
0.295021 0.389480 61.265328 
0.300021 -0.001634 57.462920 
0.305021 -0.392707 63.166532 
0.310021 -0.774111 57.462920 
0.315021 -1.136460 59.364124 
0.320021 -1.470810 53.660512 
0.325021 -1.768961 55.561716 
0.330022 -2.023539 46.055695 
0.335022 -2.228293 23.241245 
0.340022 -2.378175 9.932816 
0.345022 -2.469492 -18.585246 
0.350022 -2.499999 -43.300900 
0.355030 -2.468845 -52.806921 
0.360031 -2.376898 -54.708125 
0.365031 -2.226421 -58.510533 
0.370031 -2.021120 -56.609329 
0.375042 -1.765416 -69.917758 
0.380042 -1.466761 -64.214146 
0.385043 -1.131994 -69.917758 
0.390043 -0.769352 -81.324983 
0.395043 -0.387766 -71.818962 
0.400043 0.003369 -73.720166 
0.405043 0.394414 -73.720166 
0.410049 0.776172 -68.016554 
0.415049 1.138383 -66.115350 
0.420049 1.472562 -71.818962 
0.425049 1.770486 -62.312942 
0.430049 2.024807 -50.905717 
0.435049 2.229268 -35.696083 
0.440049 2.378835 -14.782838 
0.445056 2.469904 0.426795 
0.450060 2.499996 25.142449 
0.455060 2.468474 36.549674 
0.460061 2.376166 51.759308 
0.465061 2.225344 44.154491 
0.470061 2.019727 53.660512 
0.475061 1.764376 47.956899 
0.480061 1.465584 63.166532 
0.485061 1.130691 65.067737 
0.490061 0.767962 65.067737 
0.495061 0.386322 66.968941 
0.500061 -0.004830 63.166532 
0.505062 -0.395872 65.067737 
0.510062 -0.777180 51.759308 
0.515062 -1.139334 57.462920 
0.520062 -1.473425 55.561716 
0.525062 -1.771235 53.660512 
0.530063 -2.025428 46.055695 
0.535074 -2.230163 21.340041 
0.540074 -2.379443 4.229204 
0.545075 -2.470131 -28.091267 
0.550075 -2.499993 -45.202104 
0.555075 -2.468295 -52.806921 
0.560075 -2.375814 -52.806921 
0.565075 -2.224832 -54.708125 
0.570075 -2.019070 -60.411737 
0.575075 -1.763580 -62.312942 
0.580075 -1.464668 -75.621371 
0.585075 -1.129690 -68.016554 
0.590076 -0.766893 -79.423779 
0.595076 -0.385205 -75.621371 
0.600076 0.005969 -75.621371 
0.605076 0.396981 -73.720166 
0.610076 0.778225 -75.621371 
0.615076 1.140305 -73.720166 
0.620076 1.474307 -66.115350 
0.625077 1.772010 -60.411737 
0.630077 2.026073 -50.905717 
0.635077 2.230248 -35.696083 
0.640077 2.379501 -16.684042 
0.645093 2.470352 6.130408 
0.650093 2.499989 30.846062 
0.655093 2.468065 36.549674 
0.660093 2.375367 44.154491 
0.665093 2.224176 38.450878 
0.670093 2.018217 46.055695 
0.675094 1.762561 55.561716 
0.680094 1.463503 55.561716 
0.685094 1.128393 63.166532 
0.690094 0.765503 68.870145 
0.695094 0.383769 65.067737 
0.700095 -0.007446 70.771349 
0.705095 -0.398454 65.067737 
0.710095 -0.779650 63.166532 
0.715095 -1.141647 59.364124 
0.720095 -1.475525 59.364124 
0.725096 -1.773068 53.660512 
0.730096 -2.026951 40.352083 
0.735096 -2.230922 30.846062 
0.740096 -2.379958 9.932816 
0.745096 -2.470392 -18.585246 
0.750096 -2.499989 -35.696083 
0.755097 -2.468020 -49.004512 
0.760097 -2.375276 -56.609329 
0.765097 -2.224040 -49.004512 
0.770097 -2.018041 -58.510533 
0.775098 -1.762344 -64.214146 
0.780098 -1.463248 -69.917758 
0.785098 -1.128127 -75.621371 
0.790098 -0.765226 -75.621371 
0.795098 -0.383474 -73.720166 
0.800099 0.007744 -73.720166 
0.805099 0.398764 -71.818962 
0.810099 0.779956 -71.818962 
0.815099 1.141934 -69.917758 
0.820100 1.475797 -66.115350 
0.825100 1.773306 -69.917758 
0.830100 2.027149 -52.806921 
0.835100 2.231078 -31.893675 
0.840100 2.380061 -9.079225 
0.845100 2.470442 13.735225 
0.850101 2.499988 27.043654 
0.855101 2.467971 36.549674 
0.860101 2.375178 47.956899 
0.865101 2.223900 42.253287 
0.870101 2.017860 47.956899 
0.875101 1.762127 55.561716 
0.880101 1.463006 55.561716 
0.885102 1.127868 63.166532 
0.890102 0.764942 68.870145 
0.895102 0.383187 72.672553 
0.900102 -0.008035 63.166532 
0.905103 -0.399043 65.067737 
0.910103 -0.780232 63.166532 
0.915103 -1.142185 53.660512 
0.920103 -1.476013 61.265328 
0.925103 -1.773500 61.265328 
0.930103 -2.027305 36.549674 
0.935103 -2.231195 28.944858 
0.940104 -2.380145 2.328000 
0.945104 -2.470483 -14.782838 
0.950104 -2.499987 -35.696083 
0.955104 -2.467930 -45.202104 
0.960104 -2.375100 -54.708125 
0.965104 -2.223785 -58.510533 
0.970105 -2.017707 -62.312942 
0.975105 -1.761943 -64.214146 
0.980105 -1.462796 -68.016554 
0.985105 -1.127622 -73.720166 
0.990105 -0.764680 -77.522575 
0.995105 -0.382908 -75.621371 
