0.000001 0.000049 -3.744854 
0.005001 0.406649 1.958758 
0.010001 0.802429 -3.744854 
0.015012 1.177617 -1.843650 
0.020012 1.520617 -1.843650 
0.025012 1.823115 -9.448467 
0.030012 2.077058 3.859963 
0.035013 2.275695 -5.646058 
0.040013 2.413731 1.958758 
0.045013 2.487485 11.464779 
0.050013 2.494998 22.872004 
0.055014 2.436066 39.982841 
0.060014 2.312262 60.896087 
0.065014 2.126881 66.599700 
0.070014 1.884861 66.599700 
0.075014 1.592654 60.896087 
0.080014 1.258035 64.698495 
0.085015 0.889915 62.797291 
0.090015 0.498090 72.303312 
0.095015 0.093001 72.303312 
0.100015 -0.314565 66.599700 
0.105015 -0.713754 58.994883 
0.110016 -1.093935 57.093679 
0.115016 -1.444985 64.698495 
0.120016 -1.757549 51.390066 
0.125016 -2.023310 45.686454 
0.130027 -2.235610 17.168392 
0.135028 -2.387830 -3.744854 
0.140028 -2.476464 -24.658100 
0.145028 -2.499152 -39.867733 
0.150028 -2.455289 -49.373754 
0.155028 -2.346043 -49.373754 
0.160028 -2.174319 -51.274958 
0.165028 -1.944699 -58.879774 
0.170029 -1.663292 -62.682183 
0.175029 -1.337587 -75.990612 
0.180029 -0.976276 -72.188204 
0.185029 -0.588954 -72.188204 
0.190029 -0.185955 -79.793020 
0.195029 0.221996 -75.990612 
0.200029 0.624035 -72.188204 
0.205029 1.009464 -74.089408 
0.210030 1.368003 -62.682183 
0.215030 1.690114 -72.188204 
0.220030 1.967219 -64.583387 
0.225030 2.191938 -30.361712 
0.230030 2.358288 -26.559304 
0.235030 2.461839 0.057554 
0.240030 2.499832 22.872004 
0.245030 2.471258 41.884046 
0.250030 2.376875 51.390066 
0.255030 2.219199 45.686454 
0.260031 2.002422 45.686454 
0.265031 1.732320 45.686454 
0.270031 1.416086 53.291270 
0.275031 1.062149 64.698495 
0.280031 0.679928 66.599700 
0.285031 0.279592 68.500904 
0.290032 -0.128189 70.402108 
0.295032 -0.532556 74.204516 
0.300032 -0.922741 68.500904 
0.305032 -1.288354 68.500904 
0.310032 -1.619651 64.698495 
0.315032 -1.907818 47.587658 
0.320033 -2.145181 34.279229 
0.325033 -2.325423 9.563575 
0.330033 -2.443737 -11.349671 
0.335033 -2.496976 -36.065325 
0.340033 -2.483722 -49.373754 
0.345033 -2.404328 -51.274958 
0.350033 -2.260905 -53.176162 
0.355034 -2.057278 -66.484591 
0.360034 -1.798862 -60.780979 
0.365034 -1.492542 -70.286999 
0.370034 -1.146482 -70.286999 
0.375034 -0.769893 -66.484591 
0.380034 -0.372802 -74.089408 
0.385034 0.034217 -74.089408 
0.390034 0.440324 -70.286999 
0.395034 0.834698 -74.089408 
0.400035 1.206860 -70.286999 
0.405035 1.546883 -66.484591 
0.410035 1.845707 -68.385795 
0.415035 2.095381 -47.472550 
0.420035 2.289257 -37.966529 
0.425035 2.422171 -15.152079 
0.430035 2.490586 9.563575 
0.435035 2.492678 32.378025 
0.440035 2.428394 41.884046 
0.445036 2.299440 49.488862 
0.450036 2.109256 53.291270 
0.455036 1.862904 45.686454 
0.460036 1.566938 53.291270 
0.465036 1.229252 57.093679 
0.470036 0.858823 66.599700 
0.475036 0.465524 60.896087 
0.480037 0.059837 72.303312 
0.485037 -0.347461 70.402108 
0.490037 -0.745497 62.797291 
0.495037 -1.123673 64.698495 
0.500037 -1.471927 55.192475 
0.505038 -1.780990 58.994883 
0.510038 -2.042625 47.587658 
0.515038 -2.249857 32.378025 
0.520038 -2.397185 11.464779 
0.525038 -2.480673 -17.053283 
0.530038 -2.498105 -39.867733 
0.535038 -2.449014 -51.274958 
0.540038 -2.334706 -53.176162 
0.545038 -2.158231 -66.484591 
0.550039 -1.924272 -56.978570 
0.555039 -1.639073 -66.484591 
0.560039 -1.310225 -64.583387 
0.565039 -0.946485 -75.990612 
0.570039 -0.557540 -74.089408 
0.575039 -0.153764 -68.385795 
0.580040 0.254122 -66.484591 
0.585040 0.655226 -68.385795 
0.590040 1.038897 -66.484591 
0.595040 1.394902 -68.385795 
0.600040 1.713766 -58.879774 
0.605041 1.986985 -60.780979 
0.610041 2.207295 -34.164121 
0.615041 2.368818 -24.658100 
0.620041 2.467259 -1.843650 
0.625041 2.499998 22.872004 
0.630041 2.466164 39.982841 
0.635042 2.366653 47.587658 
0.640042 2.204119 49.488862 
0.645042 1.982894 47.587658 
0.650042 1.708859 53.291270 
0.655042 1.389325 57.093679 
0.660042 1.032786 64.698495 
0.665043 0.648744 66.599700 
0.670043 0.247418 70.402108 
0.675043 -0.160490 68.500904 
0.680043 -0.564115 70.402108 
0.685043 -0.952719 66.599700 
0.690043 -1.315952 60.896087 
0.695044 -1.644149 53.291270 
0.700044 -1.928562 53.291270 
0.705044 -2.161616 36.180433 
0.710044 -2.337107 13.365983 
0.715045 -2.450361 -5.646058 
0.720045 -2.498359 -32.262916 
0.725045 -2.479824 -43.670141 
0.730045 -2.395245 -53.176162 
0.735046 -2.246879 -55.077366 
0.740046 -2.038676 -56.978570 
0.745046 -1.776186 -68.385795 
0.750046 -1.466395 -72.188204 
0.755047 -1.117562 -74.089408 
0.760047 -0.738961 -75.990612 
0.765047 -0.340681 -74.089408 
0.770047 0.066663 -75.990612 
0.775047 0.472232 -66.484591 
0.780047 0.865225 -68.385795 
0.785047 1.235179 -68.385795 
0.790047 1.572240 -66.484591 
0.795048 1.867446 -66.484591 
0.800048 2.112914 -56.978570 
0.805048 2.302114 -32.262916 
0.810048 2.430009 -18.954487 
0.815048 2.493192 11.464779 
0.820048 2.489983 20.970800 
0.825049 2.420468 39.982841 
0.830049 2.286497 49.488862 
0.835049 2.091639 45.686454 
0.840049 1.841089 55.192475 
0.845049 1.541506 51.390066 
0.850049 1.200868 60.896087 
0.855049 0.828258 60.896087 
0.860049 0.433584 68.500904 
0.865050 0.027364 68.500904 
0.870050 -0.379585 72.303312 
0.875050 -0.776410 62.797291 
0.880050 -1.152575 60.896087 
0.885050 -1.498041 55.192475 
0.890050 -1.803620 58.994883 
0.895051 -2.061169 49.488862 
0.900051 -2.263828 24.773208 
0.905051 -2.406198 17.168392 
0.910051 -2.484494 -17.053283 
0.915051 -2.496630 -36.065325 
0.920051 -2.442282 -45.571345 
0.925051 -2.322895 -56.978570 
0.930051 -2.141650 -66.484591 
0.935052 -1.903376 -62.682183 
0.940052 -1.614418 -60.780979 
0.945052 -1.282469 -66.484591 
0.950052 -0.916368 -68.385795 
0.955052 -0.525866 -66.484591 
0.960052 -0.121360 -70.286999 
0.965052 0.286385 -70.286999 
0.970052 0.686496 -72.188204 
0.975052 1.068327 -62.682183 
0.980053 1.421709 -62.682183 
0.985053 1.737231 -60.780979 
0.990053 2.006493 -56.978570 
0.995053 2.222324 -30.361712 
