0.000000 0.000041 6.031853 
0.005001 0.514717 -1.572964 
0.010001 1.007333 -5.375372 
0.015001 1.456794 6.031853 
0.020001 1.843853 6.031853 
0.025001 2.151918 9.834261 
0.030001 2.367789 13.636670 
0.035002 2.482225 23.142690 
0.040002 2.490319 30.747507 
0.045002 2.391726 47.858344 
0.050002 2.190667 47.858344 
0.055002 1.895749 53.561957 
0.060003 1.519620 55.463161 
0.065003 1.078388 53.561957 
0.070003 0.590955 63.067978 
0.075003 0.078206 55.463161 
0.080003 -0.437884 59.265569 
0.085003 -0.935215 57.364365 
0.090004 -1.392490 59.265569 
0.095004 -1.790102 55.463161 
0.100004 -2.111031 47.858344 
0.105004 -2.341520 44.055936 
0.110004 -2.471695 32.648711 
0.115005 -2.495977 13.636670 
0.120005 -2.413324 4.130649 
0.125005 -2.227290 -22.486209 
0.130005 -1.945824 -43.399455 
0.135005 -1.580992 -54.806680 
0.140006 -1.148434 -66.213905 
0.145006 -0.666685 -60.510292 
0.150006 -0.156376 -70.016313 
0.155006 0.360642 -66.213905 
0.160006 0.862201 -73.818721 
0.165006 1.326840 -62.411496 
0.170007 1.734619 -71.917517 
0.175007 2.068086 -60.510292 
0.180007 2.312957 -33.893434 
0.185007 2.458741 -22.486209 
0.190007 2.499192 -5.375372 
0.195007 2.432574 28.846303 
0.200007 2.261741 34.549915 
0.205008 1.994005 44.055936 
0.210008 1.640831 40.253528 
0.215008 1.217374 44.055936 
0.220009 0.741753 49.759548 
0.225009 0.234352 53.561957 
0.230009 -0.283089 53.561957 
0.235009 -0.788381 47.858344 
0.240010 -1.259909 42.154732 
0.245010 -1.677460 47.858344 
0.250010 -2.023140 47.858344 
0.255010 -2.282152 36.451119 
0.260010 -2.443392 32.648711 
0.265010 -2.499957 17.439078 
0.270011 -2.449420 6.031853 
0.275011 -2.293950 -18.683801 
0.280011 -2.040207 -43.399455 
0.285011 -1.699062 -52.905476 
0.290011 -1.285130 -62.411496 
0.295011 -0.816142 -73.818721 
0.300011 -0.312181 -66.213905 
0.305012 0.205165 -68.115109 
0.310012 0.713701 -68.115109 
0.315012 1.191680 -60.510292 
0.320012 1.618596 -70.016313 
0.325012 1.976169 -56.707884 
0.330018 2.249310 -43.399455 
0.335018 2.425769 -24.387413 
0.340018 2.498294 4.130649 
0.345019 2.463785 17.439078 
0.350019 2.323715 38.352324 
0.355019 2.084097 47.858344 
0.360019 1.755193 47.858344 
0.365020 1.351076 47.858344 
0.370020 0.889092 45.957140 
0.375027 0.388280 44.055936 
0.380028 -0.128468 51.660753 
0.385028 -0.639713 44.055936 
0.390028 -1.123543 47.858344 
0.395028 -1.559240 49.759548 
0.400028 -1.928152 44.055936 
0.405028 -2.214446 40.253528 
0.410029 -2.405874 32.648711 
0.415029 -2.494235 25.043895 
0.420029 -2.475739 0.328241 
0.425029 -2.351182 -16.782597 
0.430029 -2.125895 -37.695842 
0.435029 -1.809538 -51.004272 
0.440029 -1.415661 -60.510292 
0.445030 -0.961137 -60.510292 
0.450030 -0.465439 -68.115109 
0.455030 0.050200 -66.213905 
0.460030 0.563687 -71.917517 
0.465030 1.053036 -68.115109 
0.470030 1.497279 -71.917517 
0.475030 1.877360 -56.707884 
0.480031 2.177021 -43.399455 
0.485031 2.383414 -20.585005 
0.490031 2.487697 0.328241 
0.495031 2.485405 21.241486 
0.500032 2.376630 38.352324 
0.505032 2.166038 47.858344 
0.510032 1.862656 44.055936 
0.515032 1.479477 51.660753 
0.520032 1.032919 49.759548 
0.525032 0.542110 55.463161 
0.530032 0.028067 51.660753 
0.535033 -0.487179 51.660753 
0.540033 -0.981553 49.759548 
0.545033 -1.433867 51.660753 
0.550033 -1.824755 47.858344 
0.555033 -2.137470 47.858344 
0.560033 -2.358620 34.549915 
0.565034 -2.478724 30.747507 
0.570034 -2.492632 11.735465 
0.575034 -2.399748 -1.572964 
0.580045 -2.203543 -22.486209 
0.585045 -1.913240 -45.300659 
0.590045 -1.540962 -52.905476 
0.595045 -1.102673 -62.411496 
0.600046 -0.617135 -66.213905 
0.605046 -0.105166 -66.213905 
0.610047 0.411349 -60.510292 
0.615047 0.910209 -71.917517 
0.620047 1.370064 -62.411496 
0.625047 1.771224 -73.818721 
0.630048 2.096507 -49.103067 
0.635048 2.331961 -28.189822 
0.640048 2.467513 -12.980189 
0.645048 2.497360 7.933057 
0.650048 2.420218 26.945099 
0.655048 2.239395 44.055936 
0.660048 1.962636 51.660753 
0.665048 1.601798 45.957140 
0.670048 1.172349 49.759548 
0.675048 0.692658 53.561957 
0.680049 0.183303 45.957140 
0.685049 -0.333915 45.957140 
0.690049 -0.836828 51.660753 
0.695049 -1.303889 47.858344 
0.700049 -1.715082 42.154732 
0.705049 -2.052802 44.055936 
0.710049 -2.302579 45.957140 
0.715050 -2.453716 23.142690 
0.720050 -2.499732 13.636670 
0.725050 -2.438656 -5.375372 
0.730050 -2.273103 -28.189822 
0.735050 -2.010168 -43.399455 
0.740051 -1.661121 -56.707884 
0.745051 -1.240903 -66.213905 
0.750051 -0.767522 -62.411496 
0.755051 -0.261260 -68.115109 
0.760051 0.256195 -71.917517 
0.765052 0.762684 -71.917517 
0.770052 1.236498 -64.312701 
0.775052 1.657320 -68.115109 
0.780052 2.007148 -51.004272 
0.785053 2.270992 -31.992230 
0.790053 2.437537 -14.881393 
0.795053 2.499653 6.031853 
0.800053 2.454681 26.945099 
0.805053 2.304546 36.451119 
0.810054 2.055680 53.561957 
0.815054 1.718731 53.561957 
0.820054 1.308143 55.463161 
0.825055 0.841527 49.759548 
0.830055 0.338858 53.561957 
0.835055 -0.178328 49.759548 
0.840055 -0.687873 45.957140 
0.845055 -1.167950 53.561957 
0.850055 -1.597981 49.759548 
0.855056 -1.959555 45.957140 
0.860056 -2.237182 42.154732 
0.865056 -2.418971 28.846303 
0.870056 -2.497127 11.735465 
0.875056 -2.468303 0.328241 
0.880056 -2.333732 -28.189822 
0.885057 -2.099180 -39.597047 
0.890057 -1.774704 -60.510292 
0.895057 -1.374199 -58.609088 
0.900057 -0.914814 -70.016313 
0.905057 -0.416237 -64.312701 
0.910057 0.100172 -66.213905 
0.915058 0.612289 -71.917517 
0.920058 1.098176 -70.016313 
0.925058 1.537006 -66.213905 
0.930058 1.909998 -56.707884 
0.935058 2.201168 -35.794638 
0.940059 2.398035 -28.189822 
0.945059 2.492156 2.229445 
0.950059 2.479510 23.142690 
0.955059 2.360641 42.154732 
0.960060 2.140637 45.957140 
0.965060 1.828931 49.759548 
0.970060 1.438875 51.660753 
0.975060 0.987167 53.561957 
0.980060 0.493168 47.858344 
0.985060 -0.021949 51.660753 
0.990069 -0.537027 49.759548 
0.995069 -1.028185 49.759548 
