0.000001 0.000040 2.574997 
0.005001 0.398905 0.673793 
0.010001 0.787542 -5.029819 
0.015001 1.156005 4.476201 
0.020001 1.494852 0.673793 
0.025002 1.795405 0.673793 
0.030002 2.049958 2.574997 
0.035002 2.251994 13.982222 
0.040002 2.396346 17.784630 
0.045002 2.479311 34.895468 
0.050002 2.498761 50.105101 
0.055002 2.454198 52.006305 
0.060003 2.346763 53.907509 
0.065013 2.178800 63.413530 
0.070013 1.955313 61.512326 
0.075014 1.681731 69.117142 
0.080014 1.365067 69.117142 
0.085014 1.013439 76.721959 
0.090014 0.635842 72.919551 
0.095014 0.241957 72.919551 
0.100015 -0.158136 71.018347 
0.105015 -0.554176 65.314734 
0.110015 -0.936035 72.919551 
0.115016 -1.293904 61.512326 
0.120016 -1.618629 63.413530 
0.125016 -1.901868 42.500284 
0.130017 -2.136385 27.290651 
0.135017 -2.316174 4.476201 
0.140017 -2.436624 -24.041861 
0.145017 -2.494652 -39.251494 
0.150017 -2.488773 -48.757515 
0.155018 -2.419135 -50.658719 
0.160018 -2.287528 -52.559923 
0.165018 -2.097321 -54.461127 
0.170018 -1.853387 -63.967148 
0.175018 -1.561975 -65.868352 
0.180018 -1.230549 -71.571965 
0.185018 -0.867601 -73.473169 
0.190018 -0.482427 -79.176781 
0.195019 -0.084887 -75.374373 
0.200019 0.314827 -77.275577 
0.205019 0.706477 -73.473169 
0.210019 1.080020 -69.670761 
0.215019 1.425897 -71.571965 
0.220019 1.735252 -62.065944 
0.225020 2.000154 -46.856311 
0.230020 2.213816 -37.350290 
0.235020 2.370764 -10.733432 
0.240020 2.466979 8.278610 
0.245021 2.499992 19.685835 
0.250021 2.468958 32.994264 
0.255030 2.374439 42.500284 
0.260031 2.219210 50.105101 
0.265031 2.007129 53.907509 
0.270031 1.743617 53.907509 
0.275031 1.435454 57.709918 
0.280031 1.090519 63.413530 
0.285032 0.717641 59.611122 
0.290032 0.326369 67.215938 
0.295032 -0.073255 72.919551 
0.300033 -0.471034 65.314734 
0.305033 -0.856714 67.215938 
0.310033 -1.220440 69.117142 
0.315033 -1.552902 67.215938 
0.320033 -1.845589 61.512326 
0.325034 -2.090995 40.599080 
0.330034 -2.282831 19.685835 
0.335034 -2.416190 0.673793 
0.340034 -2.487649 -29.745473 
0.345034 -2.495383 -41.152698 
0.350034 -2.439193 -46.856311 
0.355034 -2.320518 -48.757515 
0.360034 -2.142398 -50.658719 
0.365034 -1.909396 -65.868352 
0.370035 -1.627475 -56.362331 
0.375035 -1.303855 -67.769556 
0.380035 -0.946853 -75.374373 
0.385049 -0.564466 -67.769556 
0.390050 -0.168678 -69.670761 
0.395050 0.231431 -67.769556 
0.400050 0.625604 -69.670761 
0.405050 1.003750 -63.967148 
0.410050 1.356190 -69.670761 
0.415050 1.673881 -63.967148 
0.420051 1.948698 -58.263536 
0.425051 2.173592 -27.844269 
0.430051 2.342801 -10.733432 
0.435051 2.451996 8.278610 
0.440051 2.498375 19.685835 
0.445051 2.480751 34.895468 
0.450052 2.399578 50.105101 
0.455052 2.256934 48.203897 
0.460052 2.056475 52.006305 
0.465052 1.803335 48.203897 
0.470052 1.503998 57.709918 
0.475052 1.166134 67.215938 
0.480052 0.798397 65.314734 
0.485052 0.410208 67.215938 
0.490052 0.011510 69.117142 
0.495052 -0.387482 74.820755 
0.500053 -0.776549 65.314734 
0.505053 -1.145730 76.721959 
0.510053 -1.485566 67.215938 
0.515053 -1.787337 63.413530 
0.520054 -2.043339 48.203897 
0.525054 -2.246972 34.895468 
0.530054 -2.393040 10.179814 
0.535054 -2.477807 -27.844269 
0.540055 -2.499097 -43.053902 
0.545055 -2.456365 -46.856311 
0.550055 -2.350708 -56.362331 
0.555055 -2.184834 -62.065944 
0.560055 -1.962991 -58.263536 
0.565055 -1.690861 -60.164740 
0.570055 -1.375417 -56.362331 
0.575055 -1.024739 -71.571965 
0.580055 -0.647811 -73.473169 
0.585056 -0.254279 -69.670761 
0.590056 0.145775 -77.275577 
0.595056 0.542079 -67.769556 
0.600056 0.924503 -71.571965 
0.605056 1.283237 -62.065944 
0.610057 1.609104 -69.670761 
0.615057 1.893744 -54.461127 
0.620057 2.129872 -35.449086 
0.625057 2.311439 -16.437044 
0.630057 2.433794 10.179814 
0.635057 2.493804 23.488243 
0.640057 2.489925 42.500284 
0.645058 2.422262 40.599080 
0.650058 2.292544 44.401489 
0.655058 2.104095 50.105101 
0.660058 1.861744 57.709918 
0.665058 1.571705 55.808713 
0.670058 1.241404 61.512326 
0.675058 0.879302 67.215938 
0.680059 0.494674 67.215938 
0.685077 0.095918 74.820755 
0.690077 -0.303875 67.215938 
0.695077 -0.695882 74.820755 
0.700089 -1.070895 71.018347 
0.705089 -1.417589 67.215938 
0.710089 -1.727962 67.215938 
0.715090 -1.994112 46.302693 
0.720090 -2.209131 36.796672 
0.725091 -2.367554 6.377406 
0.730091 -2.465329 -27.844269 
0.735091 -2.499947 -35.449086 
0.740091 -2.470522 -52.559923 
0.745091 -2.377811 -56.362331 
0.750091 -2.224186 -54.461127 
0.755091 -2.013585 -60.164740 
0.760092 -1.751390 -60.164740 
0.765092 -1.444340 -63.967148 
0.770092 -1.100282 -69.670761 
0.775370 -0.706688 -71.571965 
0.780371 -0.315046 -73.473169 
0.785371 0.084667 -71.571965 
0.790371 0.482203 -75.374373 
0.795371 0.867394 -67.769556 
0.800371 1.230357 -62.065944 
0.805371 1.561809 -63.967148 
0.810371 1.853244 -58.263536 
0.815372 2.097205 -41.152698 
0.820372 2.287449 -35.449086 
0.825372 2.419088 -5.029819 
0.830372 2.488755 13.982222 
0.835372 2.494665 36.796672 
0.840373 2.436668 48.203897 
0.845373 2.316251 48.203897 
0.850373 2.136495 50.105101 
0.855373 1.902011 57.709918 
0.860373 1.618804 50.105101 
0.865373 1.294127 53.907509 
0.870373 0.936299 65.314734 
0.875373 0.554486 63.413530 
0.880374 0.158468 69.117142 
0.885374 -0.241609 72.919551 
0.890374 -0.635505 71.018347 
0.895374 -1.013112 76.721959 
0.900374 -1.364767 67.215938 
0.905374 -1.681455 61.512326 
0.910374 -1.955081 52.006305 
0.915374 -2.178617 32.994264 
0.920374 -2.346344 17.784630 
0.925374 -2.453965 -10.733432 
0.930375 -2.498722 -33.547882 
0.935375 -2.479469 -48.757515 
0.940375 -2.396700 -60.164740 
0.945375 -2.252535 -63.967148 
0.950375 -2.050662 -58.263536 
0.955375 -1.796255 -62.065944 
0.960375 -1.495832 -60.164740 
0.965376 -1.157095 -62.065944 
0.970376 -0.788717 -75.374373 
0.975376 -0.400135 -65.868352 
0.980376 -0.001302 -69.670761 
0.985376 0.397572 -69.670761 
0.990376 0.786261 -73.473169 
0.995376 1.154800 -69.670761 
