0.000000 0.000049 4.073972 
0.005001 0.483941 -3.530845 
0.010001 0.949520 5.975176 
0.015001 1.379196 2.172767 
0.020001 1.756708 2.172767 
0.025001 2.067778 2.172767 
0.030001 2.300637 11.678788 
0.035002 2.446488 9.777584 
0.040002 2.499805 30.690830 
0.045002 2.458571 43.999259 
0.050003 2.324348 43.999259 
0.055003 2.102219 53.505279 
0.060003 1.800583 59.208892 
0.065003 1.430825 59.208892 
0.070003 1.006963 57.307688 
0.075004 0.545006 59.208892 
0.080004 0.062436 59.208892 
0.085004 -0.422477 59.208892 
0.090013 -0.892176 57.307688 
0.095013 -1.327343 53.505279 
0.100026 -1.713248 57.307688 
0.105027 -2.033249 47.801667 
0.110027 -2.276349 40.196850 
0.115027 -2.433351 40.196850 
0.120027 -2.498322 11.678788 
0.125027 -2.468802 -5.432049 
0.130027 -2.345910 -39.653724 
0.135028 -2.134295 -56.764561 
0.140028 -1.841940 -51.060949 
0.145028 -1.479922 -56.764561 
0.150029 -1.061927 -62.468174 
0.155029 -0.603786 -60.566970 
0.160029 -0.122800 -66.270582 
0.165029 0.362831 -68.171786 
0.170029 0.834730 -66.270582 
0.175029 1.275059 -75.776603 
0.180030 1.667179 -66.270582 
0.185030 1.996240 -54.863357 
0.190030 2.249806 -35.851316 
0.195031 2.418261 -13.036866 
0.200031 2.495254 9.777584 
0.205031 2.477867 32.592034 
0.210031 2.366763 40.196850 
0.215032 2.166137 47.801667 
0.220032 1.883581 47.801667 
0.225032 1.529796 53.505279 
0.230032 1.118154 45.900463 
0.235032 0.664213 55.406484 
0.240033 0.185151 53.505279 
0.245033 -0.300924 53.505279 
0.250033 -0.775617 57.307688 
0.255033 -1.220965 47.801667 
0.260033 -1.620126 45.900463 
0.265034 -1.958019 53.505279 
0.270034 -2.221852 40.196850 
0.275034 -2.401656 30.690830 
0.280034 -2.490624 21.184809 
0.285034 -2.485395 2.172767 
0.290034 -2.386164 -14.938070 
0.295034 -2.196689 -45.357336 
0.300034 -1.924140 -49.159745 
0.305035 -1.578814 -64.369378 
0.310035 -1.173786 -58.665765 
0.315035 -0.724357 -58.665765 
0.320035 -0.247532 -71.974195 
0.325035 0.238654 -71.974195 
0.330035 0.715815 -71.974195 
0.335035 1.165894 -70.072990 
0.340035 1.571896 -70.072990 
0.345035 1.918439 -54.863357 
0.350035 2.192426 -39.653724 
0.355035 2.383494 -20.641682 
0.360036 2.484417 2.172767 
0.365036 2.491380 30.690830 
0.370036 2.404115 43.999259 
0.375036 2.225927 43.999259 
0.380036 1.963547 57.307688 
0.385036 1.626909 57.307688 
0.390036 1.228741 53.505279 
0.395036 0.784101 53.505279 
0.400036 0.309806 59.208892 
0.405036 -0.176196 57.307688 
0.410037 -0.655544 53.505279 
0.415037 -1.110099 49.702871 
0.420037 -1.522670 51.604075 
0.425037 -1.877659 45.900463 
0.430037 -2.161626 42.098055 
0.435037 -2.363839 36.394442 
0.440037 -2.476651 19.283605 
0.445037 -2.495795 5.975176 
0.450037 -2.420547 -22.542887 
0.455038 -2.253753 -45.357336 
0.460038 -2.001720 -49.159745 
0.465038 -1.673982 -64.369378 
0.470038 -1.282932 -64.369378 
0.475038 -0.843362 -60.566970 
0.480038 -0.371895 -70.072990 
0.485038 0.113647 -64.369378 
0.490038 0.594880 -73.875399 
0.495038 1.053616 -73.875399 
0.500039 1.472503 -64.369378 
0.505039 1.835699 -64.369378 
0.510039 2.129468 -47.258541 
0.515039 2.342700 -16.839274 
0.520039 2.467331 2.172767 
0.525039 2.498643 23.086013 
0.530039 2.435456 43.999259 
0.535039 2.280154 47.801667 
0.540040 2.038613 53.505279 
0.545040 1.719974 51.604075 
0.550040 1.336284 57.307688 
0.555040 0.902056 59.208892 
0.560040 0.433712 55.406484 
0.565040 -0.051035 55.406484 
0.570040 -0.533853 53.505279 
0.575040 -0.996479 51.604075 
0.580040 -1.421419 49.702871 
0.585041 -1.792600 57.307688 
0.590041 -2.095983 43.999259 
0.595041 -2.320096 38.295646 
0.600041 -2.456460 23.086013 
0.605041 -2.499922 9.777584 
0.610041 -2.448835 -14.938070 
0.615041 -2.305132 -37.752520 
0.620041 -2.074247 -56.764561 
0.625041 -1.764907 -58.665765 
0.630042 -1.388814 -64.369378 
0.635042 -0.960203 -64.369378 
0.640042 -0.495266 -60.566970 
0.645042 -0.011608 -68.171786 
0.650042 0.472490 -70.072990 
0.655042 0.938717 -75.776603 
0.660042 1.369442 -70.072990 
0.665042 1.748374 -62.468174 
0.670043 2.061182 -45.357336 
0.675043 2.296035 -33.950112 
0.680043 2.444051 -9.234458 
0.685043 2.499631 15.481196 
0.690043 2.460676 38.295646 
0.695043 2.328657 45.900463 
0.700043 2.108562 51.604075 
0.705043 1.808718 57.307688 
0.710043 1.440471 51.604075 
0.715044 1.017746 57.307688 
0.720044 0.556529 55.406484 
0.725044 0.074263 53.505279 
0.730044 -0.410811 49.702871 
0.735044 -0.880348 59.208892 
0.740044 -1.316581 59.208892 
0.745044 -1.703030 47.801667 
0.750051 -2.025481 47.801667 
0.755052 -2.270818 43.999259 
0.760052 -2.430265 28.789625 
0.765052 -2.497799 19.283605 
0.770052 -2.470866 -9.234458 
0.775052 -2.350482 -22.542887 
0.780052 -2.141197 -39.653724 
0.785052 -1.850934 -54.863357 
0.790052 -1.490669 -58.665765 
0.795053 -1.074017 -66.270582 
0.800053 -0.616752 -56.764561 
0.805053 -0.136162 -68.171786 
0.810053 0.349587 -73.875399 
0.815053 0.822106 -71.974195 
0.820053 1.263540 -70.072990 
0.825053 1.657184 -66.270582 
0.830054 1.988145 -58.665765 
0.835054 2.243913 -37.752520 
0.840054 2.414813 -18.740478 
0.845054 2.494388 4.073972 
0.850054 2.479622 30.690830 
0.855054 2.371076 38.295646 
0.860054 2.172849 55.406484 
0.865054 1.892447 47.801667 
0.870054 1.540472 51.604075 
0.875055 1.130236 55.406484 
0.880055 0.677253 51.604075 
0.885055 0.198657 57.307688 
0.890055 -0.287453 59.208892 
0.895055 -0.762691 49.702871 
0.900055 -1.209084 57.307688 
0.905055 -1.609749 55.406484 
0.910055 -1.949526 51.604075 
0.915055 -2.215583 42.098055 
0.920055 -2.397837 43.999259 
0.925055 -2.489408 17.382401 
0.930056 -2.486828 2.172767 
0.935056 -2.390193 -16.839274 
0.940056 -2.203165 -37.752520 
0.945056 -1.932803 -49.159745 
0.950056 -1.589346 -60.566970 
0.955056 -1.185771 -60.566970 
0.960056 -0.737348 -64.369378 
0.965057 -0.261037 -68.171786 
0.970057 0.225138 -71.974195 
0.975057 0.702797 -70.072990 
0.980057 1.153868 -77.677807 
0.985057 1.561316 -68.171786 
0.990057 1.909706 -52.962153 
0.995057 2.185870 -35.851316 
