0.000001 0.000066 -0.378795 
0.005001 0.545444 3.423614 
0.010001 1.064548 -0.378795 
0.015001 1.532363 -2.279999 
0.020001 1.926367 11.028430 
0.025001 2.227581 12.929635 
0.030002 2.421499 22.435655 
0.035002 2.498773 33.842880 
0.040002 2.455673 33.842880 
0.045002 2.294282 49.052513 
0.050003 2.022381 45.250105 
0.055003 1.653065 54.756126 
0.060003 1.204114 56.657330 
0.065003 0.697161 58.558534 
0.070003 0.156625 58.558534 
0.075003 -0.391445 54.756126 
0.080004 -0.920669 54.756126 
0.085004 -1.405545 56.657330 
0.090004 -1.822723 43.348901 
0.095004 -2.152096 49.052513 
0.100005 -2.377794 41.447697 
0.105005 -2.488952 35.744084 
0.110005 -2.480222 16.732043 
0.115005 -2.352023 -4.181203 
0.120005 -2.110519 -28.896857 
0.125005 -1.767355 -49.810102 
0.130005 -1.339066 -63.118532 
0.135006 -0.846276 -63.118532 
0.140006 -0.312722 -70.723348 
0.145006 0.235906 -68.822144 
0.150006 0.773159 -68.822144 
0.155006 1.273171 -66.920940 
0.160006 1.711873 -70.723348 
0.165007 2.068103 -65.019736 
0.170007 2.324712 -42.205286 
0.175007 2.469339 -23.193244 
0.180007 2.495018 -4.181203 
0.185007 2.400513 20.534451 
0.190008 2.190364 28.139268 
0.195008 1.874718 49.052513 
0.200008 1.468769 49.052513 
0.205008 0.992072 49.052513 
0.210008 0.467589 54.756126 
0.215008 -0.079417 52.854922 
0.220008 -0.622609 43.348901 
0.225008 -1.135789 39.546493 
0.230009 -1.594280 49.052513 
0.235009 -1.975967 39.546493 
0.240009 -2.262475 31.941676 
0.245009 -2.440000 20.534451 
0.250009 -2.500000 9.127226 
0.255009 -2.439578 -4.181203 
0.260009 -2.261646 -23.193244 
0.265009 -1.974767 -47.908898 
0.270009 -1.592772 -55.513715 
0.275009 -1.134065 -66.920940 
0.280010 -0.620713 -68.822144 
0.285010 -0.077472 -65.019736 
0.290010 0.469501 -70.723348 
0.295010 0.993859 -74.525756 
0.300010 1.470344 -72.624552 
0.305010 1.876005 -61.217327 
0.310010 2.191301 -46.007694 
0.315010 2.401044 -34.600469 
0.320010 2.495137 -19.390836 
0.325010 2.469043 1.522410 
0.330010 2.324020 24.336859 
0.335011 2.067046 45.250105 
0.340011 1.710502 50.953718 
0.345011 1.271572 54.756126 
0.350011 0.771392 52.854922 
0.355011 0.234056 54.756126 
0.360011 -0.314555 52.854922 
0.365011 -0.848024 54.756126 
0.370012 -1.340644 50.953718 
0.375012 -1.768676 47.151309 
0.380012 -2.111515 41.447697 
0.385012 -2.352645 37.645288 
0.390012 -2.480453 16.732043 
0.395012 -2.488777 9.127226 
0.400012 -2.377220 -17.489632 
0.405013 -2.151149 -26.995653 
0.410013 -1.821465 -46.007694 
0.415013 -1.404044 -59.316123 
0.420013 -0.918992 -65.019736 
0.425013 -0.389674 -65.019736 
0.430013 0.158414 -63.118532 
0.435013 0.698871 -68.822144 
0.440013 1.205656 -68.822144 
0.445013 1.654376 -66.920940 
0.450014 2.023415 -51.711307 
0.455014 2.294984 -44.106490 
0.460014 2.456002 -17.489632 
0.465014 2.498718 -0.378795 
0.470014 2.421075 24.336859 
0.475014 2.226812 39.546493 
0.480014 1.925287 45.250105 
0.485014 1.531025 54.756126 
0.490014 1.063015 47.151309 
0.495015 0.543802 54.756126 
0.500015 -0.001616 49.052513 
0.505015 -0.546935 50.953718 
0.510015 -1.065950 49.052513 
0.515015 -1.533588 50.953718 
0.520015 -1.927362 41.447697 
0.525016 -2.228300 45.250105 
0.530016 -2.421889 37.645288 
0.535016 -2.498821 18.633247 
0.540017 -2.455375 -4.181203 
0.545017 -2.293657 -21.292040 
0.550017 -2.021450 -34.600469 
0.555017 -1.651869 -55.513715 
0.560017 -1.202707 -63.118532 
0.565018 -0.695609 -65.019736 
0.570018 -0.155012 -65.019736 
0.575019 0.393095 -65.019736 
0.580019 0.922233 -70.723348 
0.585019 1.406927 -70.723348 
0.590019 1.823874 -66.920940 
0.595020 2.152951 -49.810102 
0.600020 2.378320 -34.600469 
0.605020 2.489113 -25.094449 
0.610020 2.480005 3.423614 
0.615021 2.351430 30.040472 
0.620021 2.109588 39.546493 
0.625021 1.766126 54.756126 
0.630021 1.337598 45.250105 
0.635021 0.844630 52.854922 
0.640022 0.310977 50.953718 
0.645022 -0.237657 49.052513 
0.650022 -0.774864 47.151309 
0.655022 -1.274723 47.151309 
0.660023 -1.713178 49.052513 
0.665023 -2.069116 39.546493 
0.670023 -2.325375 41.447697 
0.675024 -2.469627 31.941676 
0.680024 -2.494900 9.127226 
0.685024 -2.399990 -11.786019 
0.690024 -2.189478 -32.699265 
0.695024 -1.873502 -42.205286 
0.700024 -1.467283 -59.316123 
0.705025 -0.990397 -61.217327 
0.710025 -0.465796 -65.019736 
0.715025 0.081241 -63.118532 
0.720025 0.624376 -72.624552 
0.725036 1.138502 -68.822144 
0.730036 1.596625 -63.118532 
0.735036 1.977831 -61.217327 
0.740037 2.263774 -47.908898 
0.745037 2.440671 -21.292040 
0.750037 2.499997 -7.983611 
0.755037 2.438896 18.633247 
0.760037 2.260318 39.546493 
0.765038 1.972837 49.052513 
0.770038 1.590330 47.151309 
0.775038 1.131222 54.756126 
0.780039 0.617624 52.854922 
0.785039 0.074274 50.953718 
0.790039 -0.472654 50.953718 
0.795039 -0.996824 54.756126 
0.800039 -1.472957 45.250105 
0.805039 -1.878140 47.151309 
0.810040 -2.192861 49.052513 
0.815040 -2.401951 41.447697 
0.820040 -2.495339 20.534451 
0.825040 -2.468526 3.423614 
0.830041 -2.322798 -6.082407 
0.835041 -2.065176 -34.600469 
0.840041 -1.708071 -49.810102 
0.845041 -1.268702 -57.414919 
0.850041 -0.768212 -61.217327 
0.855042 -0.230706 -61.217327 
0.860042 0.317903 -61.217327 
0.865042 0.851188 -72.624552 
0.870042 1.343492 -66.920940 
0.875043 1.771068 -68.822144 
0.880043 2.113332 -65.019736 
0.885043 2.353792 -36.501673 
0.890043 2.480872 -25.094449 
0.895043 2.488457 -0.378795 
0.900043 2.376176 22.435655 
0.905043 2.149439 41.447697 
0.910043 1.819159 52.854922 
0.915043 1.401259 43.348901 
0.920044 0.915863 54.756126 
0.925044 0.386350 52.854922 
0.930044 -0.161772 50.953718 
0.935044 -0.702101 43.348901 
0.940044 -1.208612 43.348901 
0.945044 -1.656922 47.151309 
0.950045 -2.025415 45.250105 
0.955045 -2.296334 39.546493 
0.960045 -2.456638 18.633247 
0.965045 -2.498606 9.127226 
0.970045 -2.420214 -7.983611 
0.975046 -2.225241 -25.094449 
0.980059 -1.922163 -49.810102 
0.985059 -1.527145 -49.810102 
0.990067 -1.057808 -57.414919 
0.995067 -0.538188 -63.118532 
