0.000001 0.000060 3.057406 
0.005001 0.429908 -0.745002 
0.010001 0.846942 -0.745002 
0.015002 1.238827 4.958610 
0.020003 1.593726 -0.745002 
0.025003 1.901166 -2.646206 
0.030003 2.151978 4.958610 
0.035003 2.338699 10.662223 
0.040003 2.455767 23.970652 
0.045003 2.499696 29.674264 
0.050003 2.469178 37.279081 
0.055003 2.365118 48.686306 
0.060004 2.190613 50.587510 
0.065004 1.950871 58.192326 
0.070004 1.653001 58.192326 
0.075005 1.305915 61.994735 
0.080005 0.919934 58.192326 
0.085005 0.506562 61.994735 
0.090005 0.078095 63.895939 
0.095005 -0.352698 58.192326 
0.100005 -0.772986 58.192326 
0.105006 -1.170252 52.488714 
0.110006 -1.532657 50.587510 
0.115006 -1.849421 48.686306 
0.120006 -2.111107 44.883897 
0.125006 -2.309910 27.773060 
0.130007 -2.439916 8.761018 
0.135007 -2.497252 -8.349819 
0.140007 -2.480213 -33.065473 
0.145007 -2.389307 -42.571494 
0.150007 -2.227238 -53.978719 
0.155007 -1.998828 -61.583535 
0.160007 -1.710902 -69.188352 
0.165008 -1.372008 -65.385943 
0.170008 -0.992251 -69.188352 
0.175008 -0.582950 -65.385943 
0.180008 -0.156287 -69.188352 
0.185008 0.275040 -76.793168 
0.190008 0.698166 -74.891964 
0.195008 1.100500 -65.385943 
0.200008 1.470057 -69.188352 
0.205009 1.795833 -63.484739 
0.210009 2.068124 -48.275106 
0.215009 2.278821 -31.164269 
0.220009 2.421649 -19.757044 
0.225009 2.492355 4.958610 
0.230009 2.488829 27.773060 
0.235010 2.411177 42.982693 
0.240010 2.261714 42.982693 
0.245010 2.044887 46.785102 
0.250010 1.767156 48.686306 
0.255010 1.436785 42.982693 
0.260011 1.063620 50.587510 
0.265011 0.658783 56.291122 
0.270011 0.234325 60.093531 
0.275011 -0.197104 65.797143 
0.280011 -0.622679 58.192326 
0.285012 -1.029707 58.192326 
0.290012 -1.406059 52.488714 
0.295012 -1.740526 50.587510 
0.300012 -2.023157 44.883897 
0.305012 -2.245532 35.377877 
0.310012 -2.401033 20.168243 
0.315013 -2.485021 3.057406 
0.320013 -2.494997 -23.559452 
0.325013 -2.430662 -48.275106 
0.330013 -2.293933 -57.781127 
0.335013 -2.088883 -71.089556 
0.340014 -1.821617 -63.484739 
0.345014 -1.500090 -67.287148 
0.350014 -1.133883 -63.484739 
0.355014 -0.733912 -69.188352 
0.360014 -0.312099 -74.891964 
0.365015 0.119026 -67.287148 
0.370015 0.546597 -72.990760 
0.375015 0.957898 -65.385943 
0.380015 1.340668 -65.385943 
0.385015 1.683509 -69.188352 
0.390016 1.976208 -55.879923 
0.395016 2.210048 -36.867881 
0.400016 2.378063 -17.855840 
0.405016 2.475252 6.859814 
0.410022 2.498707 25.871856 
0.415022 2.447673 35.377877 
0.420022 2.323741 42.982693 
0.425022 2.130602 50.587510 
0.430022 1.874009 48.686306 
0.435022 1.561603 44.883897 
0.440023 1.202680 48.686306 
0.445023 0.807938 58.192326 
0.450023 0.389132 67.698347 
0.455023 -0.041255 60.093531 
0.460023 -0.470413 63.895939 
0.465023 -0.885562 54.389918 
0.470024 -1.274358 54.389918 
0.475024 -1.625183 56.291122 
0.480024 -1.927610 54.389918 
0.485024 -2.172618 46.785102 
0.490024 -2.352915 35.377877 
0.495024 -2.463136 8.761018 
0.500025 -2.499999 -14.053431 
0.505025 -2.462404 -36.867881 
0.510025 -2.351472 -55.879923 
0.515025 -2.170508 -63.484739 
0.520025 -1.924900 -65.385943 
0.525025 -1.621964 -59.682331 
0.530025 -1.270722 -67.287148 
0.535025 -0.881634 -65.385943 
0.540026 -0.466281 -71.089556 
0.545026 -0.037040 -72.990760 
0.550026 0.393296 -69.188352 
0.555026 0.811918 -71.089556 
0.560026 1.206360 -69.188352 
0.565026 1.564873 -65.385943 
0.570026 1.876774 -63.484739 
0.575026 2.132791 -40.670289 
0.580027 2.325283 -21.658248 
0.585027 2.448524 -10.251023 
0.590027 2.498838 12.563427 
0.595027 2.474731 33.476672 
0.600027 2.376919 41.081489 
0.605027 2.208318 42.982693 
0.610027 1.973946 48.686306 
0.615027 1.680786 50.587510 
0.620027 1.337568 42.982693 
0.625028 0.954513 44.883897 
0.630028 0.543031 54.389918 
0.635028 0.115376 60.093531 
0.640028 -0.315707 61.994735 
0.645028 -0.737396 54.389918 
0.650028 -1.137131 56.291122 
0.655028 -1.502991 50.587510 
0.660028 -1.824088 50.587510 
0.665028 -2.090855 46.785102 
0.670028 -2.295360 35.377877 
0.675029 -2.431498 23.970652 
0.680029 -2.495221 3.057406 
0.685029 -2.484627 -27.361860 
0.690029 -2.400032 -50.176310 
0.695029 -2.243958 -63.484739 
0.700029 -2.021048 -69.188352 
0.705030 -1.737945 -72.990760 
0.710030 -1.403086 -65.385943 
0.715030 -1.026439 -67.287148 
0.720030 -0.619214 -69.188352 
0.725030 -0.193564 -74.891964 
0.730030 0.237868 -69.188352 
0.735030 0.662207 -74.891964 
0.740030 1.066824 -74.891964 
0.745031 1.439668 -78.694372 
0.750031 1.769635 -57.781127 
0.755031 2.046893 -44.472698 
0.760031 2.263199 -25.460656 
0.765031 2.412097 -2.646206 
0.770031 2.489155 14.464631 
0.775031 2.492081 27.773060 
0.780031 2.420784 39.180285 
0.785031 2.277391 50.587510 
0.790032 2.066171 42.982693 
0.795032 1.793415 46.785102 
0.800032 1.467247 54.389918 
0.805032 1.097380 52.488714 
0.810032 0.694839 56.291122 
0.815032 0.271596 65.797143 
0.820032 -0.159735 63.895939 
0.825032 -0.586318 65.797143 
0.830032 -0.995430 61.994735 
0.835032 -1.374896 58.192326 
0.840033 -1.713413 48.686306 
0.845033 -2.000901 46.785102 
0.850033 -2.228797 42.982693 
0.855033 -2.390312 25.871856 
0.860033 -2.480641 12.563427 
0.865033 -2.497089 -19.757044 
0.870033 -2.439168 -44.472698 
0.875033 -2.308600 -59.682331 
0.880033 -2.109277 -69.188352 
0.885034 -1.847129 -63.484739 
0.890034 -1.529973 -57.781127 
0.895034 -1.167243 -71.089556 
0.900034 -0.769748 -65.385943 
0.905034 -0.349345 -74.891964 
0.910034 0.081480 -78.694372 
0.915034 0.509870 -71.089556 
0.920034 0.923074 -72.990760 
0.925035 1.308794 -67.287148 
0.930035 1.655534 -65.385943 
0.935035 1.952965 -50.176310 
0.940035 2.192230 -31.164269 
0.945036 2.366205 -8.349819 
0.950036 2.469701 8.761018 
0.955036 2.499641 22.069448 
0.960036 2.455129 39.180285 
0.965037 2.337491 52.488714 
0.970037 2.150239 48.686306 
0.975037 1.898949 46.785102 
0.980037 1.591096 46.785102 
0.985037 1.235854 50.587510 
0.990037 0.843812 61.994735 
0.995038 0.426631 60.093531 
