0.000000 0.000036 -6.065901 
0.005001 0.453059 5.341324 
0.010001 0.891098 -0.362288 
0.015001 1.299613 7.242528 
0.020001 1.665098 -2.263493 
0.025001 1.975455 -2.263493 
0.030001 2.220400 9.143732 
0.035002 2.391820 -0.362288 
0.040002 2.484046 12.946141 
0.045013 2.493951 31.958182 
0.050013 2.421163 43.365407 
0.055013 2.268202 52.871428 
0.060014 2.040138 58.575040 
0.065014 1.744526 62.377449 
0.070014 1.391152 64.278653 
0.075014 0.991699 66.179857 
0.080014 0.559416 66.179857 
0.085016 0.108491 54.772632 
0.090016 -0.345901 62.377449 
0.095016 -0.788850 52.871428 
0.100016 -1.205677 47.167815 
0.105017 -1.582596 52.871428 
0.110017 -1.907102 43.365407 
0.115017 -2.168452 45.266611 
0.120017 -2.358000 30.056978 
0.125018 -2.469471 16.748549 
0.130018 -2.499169 -11.769513 
0.135018 -2.446114 -42.188780 
0.140018 -2.312066 -51.694801 
0.145018 -2.101464 -53.596005 
0.150018 -1.821274 -59.299617 
0.155018 -1.480784 -68.805638 
0.160019 -1.091257 -66.904434 
0.165019 -0.665587 -68.805638 
0.170019 -0.217885 -68.805638 
0.175019 0.237030 -74.509250 
0.180019 0.684089 -76.410455 
0.185020 1.108496 -70.706842 
0.190020 1.496201 -68.805638 
0.195027 1.834792 -59.299617 
0.200027 2.112127 -40.287576 
0.205027 2.319528 -21.275534 
0.210027 2.450130 -0.362288 
0.215027 2.499602 9.143732 
0.220027 2.466308 43.365407 
0.225027 2.351352 43.365407 
0.230028 2.158541 49.069019 
0.235028 1.894259 54.772632 
0.240028 1.567256 54.772632 
0.245028 1.188360 54.772632 
0.250028 0.770107 52.871428 
0.255028 0.326364 54.772632 
0.260028 -0.128186 58.575040 
0.265028 -0.578491 50.970224 
0.270028 -1.009642 56.673836 
0.275029 -1.407363 49.069019 
0.280029 -1.758484 41.464203 
0.285029 -2.051381 39.562999 
0.290029 -2.276355 39.562999 
0.295029 -2.425954 35.760590 
0.300029 -2.495232 12.946141 
0.305029 -2.481888 -6.065901 
0.310029 -2.386370 -34.583963 
0.315029 -2.211835 -59.299617 
0.320029 -1.964059 -61.200821 
0.325030 -1.651256 -66.904434 
0.330030 -1.283778 -57.398413 
0.335030 -0.873793 -68.805638 
0.340030 -0.434866 -68.805638 
0.345031 0.018496 -72.608046 
0.350031 0.471209 -70.706842 
0.355031 0.908320 -68.805638 
0.360031 1.315347 -70.706842 
0.365044 1.679678 -66.904434 
0.370044 1.987405 -59.299617 
0.375044 2.229337 -28.880351 
0.380044 2.397449 -19.374330 
0.385044 2.486179 11.044936 
0.390046 2.492577 30.056978 
0.395053 2.416264 30.056978 
0.400053 2.259992 50.970224 
0.405054 2.028891 50.970224 
0.410054 1.730606 62.377449 
0.415067 1.374019 54.772632 
0.420067 0.972797 49.069019 
0.425067 0.539373 56.673836 
0.430067 0.088098 50.970224 
0.435067 -0.366111 54.772632 
0.440068 -0.808190 52.871428 
0.445068 -1.223508 47.167815 
0.450068 -1.598322 43.365407 
0.455068 -1.920206 45.266611 
0.460068 -2.178510 47.167815 
0.465068 -2.364681 39.562999 
0.470068 -2.472556 18.649753 
0.475072 -2.498552 3.440120 
0.480072 -2.441773 -13.670718 
0.485072 -2.304141 -38.386371 
0.490072 -2.090214 -55.497209 
0.495072 -1.807081 -61.200821 
0.500073 -1.464107 -65.003230 
0.505073 -1.072653 -59.299617 
0.510073 -0.645690 -66.904434 
0.515073 -0.197347 -68.805638 
0.520073 0.257539 -76.410455 
0.525073 0.703879 -80.212863 
0.530073 1.126931 -74.509250 
0.535073 1.512661 -74.509250 
0.540074 1.848305 -61.200821 
0.545074 2.122749 -38.386371 
0.550074 2.326908 -25.077942 
0.555074 2.454021 3.440120 
0.560074 2.499878 24.353366 
0.565086 2.462781 39.562999 
0.570086 2.344126 54.772632 
0.575086 2.147851 56.673836 
0.580086 1.880457 56.673836 
0.585086 1.550796 52.871428 
0.590087 1.169793 52.871428 
0.595087 0.750057 54.772632 
0.600087 0.305486 56.673836 
0.605087 -0.149200 58.575040 
0.610087 -0.598946 54.772632 
0.615087 -1.028852 47.167815 
0.620087 -1.424708 52.871428 
0.625087 -1.773382 54.772632 
0.630087 -2.063343 47.167815 
0.635088 -2.284982 45.266611 
0.640088 -2.430963 22.452161 
0.645088 -2.496446 9.143732 
0.650089 -2.479262 -9.868309 
0.655089 -2.379984 -30.781555 
0.660089 -2.201895 -49.793596 
0.665089 -1.950894 -65.003230 
0.670090 -1.635292 -72.608046 
0.675090 -1.265547 -63.102025 
0.680090 -0.853897 -65.003230 
0.685090 -0.413982 -74.509250 
0.690090 0.039641 -63.102025 
0.695090 0.491951 -66.904434 
0.700091 0.927989 -70.706842 
0.705091 1.333291 -74.509250 
0.710091 1.694444 -61.200821 
0.715091 1.999496 -53.596005 
0.720092 2.238333 -32.682759 
0.725092 2.403052 -11.769513 
0.730092 2.488204 14.847345 
0.735092 2.490966 28.155774 
0.740092 2.411247 43.365407 
0.745092 2.251686 49.069019 
0.750093 2.017578 47.167815 
0.755093 1.716661 49.069019 
0.760093 1.358897 56.673836 
0.765093 0.956145 56.673836 
0.770093 0.521734 56.673836 
0.775093 0.070049 58.575040 
0.780093 -0.383948 60.476244 
0.785093 -0.825257 54.772632 
0.790094 -1.239232 54.772632 
0.795094 -1.612159 50.970224 
0.800094 -1.931719 47.167815 
0.805094 -2.187316 43.365407 
0.810094 -2.370483 35.760590 
0.815094 -2.475162 20.550957 
0.820094 -2.497885 1.538916 
0.825094 -2.437901 -26.979147 
0.830094 -2.297196 -44.089984 
0.835095 -2.080429 -57.398413 
0.840095 -1.794777 -63.102025 
0.845095 -1.449698 -68.805638 
0.850095 -1.056619 -63.102025 
0.855095 -0.628562 -70.706842 
0.860095 -0.179685 -66.904434 
0.865095 0.275150 -68.805638 
0.870095 0.720866 -68.805638 
0.875095 1.142714 -78.311659 
0.880095 1.526725 -68.805638 
0.885096 1.860185 -55.497209 
0.890096 2.132052 -44.089984 
0.895096 2.333326 -17.473126 
0.900096 2.457340 3.440120 
0.905096 2.499990 20.550957 
0.910097 2.459854 43.365407 
0.915097 2.338266 50.970224 
0.920097 2.139252 50.970224 
0.925097 1.869404 54.772632 
0.930097 1.537655 52.871428 
0.935098 1.154991 54.772632 
0.940098 0.734091 52.871428 
0.945098 0.288885 54.772632 
0.950098 -0.165895 58.575040 
0.955098 -0.615174 60.476244 
0.960098 -1.044083 56.673836 
0.965099 -1.438437 52.871428 
0.970099 -1.785146 47.167815 
0.975099 -2.072753 43.365407 
0.980099 -2.291726 39.562999 
0.985099 -2.434813 22.452161 
0.990099 -2.497281 9.143732 
0.995099 -2.477060 -19.374330 
