0.000001 0.000085 4.798899 
0.005001 0.468555 -0.904714 
0.010001 0.920434 4.798899 
0.015002 1.339694 2.897695 
0.020002 1.711491 4.798899 
0.025002 2.022653 4.798899 
0.030002 2.262152 0.996491 
0.035002 2.421509 8.601307 
0.040003 2.495082 16.206124 
0.045003 2.480254 31.415757 
0.050003 2.377554 50.427798 
0.055003 2.190617 54.230207 
0.060004 1.926073 63.736228 
0.065004 1.593291 63.736228 
0.070004 1.204070 59.933819 
0.075004 0.772193 63.736228 
0.080004 0.312950 61.835023 
0.085004 -0.157390 71.341044 
0.090004 -0.622135 61.835023 
0.095005 -1.064849 63.736228 
0.100005 -1.469837 65.637432 
0.105005 -1.822744 50.427798 
0.110005 -2.111077 50.427798 
0.115005 -2.324622 39.020574 
0.120006 -2.455819 16.206124 
0.125006 -2.500000 -10.410734 
0.130006 -2.455612 -35.126388 
0.135006 -2.324230 -50.336022 
0.140006 -2.110507 -52.237226 
0.145007 -1.822002 -52.237226 
0.150007 -1.468945 -61.743246 
0.155007 -1.063851 -63.644451 
0.160007 -0.621077 -67.446859 
0.165007 -0.156299 -67.446859 
0.170007 0.314016 -61.743246 
0.175007 0.773197 -71.249267 
0.180007 1.205004 -69.348063 
0.185008 1.594105 -59.842042 
0.190008 1.926746 -50.336022 
0.195008 2.191125 -37.027592 
0.200008 2.377874 -19.916755 
0.205008 2.480382 -2.805918 
0.210008 2.495018 16.206124 
0.215008 2.421263 33.316961 
0.220008 2.261730 52.329003 
0.225009 2.022072 56.131411 
0.230009 1.710770 61.835023 
0.235009 1.338867 50.427798 
0.240009 0.919523 52.329003 
0.245009 0.467611 59.933819 
0.250009 -0.000867 59.933819 
0.255009 -0.469323 50.427798 
0.260010 -0.921144 56.131411 
0.265010 -1.340339 50.427798 
0.270010 -1.712048 50.427798 
0.275010 -2.023096 40.921778 
0.280010 -2.262473 42.822982 
0.285010 -2.421697 37.119369 
0.290010 -2.495128 23.810940 
0.295010 -2.480164 4.798899 
0.300010 -2.377335 -16.114347 
0.305011 -2.190285 -44.632409 
0.310011 -1.925646 -50.336022 
0.315018 -1.592282 -56.039634 
0.320018 -1.202922 -63.644451 
0.325018 -0.770947 -56.039634 
0.330018 -0.311650 -59.842042 
0.335018 0.158679 -65.545655 
0.340018 0.623395 -69.348063 
0.345018 1.066017 -65.545655 
0.350018 1.470866 -67.446859 
0.355019 1.823615 -59.842042 
0.360019 2.111764 -38.928797 
0.365019 2.325096 -18.015551 
0.370019 2.456055 4.798899 
0.375019 2.499999 25.712145 
0.380019 2.455375 44.724186 
0.385020 2.323764 50.427798 
0.390020 2.109824 58.032615 
0.395020 1.821144 56.131411 
0.400020 1.467938 56.131411 
0.405020 1.062725 61.835023 
0.410020 0.619871 59.933819 
0.415020 0.155067 58.032615 
0.420021 -0.315250 58.032615 
0.425021 -0.774398 67.538636 
0.430021 -1.206110 59.933819 
0.435021 -1.595092 56.131411 
0.440021 -1.927562 58.032615 
0.445021 -2.191738 46.625390 
0.450022 -2.378270 42.822982 
0.455022 -2.480542 25.712145 
0.460022 -2.494936 12.403715 
0.465022 -2.420939 -19.916755 
0.470022 -2.261176 -38.928797 
0.475022 -2.021306 -48.434817 
0.480029 -1.709388 -57.940838 
0.485029 -1.337266 -59.842042 
0.490029 -0.917770 -57.940838 
0.495029 -0.465750 -63.644451 
0.500029 0.002752 -67.446859 
0.505029 0.471166 -59.842042 
0.510029 0.922896 -71.249267 
0.515030 1.341914 -71.249267 
0.520030 1.713400 -59.842042 
0.525030 2.024192 -56.039634 
0.530030 2.263266 -31.323980 
0.535030 2.422160 -12.311939 
0.540030 2.495243 8.601307 
0.545030 2.479927 27.613349 
0.550030 2.376754 46.625390 
0.555031 2.189376 52.329003 
0.560031 1.924431 58.032615 
0.565031 1.591315 56.131411 
0.570031 1.201831 56.131411 
0.575031 0.769727 59.933819 
0.580032 0.310378 58.032615 
0.585032 -0.159958 61.835023 
0.590032 -0.624636 59.933819 
0.595032 -1.067176 58.032615 
0.600032 -1.471910 59.933819 
0.605032 -1.824498 50.427798 
0.610032 -2.112449 42.822982 
0.615032 -2.325564 44.724186 
0.620033 -2.456290 27.613349 
0.625033 -2.499998 4.798899 
0.630033 -2.455137 -6.608326 
0.635044 -2.322901 -38.928797 
0.640044 -2.108580 -52.237226 
0.645045 -1.819548 -63.644451 
0.650045 -1.466060 -57.940838 
0.655045 -1.060626 -69.348063 
0.660045 -0.617625 -63.644451 
0.665045 -0.152743 -65.545655 
0.670045 0.317550 -65.545655 
0.675045 0.776593 -71.249267 
0.680045 1.208124 -69.348063 
0.685046 1.596862 -59.842042 
0.690046 1.929026 -50.336022 
0.695046 2.192847 -38.928797 
0.700046 2.378983 -14.213143 
0.705046 2.480830 6.700103 
0.710046 2.494788 29.514553 
0.715046 2.420364 35.218165 
0.720047 2.260198 50.427798 
0.725047 2.019952 48.526594 
0.730047 1.708143 54.230207 
0.735047 1.335817 52.329003 
0.740047 0.916165 59.933819 
0.745047 0.464064 56.131411 
0.750047 -0.004477 65.637432 
0.755048 -0.472869 61.835023 
0.760048 -0.924507 63.736228 
0.765048 -1.343384 52.329003 
0.770048 -1.714670 50.427798 
0.775048 -2.025209 46.625390 
0.780048 -2.264002 52.329003 
0.785048 -2.422591 33.316961 
0.790049 -2.495350 21.909736 
0.795049 -2.479706 0.996491 
0.800049 -2.376210 -21.817959 
0.805049 -2.188534 -44.632409 
0.810049 -1.923324 -52.237226 
0.815049 -1.589970 -61.743246 
0.820050 -1.200286 -65.545655 
0.825050 -0.768077 -59.842042 
0.830050 -0.308676 -71.249267 
0.835050 0.161679 -71.249267 
0.840050 0.626288 -61.743246 
0.845050 1.068719 -67.446859 
0.850050 1.473288 -67.446859 
0.855050 1.825657 -57.940838 
0.860050 2.113361 -37.027592 
0.865051 2.326193 -25.620368 
0.870051 2.456609 4.798899 
0.875051 2.499995 27.613349 
0.880051 2.454813 39.020574 
0.885051 2.322664 42.822982 
0.890051 2.108230 52.329003 
0.895051 1.819102 52.329003 
0.900052 1.465534 52.329003 
0.905052 1.060046 59.933819 
0.910052 0.617004 50.427798 
0.915052 0.152094 61.835023 
0.920052 -0.318195 65.637432 
0.925052 -0.777211 61.835023 
0.930052 -1.208685 59.933819 
0.935052 -1.597348 56.131411 
0.940052 -1.929427 54.230207 
0.945052 -2.193142 48.526594 
0.950053 -2.379166 40.921778 
0.955053 -2.480903 29.514553 
0.960053 -2.494750 2.897695 
0.965053 -2.420216 -10.410734 
0.970053 -2.259936 -33.225184 
0.975053 -2.019591 -52.237226 
0.980053 -1.707702 -56.039634 
0.985053 -1.335323 -67.446859 
0.990053 -0.915639 -59.842042 
0.995054 -0.463499 -63.644451 
