0.000002 0.000171 3.081853 
0.005002 0.530227 1.180649 
0.010002 1.036163 6.884261 
0.015003 1.494985 10.686669 
0.020003 1.885839 6.884261 
0.025003 2.190936 12.587873 
0.030004 2.396414 25.896302 
0.035004 2.492927 31.599915 
0.040004 2.476098 43.007140 
0.045004 2.346691 44.908344 
0.050004 2.110591 60.117977 
0.055004 1.778531 52.513161 
0.060004 1.365601 60.117977 
0.065004 0.890581 62.019181 
0.070005 0.375078 63.920386 
0.075005 -0.157488 58.216773 
0.080005 -0.682883 67.722794 
0.085005 -1.177250 63.920386 
0.090005 -1.618071 58.216773 
0.095005 -1.985327 60.117977 
0.100005 -2.262318 46.809548 
0.105006 -2.436451 31.599915 
0.110006 -2.499810 12.587873 
0.115019 -2.449232 1.180649 
0.120019 -2.287280 -25.436210 
0.125019 -2.021336 -42.547047 
0.130019 -1.663499 -46.349455 
0.135019 -1.230005 -55.855476 
0.140020 -0.740584 -59.657884 
0.145020 -0.217489 -61.559088 
0.150020 0.315474 -61.559088 
0.155020 0.834093 -61.559088 
0.160021 1.314799 -63.460293 
0.165021 1.735725 -71.065109 
0.170021 2.077732 -53.954272 
0.175021 2.325270 -38.744639 
0.180021 2.467084 -23.535005 
0.185022 2.496726 -6.424168 
0.190022 2.412848 23.995098 
0.195022 2.219265 39.204732 
0.200022 1.924784 48.710752 
0.205022 1.542792 58.216773 
0.210022 1.090647 48.710752 
0.215022 0.588912 60.117977 
0.220023 0.060412 54.414365 
0.225023 -0.470845 52.513161 
0.230023 -0.980694 52.513161 
0.235023 -1.445963 52.513161 
0.240024 -1.845484 44.908344 
0.245024 -2.161088 54.414365 
0.250024 -2.378429 39.204732 
0.255024 -2.487635 31.599915 
0.260024 -2.483733 12.587873 
0.265025 -2.366901 -8.325372 
0.270025 -2.142447 -21.633801 
0.275025 -1.820585 -46.349455 
0.280025 -1.415946 -52.053068 
0.285025 -0.946927 -57.756680 
0.290026 -0.434855 -61.559088 
0.295026 0.096990 -61.559088 
0.300026 0.624425 -59.657884 
0.305026 1.123478 -59.657884 
0.310026 1.571431 -67.262701 
0.315027 1.947938 -53.954272 
0.320027 2.235890 -33.041026 
0.325027 2.422174 -23.535005 
0.330027 2.498331 3.081853 
0.335027 2.460901 23.995098 
0.340027 2.311584 44.908344 
0.345027 2.057170 52.513161 
0.350028 1.709210 54.414365 
0.355028 1.283542 52.513161 
0.360028 0.799506 52.513161 
0.365028 0.279127 60.117977 
0.370029 -0.253944 58.216773 
0.375029 -0.775457 52.513161 
0.380029 -1.261715 50.611956 
0.385029 -1.690623 52.513161 
0.390029 -2.042660 50.611956 
0.395030 -2.301815 41.105936 
0.400030 -2.456311 33.501119 
0.405030 -2.499128 14.489078 
0.410030 -2.428319 3.081853 
0.415030 -2.247101 -19.732597 
0.420031 -1.963693 -46.349455 
0.425031 -1.591015 -50.151864 
0.430031 -1.145998 -59.657884 
0.435032 -0.648762 -55.855476 
0.440032 -0.122144 -59.657884 
0.445032 0.410018 -61.559088 
0.450033 0.923558 -65.361497 
0.455033 1.395098 -65.361497 
0.460033 1.803208 -59.657884 
0.465033 2.129341 -59.657884 
0.470034 2.358665 -36.843435 
0.475034 2.480737 -17.831393 
0.480034 2.490011 10.686669 
0.485034 2.386071 27.797507 
0.490035 2.173636 44.908344 
0.495035 1.862375 56.315569 
0.500035 1.466437 46.809548 
0.505035 1.003824 50.611956 
0.510035 0.495559 52.513161 
0.515036 -0.035239 52.513161 
0.520036 -0.564455 48.710752 
0.525036 -1.067975 43.007140 
0.530037 -1.522945 52.513161 
0.535037 -1.908661 46.809548 
0.540037 -2.207601 43.007140 
0.545038 -2.406159 33.501119 
0.550038 -2.495316 14.489078 
0.555038 -2.471020 -2.621760 
0.560038 -2.334376 -21.633801 
0.565038 -2.091600 -44.448251 
0.570038 -1.753727 -48.250659 
0.575038 -1.336120 -61.559088 
0.580038 -0.857766 -59.657884 
0.585038 -0.340402 -63.460293 
0.590039 0.192428 -63.460293 
0.595039 0.716520 -65.361497 
0.600039 1.208052 -67.262701 
0.605039 1.644636 -59.657884 
0.610040 2.006450 -50.151864 
0.615040 2.277028 -31.139822 
0.620040 2.444075 -17.831393 
0.625040 2.499996 10.686669 
0.630045 2.442149 33.501119 
0.635045 2.273269 44.908344 
0.640045 2.001027 52.513161 
0.645045 1.637804 48.710752 
0.650046 1.200104 54.414365 
0.655046 0.707847 54.414365 
0.660046 0.183396 48.710752 
0.665046 -0.349373 48.710752 
0.670046 -0.866258 58.216773 
0.675046 -1.343758 58.216773 
0.680047 -1.760163 52.513161 
0.685047 -2.096553 52.513161 
0.690047 -2.337622 41.105936 
0.695048 -2.472391 33.501119 
0.700048 -2.494739 20.192690 
0.705048 -2.403653 1.180649 
0.710049 -2.203280 -10.226576 
0.715049 -1.902729 -46.349455 
0.720049 -1.515667 -57.756680 
0.725060 -1.058636 -57.756680 
0.730060 -0.554398 -65.361497 
0.735060 -0.024953 -57.756680 
0.740061 0.505616 -57.756680 
0.745061 1.013197 -63.460293 
0.750061 1.474729 -65.361497 
0.755061 1.869193 -59.657884 
0.760061 2.178668 -48.250659 
0.765061 2.389098 -19.732597 
0.770061 2.490902 -8.325372 
0.775061 2.479456 20.192690 
0.780061 2.355282 35.402323 
0.785062 2.124018 50.611956 
0.790062 1.796187 56.315569 
0.795062 1.386692 58.216773 
0.800062 0.914151 58.216773 
0.805062 0.400047 56.315569 
0.810062 -0.132246 50.611956 
0.815062 -0.658526 50.611956 
0.820062 -1.154875 62.019181 
0.825063 -1.598715 52.513161 
0.830066 -1.970089 50.611956 
0.835066 -2.251604 43.007140 
0.840067 -2.430752 25.896302 
0.845067 -2.499380 20.192690 
0.850067 -2.454367 -0.720556 
0.855067 -2.297757 -15.930189 
0.860068 -2.036675 -40.645843 
0.865068 -1.682984 -55.855476 
0.870068 -1.252778 -57.756680 
0.875068 -0.765621 -61.559088 
0.880068 -0.243645 -61.559088 
0.885069 0.289410 -61.559088 
0.890069 0.809305 -63.460293 
0.895069 1.292395 -69.163905 
0.900069 1.716725 -61.559088 
0.905069 2.063003 -57.756680 
0.910069 2.315486 -34.942230 
0.915069 2.462694 -17.831393 
0.920069 2.497934 3.081853 
0.925069 2.419601 27.797507 
0.930070 2.231255 44.908344 
0.935070 1.941461 52.513161 
0.940070 1.563401 46.809548 
0.945070 1.114260 52.513161 
0.950070 0.614470 52.513161 
0.955070 0.086732 52.513161 
0.960070 -0.444949 52.513161 
0.965071 -0.956419 52.513161 
0.970071 -1.424394 54.414365 
0.975071 -1.827605 52.513161 
0.980071 -2.147714 50.611956 
0.985071 -2.370176 41.105936 
0.990071 -2.484877 37.303527 
0.995072 -2.486598 10.686669 
