0.000000 0.000037 -1.692581 
0.005001 0.460791 4.011031 
0.010001 0.905749 -5.494990 
0.015001 1.319677 -5.494990 
0.020001 1.688394 0.208623 
0.025001 1.999267 7.813440 
0.030001 2.241648 9.714644 
0.035001 2.407231 28.726685 
0.040001 2.490345 28.726685 
0.045001 2.488141 45.837523 
0.050001 2.400695 53.442339 
0.055002 2.231004 47.738727 
0.060002 1.984875 61.047156 
0.065002 1.670735 53.442339 
0.070002 1.299361 66.750768 
0.075003 0.883462 64.849564 
0.080003 0.437293 61.047156 
0.085003 -0.023849 61.047156 
0.090003 -0.484165 55.343543 
0.095003 -0.927902 51.541135 
0.100004 -1.339849 49.639931 
0.105004 -1.705891 51.541135 
0.110004 -2.013500 47.738727 
0.115004 -2.252108 42.035114 
0.120004 -2.413560 28.726685 
0.125005 -2.492327 7.813440 
0.130005 -2.485705 -18.803419 
0.135005 -2.393923 -41.617868 
0.140005 -2.220124 -47.321481 
0.145005 -1.970273 -64.432318 
0.150005 -1.652911 -68.234726 
0.155005 -1.278928 -62.531114 
0.160005 -0.861129 -68.234726 
0.165006 -0.413828 -72.037135 
0.170006 0.047649 -72.037135 
0.175006 0.507495 -79.641951 
0.180006 0.949954 -75.839543 
0.185006 1.359876 -73.938339 
0.190006 1.723201 -60.629910 
0.195006 2.027496 -39.716664 
0.200007 2.262328 -22.605827 
0.205007 2.419651 -13.099806 
0.210007 2.494076 15.418256 
0.215007 2.483052 36.331502 
0.220007 2.386960 43.936318 
0.225008 2.209084 49.639931 
0.230008 1.955504 51.541135 
0.235008 1.634951 55.343543 
0.240008 1.258385 49.639931 
0.245009 0.838700 53.442339 
0.250009 0.390281 57.244747 
0.255009 -0.071492 55.343543 
0.260009 -0.530833 55.343543 
0.265009 -0.971979 53.442339 
0.270009 -1.379826 49.639931 
0.275009 -1.740401 53.442339 
0.280009 -2.041351 40.133910 
0.285010 -2.272370 45.837523 
0.290010 -2.425537 24.924277 
0.295010 -2.495603 13.517052 
0.300010 -2.480169 -16.902214 
0.305010 -2.379767 -37.815460 
0.310010 -2.197836 -56.827502 
0.315010 -1.940609 -66.333522 
0.320022 -1.616078 -72.037135 
0.325022 -1.236859 -68.234726 
0.330022 -0.815258 -62.531114 
0.335022 -0.365735 -70.135931 
0.340023 0.096318 -68.234726 
0.345023 0.555108 -73.938339 
0.350024 0.994877 -68.234726 
0.355024 1.400533 -72.037135 
0.360024 1.758213 -64.432318 
0.365024 2.055649 -45.420277 
0.370024 2.282652 -26.408235 
0.375025 2.431454 0.208623 
0.380025 2.496956 17.319460 
0.385025 2.476908 34.430298 
0.390026 2.371992 47.738727 
0.395026 2.185813 53.442339 
0.400026 1.924746 53.442339 
0.405026 1.597737 59.145952 
0.410026 1.215988 49.639931 
0.415027 0.792535 49.639931 
0.420028 0.341951 53.442339 
0.425028 -0.120367 51.541135 
0.430029 -0.578553 55.343543 
0.435029 -1.016888 57.244747 
0.440029 -1.420393 47.738727 
0.445029 -1.775218 47.738727 
0.450029 -2.069227 43.936318 
0.455029 -2.292345 40.133910 
0.460030 -2.436931 21.121869 
0.465030 -2.498027 5.912235 
0.470030 -2.473540 -16.902214 
0.475030 -2.364311 -39.716664 
0.480030 -2.174084 -56.827502 
0.485030 -1.909367 -64.432318 
0.490031 -1.579235 -70.135931 
0.495031 -1.194989 -60.629910 
0.500031 -0.769801 -70.135931 
0.505031 -0.318256 -70.135931 
0.510032 0.144229 -68.234726 
0.515032 0.601764 -73.938339 
0.520032 1.038671 -72.037135 
0.525033 1.439984 -75.839543 
0.530033 1.791962 -56.827502 
0.535033 2.082547 -45.420277 
0.540033 2.301778 -22.605827 
0.545033 2.442153 -1.692581 
0.550033 2.498862 17.319460 
0.555034 2.469951 36.331502 
0.560035 2.356407 43.936318 
0.565035 2.162127 49.639931 
0.570035 1.893777 45.837523 
0.575035 1.560545 53.442339 
0.580036 1.173840 49.639931 
0.585036 0.746890 59.145952 
0.590037 0.294356 57.244747 
0.595037 -0.168235 53.442339 
0.600037 -0.625072 59.145952 
0.605037 -1.060485 55.343543 
0.610038 -1.459557 55.343543 
0.615038 -1.808657 49.639931 
0.620039 -2.095773 47.738727 
0.625039 -2.311073 38.232706 
0.630039 -2.447194 23.023073 
0.635039 -2.499473 4.011031 
0.640040 -2.466117 -13.099806 
0.645040 -2.348273 -37.815460 
0.650040 -2.149980 -53.025093 
0.655040 -1.878005 -64.432318 
0.660041 -1.541681 -64.432318 
0.665041 -1.152541 -62.531114 
0.670041 -0.723919 -75.839543 
0.675042 -0.270503 -66.333522 
0.680042 0.192170 -72.037135 
0.685042 0.648261 -72.037135 
0.690042 1.082142 -72.037135 
0.695042 1.478957 -77.740747 
0.700042 1.825097 -58.728706 
0.705043 2.108734 -43.519073 
0.710043 2.320107 -20.704623 
0.715043 2.451982 4.011031 
0.720044 2.499850 17.319460 
0.725044 2.462069 34.430298 
0.730044 2.339936 47.738727 
0.735044 2.137640 49.639931 
0.740044 1.862110 57.244747 
0.745045 1.522786 47.738727 
0.750045 1.131284 51.541135 
0.755045 0.701032 51.541135 
0.760045 0.246773 55.343543 
0.765045 -0.215958 61.047156 
0.770045 -0.671282 57.244747 
0.775045 -1.103608 55.343543 
0.780045 -1.498126 45.837523 
0.785046 -1.841356 51.541135 
0.790047 -2.121478 45.837523 
0.795047 -2.328898 34.430298 
0.800047 -2.456532 23.023073 
0.805047 -2.499998 4.011031 
0.810048 -2.457812 -15.001010 
0.815048 -2.331419 -37.815460 
0.820048 -2.125156 -49.222685 
0.825048 -1.846068 -64.432318 
0.830049 -1.503728 -66.333522 
0.835049 -1.109882 -62.531114 
0.840049 -0.678001 -64.432318 
0.845049 -0.222891 -64.432318 
0.850050 0.239847 -72.037135 
0.855050 0.694358 -72.037135 
0.860050 1.125081 -70.135931 
0.865050 1.517253 -68.234726 
0.870050 1.857453 -58.728706 
0.875050 2.134018 -37.815460 
0.880050 2.337476 -22.605827 
0.885050 2.460852 -13.099806 
0.890051 2.499917 15.418256 
0.895051 2.453339 42.035114 
0.900051 2.322707 53.442339 
0.905051 2.112504 47.738727 
0.910051 1.829928 57.244747 
0.915051 1.484652 59.145952 
0.920051 1.088511 59.145952 
0.925051 0.655087 53.442339 
0.930051 0.199219 53.442339 
0.935052 -0.263538 51.541135 
0.940053 -0.717228 53.442339 
0.945053 -1.146336 53.442339 
0.950053 -1.536175 51.541135 
0.955053 -1.873361 47.738727 
0.960054 -2.146368 40.133910 
0.965054 -2.345841 43.936318 
0.970054 -2.464948 19.220664 
0.975054 -2.499608 2.109827 
0.980054 -2.448633 -15.001010 
0.985054 -2.313770 -49.222685 
0.990054 -2.099639 -56.827502 
0.995054 -1.813576 -62.531114 
