0.000001 0.000053 -2.631062 
0.005001 0.522401 -6.433470 
0.010001 1.021690 -2.631062 
0.015001 1.475878 1.171346 
0.020001 1.864916 3.072550 
0.025001 2.171631 6.874959 
0.030001 2.382490 20.183388 
0.035002 2.488169 22.084592 
0.040002 2.484009 37.294225 
0.045002 2.370198 42.997837 
0.050002 2.151759 52.503858 
0.055002 1.838327 54.405062 
0.060002 1.443743 52.503858 
0.065002 0.985434 60.108675 
0.070002 0.483626 54.405062 
0.075003 -0.039542 54.405062 
0.080003 -0.560954 58.207471 
0.085003 -1.057604 56.306267 
0.090003 -1.507576 48.701450 
0.095003 -1.891003 46.800246 
0.100004 -2.190944 41.096633 
0.105004 -2.394166 25.887000 
0.110004 -2.491698 14.479775 
0.115004 -2.479235 -6.433470 
0.120004 -2.357329 -25.445512 
0.125004 -2.131364 -50.161166 
0.130004 -1.811314 -52.062370 
0.135004 -1.411306 -67.272003 
0.140005 -0.949000 -71.074412 
0.145005 -0.444801 -65.370799 
0.150005 0.079032 -67.272003 
0.155005 0.599387 -74.876820 
0.160005 1.093282 -78.679228 
0.165005 1.538914 -71.074412 
0.170006 1.916604 -59.667187 
0.175006 2.209690 -38.753941 
0.180006 2.405233 -27.346716 
0.185006 2.494602 4.973754 
0.190006 2.473849 18.282184 
0.195006 2.343889 33.491817 
0.200006 2.110459 50.602654 
0.205007 1.783870 42.997837 
0.210007 1.378535 48.701450 
0.215007 0.912348 50.602654 
0.220007 0.405876 42.997837 
0.225007 -0.118502 42.997837 
0.230007 -0.637649 48.701450 
0.235007 -1.128658 39.195429 
0.240007 -1.569835 41.096633 
0.245040 -1.943833 37.294225 
0.250040 -2.229405 27.788204 
0.255040 -2.416567 31.590613 
0.260040 -2.497050 8.776163 
0.265040 -2.467305 1.171346 
0.270040 -2.328646 -17.840695 
0.275040 -2.087193 -42.556349 
0.280040 -1.753597 -63.469595 
0.285041 -1.342580 -59.667187 
0.290041 -0.872313 -69.173207 
0.295041 -0.363529 -69.173207 
0.300041 0.161304 -63.469595 
0.305041 0.679005 -74.876820 
0.310041 1.166733 -65.370799 
0.315042 1.602958 -74.876820 
0.320042 1.968430 -59.667187 
0.325042 2.247005 -48.259962 
0.330042 2.426388 -23.544308 
0.335042 2.498657 -0.729858 
0.340042 2.460628 12.578571 
0.345042 2.313979 39.195429 
0.350043 2.065178 44.899042 
0.355043 1.725210 54.405062 
0.360043 1.309092 50.602654 
0.365043 0.835187 44.899042 
0.370043 0.324403 46.800246 
0.375043 -0.200690 48.701450 
0.380043 -0.716925 48.701450 
0.385044 -1.201512 46.800246 
0.390044 -1.633061 39.195429 
0.395044 -1.992522 42.997837 
0.400044 -2.264026 29.689408 
0.405044 -2.435590 29.689408 
0.410044 -2.499639 8.776163 
0.415044 -2.453342 3.072550 
0.420044 -2.298747 -19.741900 
0.425045 -2.042672 -42.556349 
0.430045 -1.696431 -61.568391 
0.435045 -1.275304 -57.765983 
0.440059 -0.796516 -67.272003 
0.445059 -0.283785 -71.074412 
0.450059 0.241452 -71.074412 
0.455059 0.756041 -74.876820 
0.460059 1.237245 -71.074412 
0.465059 1.663826 -72.975616 
0.470060 2.016982 -67.272003 
0.475060 2.281087 -38.753941 
0.480060 2.444495 -27.346716 
0.485060 2.500000 -0.729858 
0.490060 2.445147 23.985796 
0.495060 2.282353 42.997837 
0.500060 2.018806 52.503858 
0.505061 1.666138 48.701450 
0.510061 1.239920 42.997837 
0.515061 0.758975 56.306267 
0.520061 0.244527 42.997837 
0.525061 -0.280705 46.800246 
0.530061 -0.793567 48.701450 
0.535061 -1.271387 48.701450 
0.540061 -1.693084 41.096633 
0.545062 -2.040050 42.997837 
0.550062 -2.296958 33.491817 
0.555062 -2.452467 25.887000 
0.560062 -2.499712 14.479775 
0.565062 -2.436615 -10.235879 
0.570062 -2.265949 -19.741900 
0.575063 -1.995255 -44.457553 
0.580063 -1.636490 -53.963574 
0.585063 -1.205484 -67.272003 
0.590063 -0.721255 -67.272003 
0.595063 -0.205207 -61.568391 
0.600063 0.319920 -63.469595 
0.605063 0.830925 -69.173207 
0.610064 1.305275 -69.173207 
0.615064 1.721989 -72.975616 
0.620065 2.062675 -61.568391 
0.625065 2.312296 -42.556349 
0.630065 2.459842 -23.544308 
0.635065 2.498798 -6.433470 
0.640065 2.427450 23.985796 
0.645065 2.248947 39.195429 
0.650065 1.971168 46.800246 
0.655066 1.606368 39.195429 
0.660066 1.170655 50.602654 
0.665066 0.683243 50.602654 
0.670066 0.165699 48.701450 
0.675067 -0.359201 46.800246 
0.680067 -0.868233 48.701450 
0.685068 -1.338951 48.701450 
0.690068 -1.750523 46.800246 
0.695068 -2.084817 35.393021 
0.700068 -2.327074 31.590613 
0.705068 -2.466608 29.689408 
0.710069 -2.497255 12.578571 
0.715069 -2.417663 -8.334675 
0.720069 -2.231343 -23.544308 
0.725069 -1.946521 -46.358758 
0.730069 -1.575770 -61.568391 
0.735070 -1.135457 -59.667187 
0.740070 -0.645030 -71.074412 
0.745070 -0.126118 -67.272003 
0.750070 0.398361 -67.272003 
0.755070 0.905244 -69.173207 
0.760070 1.372168 -71.074412 
0.765070 1.778519 -71.074412 
0.770071 2.106367 -57.765983 
0.775071 2.341230 -42.556349 
0.780071 2.472738 -19.741900 
0.785071 2.495091 -2.631062 
0.790076 2.407156 18.282184 
0.795076 2.212991 42.997837 
0.800077 1.921141 41.096633 
0.805077 1.544477 50.602654 
0.810077 1.099652 50.602654 
0.815077 0.606276 46.800246 
0.820077 0.086138 48.701450 
0.825077 -0.437814 52.503858 
0.830077 -0.942428 41.096633 
0.835077 -1.405441 46.800246 
0.840077 -1.806406 50.602654 
0.845078 -2.127645 42.997837 
0.850078 -2.354959 39.195429 
0.855078 -2.478314 31.590613 
0.860078 -2.492265 6.874959 
0.865078 -2.396197 -6.433470 
0.870078 -2.194354 -25.445512 
0.875078 -1.895646 -42.556349 
0.880082 -1.512965 -53.963574 
0.885082 -1.063727 -69.173207 
0.890083 -0.567511 -59.667187 
0.895083 -0.046261 -71.074412 
0.900083 0.477031 -71.074412 
0.905083 0.979255 -65.370799 
0.910083 1.438251 -67.272003 
0.915083 1.833752 -65.370799 
0.920083 2.148313 -59.667187 
0.925083 2.368042 -40.655145 
0.930084 2.483238 -17.840695 
0.935084 2.488815 -0.729858 
0.940084 2.384527 29.689408 
0.945084 2.174978 39.195429 
0.950084 1.869420 46.800246 
0.955084 1.481339 50.602654 
0.960084 1.027868 52.503858 
0.965084 0.529023 54.405062 
0.970087 0.006552 52.503858 
0.975087 -0.515951 50.602654 
0.980087 -1.015668 46.800246 
0.985087 -1.470550 48.701450 
0.990088 -1.860518 44.899042 
0.995095 -2.168760 41.096633 
