0.000001 0.000049 4.878771 
0.005001 0.491645 4.878771 
0.010001 0.964042 -0.824842 
0.015001 1.398804 -6.528454 
0.020001 1.778937 1.076363 
0.025002 2.089605 -0.824842 
0.030014 2.319134 6.779975 
0.035014 2.457440 1.076363 
0.040015 2.499784 10.582383 
0.045015 2.444515 18.187200 
0.050015 2.293793 39.100446 
0.055015 2.053503 56.211283 
0.060016 1.733021 60.013691 
0.065016 1.344874 60.013691 
0.070016 0.904222 50.507670 
0.075016 0.428253 50.507670 
0.080016 -0.064438 63.816100 
0.085016 -0.554613 52.408875 
0.090017 -1.023131 63.816100 
0.095017 -1.451698 54.310079 
0.100017 -1.823580 50.507670 
0.105017 -2.124259 54.310079 
0.110017 -2.341978 39.100446 
0.115018 -2.468257 18.187200 
0.120018 -2.498157 -4.627250 
0.125018 -2.430508 -23.639291 
0.130018 -2.267954 -42.651333 
0.135018 -2.016835 -55.959762 
0.140019 -1.686974 -61.663374 
0.145019 -1.291243 -61.663374 
0.150019 -0.845085 -65.465783 
0.155019 -0.365928 -73.070599 
0.160019 0.127508 -69.268191 
0.165020 0.615994 -67.366987 
0.170020 1.080407 -69.268191 
0.175020 1.502649 -74.971804 
0.180020 1.866203 -59.762170 
0.185021 2.156874 -44.552537 
0.190021 2.363327 -23.639291 
0.195021 2.477501 1.076363 
0.200021 2.494935 27.693221 
0.205021 2.414949 42.902854 
0.210021 2.240664 50.507670 
0.215022 1.978886 44.804058 
0.220022 1.639837 56.211283 
0.225022 1.236755 54.310079 
0.230022 0.785381 50.507670 
0.235022 0.303349 48.606466 
0.240022 -0.190527 52.408875 
0.245022 -0.676964 48.606466 
0.250023 -1.136969 58.112487 
0.255023 -1.552594 46.705262 
0.260023 -1.907585 46.705262 
0.265024 -2.188103 42.902854 
0.270024 -2.383161 37.199241 
0.275024 -2.485162 25.792017 
0.280024 -2.490122 1.076363 
0.285024 -2.397846 -16.034475 
0.290025 -2.211945 -36.947720 
0.295025 -1.939669 -57.860966 
0.300025 -1.591645 -61.663374 
0.305025 -1.181486 -69.268191 
0.310025 -0.725195 -59.762170 
0.315026 -0.240577 -71.169395 
0.320026 0.253435 -67.366987 
0.325026 0.737541 -69.268191 
0.330026 1.192849 -73.070599 
0.335026 1.601580 -69.268191 
0.340026 1.947795 -65.465783 
0.345027 2.217937 -38.848925 
0.350027 2.401476 -19.836883 
0.355027 2.491237 -4.627250 
0.360028 2.483717 33.396833 
0.365028 2.379207 37.199241 
0.370028 2.181795 48.606466 
0.375029 1.899182 54.310079 
0.380029 1.542415 56.211283 
0.385029 1.125429 56.211283 
0.390029 0.664489 54.310079 
0.395029 0.177602 52.408875 
0.400029 -0.316219 52.408875 
0.405030 -0.797693 54.310079 
0.410030 -1.248027 52.408875 
0.415030 -1.649627 44.804058 
0.420030 -1.986809 46.705262 
0.425031 -2.246400 39.100446 
0.430031 -2.418276 25.792017 
0.435031 -2.495730 14.384792 
0.440031 -2.475725 -0.824842 
0.445031 -2.359049 -21.738087 
0.450032 -2.150256 -44.552537 
0.455032 -1.857495 -52.157354 
0.460032 -1.492207 -55.959762 
0.465032 -1.068652 -69.268191 
0.470033 -0.603368 -59.762170 
0.475033 -0.114524 -65.465783 
0.480033 0.378782 -74.971804 
0.485033 0.857299 -67.366987 
0.490033 1.302349 -69.268191 
0.495034 1.696553 -71.169395 
0.500034 2.024507 -65.465783 
0.505034 2.273401 -38.848925 
0.510034 2.433524 -19.836883 
0.515034 2.498623 -0.824842 
0.520034 2.466159 29.594425 
0.525035 2.337398 39.100446 
0.530035 2.117361 46.705262 
0.535035 1.814649 50.507670 
0.540035 1.441071 52.408875 
0.545035 1.011238 60.013691 
0.550036 0.541919 50.507670 
0.555036 0.051441 52.408875 
0.560036 -0.441045 56.211283 
0.565036 -0.916320 52.408875 
0.570036 -1.355823 54.310079 
0.575037 -1.742374 48.606466 
0.580037 -2.060895 52.408875 
0.585037 -2.298936 37.199241 
0.590037 -2.447205 25.792017 
0.595037 -2.499921 14.384792 
0.600038 -2.455020 -6.528454 
0.605038 -2.314256 -19.836883 
0.610038 -2.083130 -54.058558 
0.615038 -1.770666 -54.058558 
0.620038 -1.389064 -65.465783 
0.625038 -0.953224 -67.366987 
0.630038 -0.480155 -63.564579 
0.635039 0.011664 -69.268191 
0.640039 0.503027 -67.366987 
0.645039 0.974739 -69.268191 
0.650039 1.408399 -67.366987 
0.655039 1.787064 -59.762170 
0.660040 2.095953 -44.552537 
0.665040 2.322993 -25.540496 
0.670040 2.459325 -6.528454 
0.675040 2.499626 21.989608 
0.680040 2.442324 42.902854 
0.685040 2.289658 44.804058 
0.690040 2.047583 58.112487 
0.695041 1.725562 46.705262 
0.700041 1.336148 54.310079 
0.705041 0.894576 54.310079 
0.710041 0.418064 54.310079 
0.715041 -0.074772 48.606466 
0.720042 -0.564678 56.211283 
0.725042 -1.032555 54.310079 
0.730043 -1.460198 44.804058 
0.735043 -1.830710 46.705262 
0.740043 -2.129744 41.001650 
0.745044 -2.345616 42.902854 
0.750044 -2.469898 16.285996 
0.755044 -2.497733 8.681179 
0.760044 -2.428039 -6.528454 
0.765044 -2.263539 -31.244108 
0.770044 -2.010656 -52.157354 
0.775045 -1.679264 -59.762170 
0.780045 -1.282304 -71.169395 
0.785045 -0.835255 -67.366987 
0.790045 -0.355600 -67.366987 
0.795045 0.137940 -74.971804 
0.800046 0.626095 -71.169395 
0.805046 1.089801 -73.070599 
0.810046 1.510945 -71.169395 
0.815046 1.873093 -59.762170 
0.820046 2.162107 -40.750129 
0.825046 2.366697 -21.738087 
0.830046 2.478870 1.076363 
0.835047 2.494253 16.285996 
0.840047 2.412242 44.804058 
0.845047 2.236038 46.705262 
0.850047 1.972521 52.408875 
0.855047 1.631982 54.310079 
0.860048 1.227717 52.408875 
0.865048 0.775494 52.408875 
0.870048 0.293006 52.408875 
0.875048 -0.200922 58.112487 
0.880058 -0.687947 46.705262 
0.885059 -1.147124 50.507670 
0.890059 -1.561510 54.310079 
0.895059 -1.914925 48.606466 
0.900059 -2.193569 42.902854 
0.905059 -2.386562 35.298037 
0.910059 -2.486369 23.890812 
0.915059 -2.489090 -4.627250 
0.920060 -2.394617 -14.133271 
0.925060 -2.206643 -48.354945 
0.930060 -1.932503 -50.256150 
0.935060 -1.582902 -61.663374 
0.940060 -1.171483 -69.268191 
0.945061 -0.714299 -59.762170 
0.950061 -0.229250 -67.366987 
0.955061 0.264750 -69.268191 
0.960061 0.748404 -69.268191 
0.965061 1.202835 -71.169395 
0.970062 1.610299 -65.465783 
0.975062 1.954888 -63.564579 
0.980062 2.223141 -33.145312 
0.985062 2.404597 -21.738087 
0.990062 2.492157 4.878771 
0.995062 2.482409 29.594425 
