0.000001 0.000042 3.846079 
0.005001 0.422142 0.043671 
0.010001 0.832113 0.043671 
0.015001 1.218199 -3.758738 
0.020001 1.569301 9.549691 
0.025001 1.875356 13.352100 
0.030001 2.127553 15.253304 
0.035002 2.318664 20.956916 
0.040002 2.443203 30.462937 
0.045002 2.497591 38.067754 
0.050002 2.480261 47.573774 
0.055003 2.391716 55.178591 
0.060003 2.234497 57.079795 
0.065003 2.013124 62.783408 
0.070003 1.733950 68.487020 
0.075003 1.404991 64.684612 
0.080003 1.035692 64.684612 
0.085003 0.636648 74.190632 
0.090003 0.219332 70.388224 
0.095004 -0.204289 72.289428 
0.100004 -0.622045 60.882203 
0.105004 -1.021932 64.684612 
0.110004 -1.392471 62.783408 
0.115005 -1.723067 55.178591 
0.120005 -2.004176 49.474979 
0.125005 -2.227724 36.166549 
0.130005 -2.387300 13.352100 
0.135006 -2.478333 -13.264758 
0.140006 -2.498205 -32.276800 
0.145006 -2.446347 -47.486433 
0.150006 -2.324248 -55.091250 
0.155006 -2.135411 -53.190046 
0.160020 -1.884531 -62.696066 
0.165020 -1.580111 -68.399679 
0.170020 -1.230320 -55.091250 
0.175020 -0.845209 -68.399679 
0.180021 -0.435804 -64.597271 
0.185021 -0.013910 -66.498475 
0.190021 0.408384 -60.794862 
0.195022 0.818959 -62.696066 
0.200022 1.206019 -64.597271 
0.205022 1.558436 -62.696066 
0.210022 1.866106 -53.190046 
0.215022 2.120202 -45.585229 
0.220023 2.313420 -34.178004 
0.225023 2.440211 -15.165963 
0.230023 2.496939 7.648487 
0.235023 2.481972 30.462937 
0.240023 2.395738 45.672570 
0.245024 2.240716 57.079795 
0.250024 2.021355 49.474979 
0.255024 1.743949 53.277387 
0.260024 1.416474 53.277387 
0.265025 1.048328 53.277387 
0.270025 0.650073 58.980999 
0.275025 0.233151 66.585816 
0.280025 -0.190448 66.585816 
0.285025 -0.608580 66.585816 
0.290025 -1.009238 58.980999 
0.295026 -1.380925 58.980999 
0.300026 -1.712962 55.178591 
0.305026 -1.995810 45.672570 
0.310026 -2.221354 45.672570 
0.315026 -2.383118 20.956916 
0.320026 -2.476460 -3.758738 
0.325027 -2.498695 -28.474392 
0.330027 -2.449183 -36.079208 
0.335027 -2.329347 -53.190046 
0.340027 -2.142629 -55.091250 
0.345027 -1.894389 -64.597271 
0.350028 -1.591755 -56.992454 
0.355028 -1.243410 -58.893658 
0.360028 -0.859369 -68.399679 
0.365028 -0.450653 -60.794862 
0.370028 -0.029006 -64.597271 
0.375029 0.393482 -64.597271 
0.380029 0.804664 -62.696066 
0.385029 1.192750 -66.498475 
0.390029 1.546589 -58.893658 
0.395029 1.856015 -53.190046 
0.400029 2.112146 -41.782821 
0.405029 2.307642 -30.375596 
0.410029 2.436877 -7.561146 
0.415030 2.496145 11.450895 
0.420030 2.483741 36.166549 
0.425030 2.400021 41.870162 
0.430030 2.247392 55.178591 
0.435030 2.030237 53.277387 
0.440030 1.754795 55.178591 
0.445031 1.428958 53.277387 
0.450031 1.062091 53.277387 
0.455031 0.664729 60.882203 
0.460031 0.248288 64.684612 
0.465031 -0.175290 62.783408 
0.470031 -0.593827 70.388224 
0.475031 -0.995314 58.980999 
0.480032 -1.368223 66.585816 
0.485032 -1.701860 62.783408 
0.490032 -1.986630 45.672570 
0.495032 -2.214355 36.166549 
0.500033 -2.378502 20.956916 
0.505033 -2.474343 -1.857534 
0.510040 -2.499123 -24.671983 
0.515040 -2.452066 -49.387637 
0.520057 -2.334092 -58.893658 
0.525057 -2.149377 -55.091250 
0.530057 -1.902958 -66.498475 
0.535057 -1.601890 -62.696066 
0.540058 -1.254827 -60.794862 
0.545058 -0.871727 -62.696066 
0.550058 -0.463595 -60.794862 
0.555058 -0.042168 -64.597271 
0.560059 0.380477 -58.893658 
0.565070 0.793099 -62.696066 
0.570070 1.182003 -62.696066 
0.575070 1.536975 -62.696066 
0.580070 1.847810 -56.992454 
0.585070 2.105591 -49.387637 
0.590071 2.302920 -24.671983 
0.595071 2.434127 -5.659942 
0.600071 2.495439 15.253304 
0.605072 2.485098 30.462937 
0.610072 2.403402 47.573774 
0.615072 2.252697 45.672570 
0.620072 2.037310 51.376183 
0.625072 1.763425 53.277387 
0.630072 1.438921 49.474979 
0.635072 1.073089 57.079795 
0.640073 0.676453 64.684612 
0.645073 0.260396 64.684612 
0.650073 -0.163139 62.783408 
0.655073 -0.581989 66.585816 
0.660073 -0.984137 66.585816 
0.665073 -1.358028 64.684612 
0.670074 -1.692981 57.079795 
0.675075 -1.979260 53.277387 
0.680075 -2.208707 38.067754 
0.685075 -2.374734 24.759325 
0.690075 -2.472580 3.846079 
0.695075 -2.499427 -36.079208 
0.700075 -2.454510 -45.585229 
0.705076 -2.339119 -51.288842 
0.710076 -2.156550 -53.190046 
0.715076 -1.912064 -64.597271 
0.720077 -1.612674 -60.794862 
0.725077 -1.266977 -58.893658 
0.730077 -0.884916 -64.597271 
0.735077 -0.477439 -64.597271 
0.740077 -0.056253 -68.399679 
0.745078 0.366539 -64.597271 
0.750078 0.778800 -60.794862 
0.755078 1.168715 -60.794862 
0.760078 1.525080 -53.190046 
0.765078 1.837648 -60.794862 
0.770078 2.097442 -43.684025 
0.775079 2.297026 -26.573188 
0.780079 2.430651 -11.363554 
0.785079 2.494485 9.549691 
0.790079 2.486695 26.660529 
0.795079 2.407507 45.672570 
0.800079 2.259195 51.376183 
0.805079 2.046018 58.980999 
0.810079 1.774094 51.376183 
0.815080 1.451234 53.277387 
0.820080 1.086705 51.376183 
0.825080 0.690975 62.783408 
0.830080 0.275414 68.487020 
0.835080 -0.148062 62.783408 
0.840080 -0.567296 72.289428 
0.845080 -0.970233 68.487020 
0.850080 -1.345313 68.487020 
0.855080 -1.681766 60.882203 
0.860080 -1.969933 58.980999 
0.865081 -2.201538 34.265345 
0.870081 -2.369934 20.956916 
0.875081 -2.470284 -7.561146 
0.880081 -2.499707 -30.375596 
0.885083 -2.457321 -43.684025 
0.890084 -2.344381 -51.288842 
0.895084 -2.164127 -56.992454 
0.900084 -1.921734 -56.992454 
0.905084 -1.624168 -55.091250 
0.910084 -1.279969 -53.190046 
0.915084 -0.899020 -60.794862 
0.920084 -0.492258 -64.597271 
0.925085 -0.071354 -68.399679 
0.930085 0.351590 -56.992454 
0.935085 0.764440 -60.794862 
0.940085 1.155348 -62.696066 
0.945085 1.513076 -56.992454 
0.950085 1.827367 -64.597271 
0.955085 2.089188 -47.486433 
0.960086 2.291019 -30.375596 
0.965086 2.427072 -15.165963 
0.970086 2.493436 15.253304 
0.975086 2.488207 24.759325 
0.980086 2.411537 45.672570 
0.985086 2.265626 49.474979 
0.990086 2.054660 51.376183 
0.995087 1.784711 51.376183 
