0.000000 1.300000 -3.782973 
0.005001 1.300000 3.821843 
0.010011 1.300000 5.723047 
0.015011 1.300000 1.920639 
0.020011 1.300000 7.624251 
0.025011 1.300000 3.821843 
0.030011 1.300000 0.019435 
0.035011 1.300000 3.821843 
0.040012 1.300000 1.920639 
0.045012 1.300000 1.920639 
0.050012 1.300000 1.920639 
0.055012 1.300000 -1.881769 
0.060012 1.300000 1.920639 
0.065012 1.300000 -3.782973 
0.070012 1.300000 -1.881769 
0.075012 1.300000 7.624251 
0.080013 1.300000 1.920639 
0.085013 1.300000 7.624251 
0.090013 1.300000 3.821843 
0.095015 1.300000 1.920639 
0.100015 1.300000 1.920639 
0.105015 1.300000 1.920639 
0.110016 1.300000 7.624251 
0.115016 1.300000 1.920639 
0.120016 1.300000 1.920639 
0.125016 1.300000 -1.881769 
0.130016 1.300000 1.920639 
0.135016 1.300000 1.920639 
0.140016 1.300000 1.920639 
0.145016 1.300000 -1.881769 
0.150017 1.300000 5.723047 
0.155017 1.300000 -1.881769 
0.160017 1.300000 1.920639 
0.165017 1.300000 1.920639 
0.170017 1.300000 1.920639 
0.175018 1.300000 1.920639 
0.180018 1.300000 3.821843 
0.185018 1.300000 3.821843 
0.190018 1.300000 1.920639 
0.195018 1.300000 -1.881769 
0.200018 1.300000 7.624251 
0.205019 1.300000 1.920639 
0.210019 1.300000 3.821843 
0.215019 1.300000 0.019435 
0.220019 1.300000 5.723047 
0.225019 1.300000 1.920639 
0.230019 1.300000 3.821843 
0.235019 1.300000 1.920639 
0.240019 1.300000 1.920639 
0.245020 1.300000 3.821843 
0.250020 1.300000 1.920639 
0.255020 1.300000 1.920639 
0.260020 1.300000 1.920639 
0.265020 1.300000 1.920639 
0.270020 1.300000 7.624251 
0.275020 1.300000 0.019435 
0.280020 1.300000 5.723047 
0.285020 1.300000 5.723047 
0.290021 1.300000 1.920639 
0.295026 1.300000 -1.881769 
0.300027 1.300000 5.723047 
0.305027 1.300000 1.920639 
0.310027 1.300000 7.624251 
0.315027 1.300000 -1.881769 
0.320027 1.300000 1.920639 
0.325029 1.300000 1.920639 
0.330029 1.300000 0.019435 
0.335029 1.300000 7.624251 
0.340029 1.300000 5.723047 
0.345030 1.300000 7.624251 
0.350030 1.300000 1.920639 
0.355030 1.300000 1.920639 
0.360030 1.300000 3.821843 
0.365030 1.300000 7.624251 
0.370030 1.300000 1.920639 
0.375031 1.300000 7.624251 
0.380031 1.300000 -1.881769 
0.385031 1.300000 7.624251 
0.390032 1.300000 7.624251 
0.395032 1.300000 -1.881769 
0.400032 1.300000 5.723047 
0.405032 1.300000 7.624251 
0.410032 1.300000 -1.881769 
0.415032 1.300000 7.624251 
0.420032 1.300000 -1.881769 
0.425033 1.300000 -1.881769 
0.430033 1.300000 7.624251 
0.435033 1.300000 5.723047 
0.440033 1.300000 1.920639 
0.445039 1.300000 1.920639 
0.450039 1.300000 -1.881769 
0.455051 1.300000 -1.881769 
0.460051 1.300000 1.920639 
0.465051 1.300000 0.019435 
0.470051 1.300000 7.624251 
0.475051 1.300000 1.920639 
0.480051 1.300000 -1.881769 
0.485051 1.300000 -1.881769 
0.490051 1.300000 7.624251 
0.495052 1.300000 7.624251 
0.500052 1.300000 -1.881769 
0.505052 1.300000 7.624251 
0.510071 1.300000 -3.782973 
0.515071 1.300000 1.920639 
0.520072 1.300000 1.920639 
0.525072 1.300000 -1.881769 
0.530072 1.300000 1.920639 
0.535072 1.300000 -1.881769 
0.540072 1.300000 1.920639 
0.545072 1.300000 1.920639 
0.550072 1.300000 1.920639 
0.555072 1.300000 3.821843 
0.560073 1.300000 0.019435 
0.565073 1.300000 7.624251 
0.570073 1.300000 1.920639 
0.575073 1.300000 1.920639 
0.580073 1.300000 3.821843 
0.585073 1.300000 3.821843 
0.590073 1.300000 -1.881769 
0.595074 1.300000 7.624251 
0.600074 1.300000 1.920639 
0.605074 1.300000 -1.881769 
0.610074 1.300000 1.920639 
0.615074 1.300000 0.019435 
0.620074 1.300000 7.624251 
0.625074 1.300000 1.920639 
0.630074 1.300000 1.920639 
0.635075 1.300000 1.920639 
0.640075 1.300000 7.624251 
0.645075 1.300000 1.920639 
0.650075 1.300000 1.920639 
0.655076 1.300000 7.624251 
0.660076 1.300000 3.821843 
0.665076 1.300000 1.920639 
0.670076 1.300000 5.723047 
0.675076 1.300000 5.723047 
0.680076 1.300000 -1.881769 
0.685076 1.300000 -1.881769 
0.690076 1.300000 1.920639 
0.695076 1.300000 3.821843 
0.700077 1.300000 -3.782973 
0.705077 1.300000 -3.782973 
0.710088 1.300000 9.525456 
0.715088 1.300000 -1.881769 
0.720088 1.300000 -1.881769 
0.725089 1.300000 7.624251 
0.730089 1.300000 -3.782973 
0.735089 1.300000 -3.782973 
0.740089 1.300000 7.624251 
0.745089 1.300000 1.920639 
0.750089 1.300000 -1.881769 
0.755089 1.300000 1.920639 
0.760089 1.300000 7.624251 
0.765089 1.300000 1.920639 
0.770090 1.300000 7.624251 
0.775090 1.300000 1.920639 
0.780095 1.300000 1.920639 
0.785095 1.300000 1.920639 
0.790095 1.300000 -3.782973 
0.795096 1.300000 -1.881769 
0.800096 1.300000 5.723047 
0.805096 1.300000 5.723047 
0.810096 1.300000 1.920639 
0.815096 1.300000 -1.881769 
0.820096 1.300000 -3.782973 
0.825096 1.300000 1.920639 
0.830096 1.300000 1.920639 
0.835096 1.300000 1.920639 
0.840096 1.300000 7.624251 
0.845096 1.300000 1.920639 
0.850097 1.300000 -1.881769 
0.855097 1.300000 -1.881769 
0.860097 1.300000 3.821843 
0.865097 1.300000 7.624251 
0.870097 1.300000 -1.881769 
0.875097 1.300000 -1.881769 
0.880097 1.300000 1.920639 
0.885097 1.300000 0.019435 
0.890098 1.300000 7.624251 
0.895098 1.300000 3.821843 
0.900098 1.300000 3.821843 
0.905101 1.300000 -1.881769 
0.910101 1.300000 1.920639 
0.915101 1.300000 -1.881769 
0.920101 1.300000 1.920639 
0.925101 1.300000 5.723047 
0.930101 1.300000 7.624251 
0.935102 1.300000 7.624251 
0.940102 1.300000 7.624251 
0.945102 1.300000 -1.881769 
0.950102 1.300000 1.920639 
0.955102 1.300000 5.723047 
0.960102 1.300000 5.723047 
0.965102 1.300000 1.920639 
0.970103 1.300000 -1.881769 
0.975103 1.300000 -1.881769 
0.980103 1.300000 1.920639 
0.985103 1.300000 7.624251 
0.990103 1.300000 3.821843 
0.995104 1.300000 5.723047 
