0.000001 3.100000 0.782526 
0.005001 3.100000 -4.921087 
0.010001 3.100000 -3.019883 
0.015001 3.100000 -8.723495 
0.020001 3.100000 -37.241557 
0.025001 3.100000 -60.056007 
0.030001 3.100000 -99.981294 
0.035001 3.100000 -139.906582 
0.040002 3.100000 -158.918623 
0.045002 3.100000 -174.128256 
0.050002 3.100000 -179.831869 
0.055002 3.100000 -176.029461 
0.060002 3.100000 -176.029461 
0.065002 3.100000 -179.831869 
0.070003 3.100000 -183.634277 
0.075003 3.100000 -183.634277 
0.080003 3.100000 -196.942706 
0.085003 3.100000 -214.053544 
0.090003 3.100000 -208.349931 
0.095015 3.100000 -206.448727 
0.100016 3.100000 -208.349931 
0.105016 3.100000 -202.646319 
0.110016 3.100000 -212.152339 
0.115029 3.100000 -206.448727 
0.120035 3.100000 -214.053544 
0.125035 3.100000 -215.954748 
0.130035 3.100000 -217.855952 
0.135035 3.100000 -217.855952 
0.140036 3.100000 -215.954748 
0.145036 3.100000 -219.757156 
0.150036 3.100000 -217.855952 
0.155036 3.100000 -217.855952 
0.160036 3.100000 -223.559564 
0.165036 3.100000 -215.954748 
0.170036 3.100000 -215.954748 
0.175037 3.100000 -221.658360 
0.180037 3.100000 -217.855952 
0.185037 3.100000 -210.251135 
0.190037 3.100000 -221.658360 
0.195037 3.100000 -215.954748 
0.200037 3.100000 -219.757156 
0.205038 3.100000 -217.855952 
0.210038 3.100000 -215.954748 
0.215038 3.100000 -204.547523 
0.220038 3.100000 -214.053544 
0.225038 3.100000 -217.855952 
0.230038 3.100000 -212.152339 
0.235039 3.100000 -217.855952 
0.240039 3.100000 -212.152339 
0.245039 3.100000 -208.349931 
0.250039 3.100000 -210.251135 
0.255039 3.100000 -215.954748 
0.260039 3.100000 -215.954748 
0.265040 3.100000 -217.855952 
0.270040 3.100000 -221.658360 
0.275040 3.100000 -219.757156 
0.280040 3.100000 -214.053544 
0.285040 3.100000 -214.053544 
0.290041 3.100000 -210.251135 
0.295041 3.100000 -206.448727 
0.300041 3.100000 -219.757156 
0.305041 3.100000 -215.954748 
0.310041 3.100000 -214.053544 
0.315041 3.100000 -210.251135 
0.320042 3.100000 -210.251135 
0.325042 3.100000 -210.251135 
0.330042 3.100000 -206.448727 
0.335042 3.100000 -208.349931 
0.340042 3.100000 -214.053544 
0.345043 3.100000 -212.152339 
0.350043 3.100000 -204.547523 
0.355043 3.100000 -212.152339 
0.360044 3.100000 -204.547523 
0.365044 3.100000 -204.547523 
0.370044 3.100000 -208.349931 
0.375044 3.100000 -212.152339 
0.380044 3.100000 -204.547523 
0.385045 3.100000 -217.855952 
0.390045 3.100000 -208.349931 
0.395045 3.100000 -198.843910 
0.400045 3.100000 -210.251135 
0.405045 3.100000 -208.349931 
0.410045 3.100000 -206.448727 
0.415045 3.100000 -210.251135 
0.420045 3.100000 -204.547523 
0.425046 3.100000 -200.745115 
0.430046 3.100000 -210.251135 
0.435046 3.100000 -210.251135 
0.440046 3.100000 -204.547523 
0.445046 3.100000 -212.152339 
0.450046 3.100000 -198.843910 
0.455053 3.100000 -206.448727 
0.460053 3.100000 -208.349931 
0.465053 3.100000 -214.053544 
0.470053 3.100000 -202.646319 
0.475053 3.100000 -204.547523 
0.480053 3.100000 -204.547523 
0.485054 3.100000 -200.745115 
0.490054 3.100000 -210.251135 
0.495054 3.100000 -208.349931 
0.500054 3.100000 -204.547523 
0.505054 3.100000 -202.646319 
0.510054 3.100000 -208.349931 
0.515055 3.100000 -202.646319 
0.520055 3.100000 -206.448727 
0.525055 3.100000 -208.349931 
0.530055 3.100000 -198.843910 
0.535055 3.100000 -212.152339 
0.540056 3.100000 -206.448727 
0.545056 3.100000 -208.349931 
0.550056 3.100000 -206.448727 
0.555056 3.100000 -196.942706 
0.560056 3.100000 -212.152339 
0.565056 3.100000 -200.745115 
0.570056 3.100000 -204.547523 
0.575057 3.100000 -210.251135 
0.580057 3.100000 -208.349931 
0.585057 3.100000 -202.646319 
0.590057 3.100000 -200.745115 
0.595057 3.100000 -208.349931 
0.600058 3.100000 -202.646319 
0.605058 3.100000 -210.251135 
0.610058 3.100000 -196.942706 
0.615058 3.100000 -208.349931 
0.620058 3.100000 -204.547523 
0.625058 3.100000 -206.448727 
0.630058 3.100000 -204.547523 
0.635059 3.100000 -202.646319 
0.640059 3.100000 -202.646319 
0.645059 3.100000 -214.053544 
0.650059 3.100000 -210.251135 
0.655059 3.100000 -198.843910 
0.660059 3.100000 -204.547523 
0.665060 3.100000 -206.448727 
0.670060 3.100000 -210.251135 
0.675060 3.100000 -215.954748 
0.680060 3.100000 -206.448727 
0.685060 3.100000 -206.448727 
0.690060 3.100000 -206.448727 
0.695060 3.100000 -210.251135 
0.700061 3.100000 -210.251135 
0.705061 3.100000 -217.855952 
0.710061 3.100000 -202.646319 
0.715061 3.100000 -204.547523 
0.720061 3.100000 -204.547523 
0.725062 3.100000 -210.251135 
0.730062 3.100000 -208.349931 
0.735062 3.100000 -206.448727 
0.740062 3.100000 -212.152339 
0.745063 3.100000 -204.547523 
0.750063 3.100000 -210.251135 
0.755063 3.100000 -210.251135 
0.760064 3.100000 -212.152339 
0.765064 3.100000 -206.448727 
0.770064 3.100000 -210.251135 
0.775065 3.100000 -206.448727 
0.780065 3.100000 -204.547523 
0.785065 3.100000 -215.954748 
0.790065 3.100000 -212.152339 
0.795065 3.100000 -208.349931 
0.800065 3.100000 -212.152339 
0.805065 3.100000 -215.954748 
0.810065 3.100000 -206.448727 
0.815065 3.100000 -219.757156 
0.820066 3.100000 -217.855952 
0.825066 3.100000 -212.152339 
0.830066 3.100000 -215.954748 
0.835066 3.100000 -215.954748 
0.840069 3.100000 -215.954748 
0.845069 3.100000 -212.152339 
0.850069 3.100000 -212.152339 
0.855069 3.100000 -214.053544 
0.860069 3.100000 -221.658360 
0.865069 3.100000 -215.954748 
0.870070 3.100000 -223.559564 
0.875070 3.100000 -215.954748 
0.880070 3.100000 -219.757156 
0.885070 3.100000 -217.855952 
0.890071 3.100000 -219.757156 
0.895071 3.100000 -219.757156 
0.900071 3.100000 -219.757156 
0.905071 3.100000 -221.658360 
0.910071 3.100000 -215.954748 
0.915072 3.100000 -223.559564 
0.920072 3.100000 -217.855952 
0.925072 3.100000 -227.361973 
0.930072 3.100000 -221.658360 
0.935072 3.100000 -221.658360 
0.940072 3.100000 -227.361973 
0.945073 3.100000 -223.559564 
0.950073 3.100000 -217.855952 
0.955073 3.100000 -225.460768 
0.960073 3.100000 -225.460768 
0.965073 3.100000 -221.658360 
0.970073 3.100000 -229.263177 
0.975073 3.100000 -227.361973 
0.980073 3.100000 -221.658360 
0.985074 3.100000 -231.164381 
0.990074 3.100000 -225.460768 
0.995075 3.100000 -227.361973 
