0.000001 1.900000 4.019438 
0.005001 1.900000 9.723051 
0.010001 1.900000 2.118234 
0.015002 1.900000 -3.585378 
0.020002 1.900000 -1.684174 
0.025002 1.900000 5.920643 
0.030003 1.900000 -7.387786 
0.035003 1.900000 -39.708257 
0.040003 1.900000 -53.016686 
0.045003 1.900000 -73.929932 
0.050003 1.900000 -81.534748 
0.055003 1.900000 -73.929932 
0.060004 1.900000 -75.831136 
0.065004 1.900000 -77.732340 
0.070004 1.900000 -79.633544 
0.075004 1.900000 -81.534748 
0.080004 1.900000 -77.732340 
0.085004 1.900000 -85.337157 
0.090004 1.900000 -79.633544 
0.095005 1.900000 -77.732340 
0.100005 1.900000 -87.238361 
0.105005 1.900000 -87.238361 
0.110005 1.900000 -98.645586 
0.115005 1.900000 -98.645586 
0.120005 1.900000 -111.954015 
0.125005 1.900000 -110.052811 
0.130005 1.900000 -100.546790 
0.135005 1.900000 -100.546790 
0.140006 1.900000 -106.250402 
0.145006 1.900000 -96.744382 
0.150006 1.900000 -100.546790 
0.155006 1.900000 -102.447994 
0.160006 1.900000 -96.744382 
0.165006 1.900000 -104.349198 
0.170006 1.900000 -115.756423 
0.175006 1.900000 -111.954015 
0.180007 1.900000 -113.855219 
0.185007 1.900000 -113.855219 
0.190007 1.900000 -104.349198 
0.195007 1.900000 -111.954015 
0.200007 1.900000 -117.657627 
0.205007 1.900000 -111.954015 
0.210008 1.900000 -113.855219 
0.215008 1.900000 -117.657627 
0.220008 1.900000 -110.052811 
0.225008 1.900000 -115.756423 
0.230008 1.900000 -115.756423 
0.235008 1.900000 -113.855219 
0.240008 1.900000 -108.151606 
0.245008 1.900000 -108.151606 
0.250009 1.900000 -111.954015 
0.255009 1.900000 -110.052811 
0.260009 1.900000 -119.558831 
0.265010 1.900000 -117.657627 
0.270010 1.900000 -117.657627 
0.275010 1.900000 -119.558831 
0.280010 1.900000 -108.151606 
0.285010 1.900000 -111.954015 
0.290010 1.900000 -106.250402 
0.295010 1.900000 -113.855219 
0.300011 1.900000 -104.349198 
0.305011 1.900000 -111.954015 
0.310011 1.900000 -110.052811 
0.315011 1.900000 -108.151606 
0.320012 1.900000 -111.954015 
0.325012 1.900000 -108.151606 
0.330012 1.900000 -111.954015 
0.335012 1.900000 -104.349198 
0.340012 1.900000 -108.151606 
0.345012 1.900000 -113.855219 
0.350012 1.900000 -110.052811 
0.355012 1.900000 -115.756423 
0.360012 1.900000 -108.151606 
0.365013 1.900000 -111.954015 
0.370013 1.900000 -111.954015 
0.375013 1.900000 -102.447994 
0.380013 1.900000 -102.447994 
0.385013 1.900000 -111.954015 
0.390013 1.900000 -102.447994 
0.395013 1.900000 -110.052811 
0.400014 1.900000 -104.349198 
0.405014 1.900000 -102.447994 
0.410014 1.900000 -102.447994 
0.415014 1.900000 -108.151606 
0.420014 1.900000 -108.151606 
0.425014 1.900000 -98.645586 
0.430014 1.900000 -108.151606 
0.435014 1.900000 -98.645586 
0.440015 1.900000 -100.546790 
0.445015 1.900000 -100.546790 
0.450015 1.900000 -94.843177 
0.455015 1.900000 -98.645586 
0.460015 1.900000 -108.151606 
0.465015 1.900000 -96.744382 
0.470015 1.900000 -104.349198 
0.475016 1.900000 -104.349198 
0.480016 1.900000 -92.941973 
0.485016 1.900000 -96.744382 
0.490016 1.900000 -94.843177 
0.495016 1.900000 -106.250402 
0.500016 1.900000 -98.645586 
0.505016 1.900000 -102.447994 
0.510017 1.900000 -100.546790 
0.515017 1.900000 -100.546790 
0.520017 1.900000 -98.645586 
0.525017 1.900000 -94.843177 
0.530017 1.900000 -98.645586 
0.535017 1.900000 -92.941973 
0.540017 1.900000 -98.645586 
0.545017 1.900000 -96.744382 
0.550018 1.900000 -98.645586 
0.555018 1.900000 -98.645586 
0.560018 1.900000 -94.843177 
0.565018 1.900000 -94.843177 
0.570018 1.900000 -100.546790 
0.575018 1.900000 -94.843177 
0.580018 1.900000 -94.843177 
0.585018 1.900000 -100.546790 
0.590019 1.900000 -96.744382 
0.595019 1.900000 -91.040769 
0.600019 1.900000 -96.744382 
0.605019 1.900000 -87.238361 
0.610019 1.900000 -98.645586 
0.615019 1.900000 -89.139565 
0.620019 1.900000 -92.941973 
0.625020 1.900000 -91.040769 
0.630020 1.900000 -91.040769 
0.635020 1.900000 -91.040769 
0.640020 1.900000 -94.843177 
0.645021 1.900000 -94.843177 
0.650021 1.900000 -89.139565 
0.655021 1.900000 -91.040769 
0.660022 1.900000 -87.238361 
0.665022 1.900000 -89.139565 
0.670022 1.900000 -85.337157 
0.675022 1.900000 -92.941973 
0.680022 1.900000 -85.337157 
0.685023 1.900000 -83.435953 
0.690023 1.900000 -92.941973 
0.695023 1.900000 -83.435953 
0.700023 1.900000 -87.238361 
0.705023 1.900000 -83.435953 
0.710023 1.900000 -83.435953 
0.715023 1.900000 -89.139565 
0.720023 1.900000 -89.139565 
0.725023 1.900000 -89.139565 
0.730024 1.900000 -87.238361 
0.735024 1.900000 -91.040769 
0.740024 1.900000 -83.435953 
0.745024 1.900000 -87.238361 
0.750024 1.900000 -92.941973 
0.755024 1.900000 -89.139565 
0.760024 1.900000 -87.238361 
0.765025 1.900000 -75.831136 
0.770025 1.900000 -83.435953 
0.775025 1.900000 -89.139565 
0.780025 1.900000 -89.139565 
0.785025 1.900000 -83.435953 
0.790025 1.900000 -92.941973 
0.795025 1.900000 -79.633544 
0.800025 1.900000 -81.534748 
0.805035 1.900000 -89.139565 
0.810036 1.900000 -87.238361 
0.815036 1.900000 -85.337157 
0.820036 1.900000 -87.238361 
0.825037 1.900000 -79.633544 
0.830037 1.900000 -79.633544 
0.835037 1.900000 -79.633544 
0.840037 1.900000 -83.435953 
0.845037 1.900000 -79.633544 
0.850037 1.900000 -89.139565 
0.855037 1.900000 -79.633544 
0.860037 1.900000 -83.435953 
0.865038 1.900000 -81.534748 
0.870038 1.900000 -79.633544 
0.875038 1.900000 -91.040769 
0.880038 1.900000 -83.435953 
0.885038 1.900000 -81.534748 
0.890039 1.900000 -81.534748 
0.895039 1.900000 -79.633544 
0.900039 1.900000 -81.534748 
0.905039 1.900000 -77.732340 
0.910039 1.900000 -89.139565 
0.915039 1.900000 -79.633544 
0.920039 1.900000 -85.337157 
0.925040 1.900000 -83.435953 
0.930040 1.900000 -89.139565 
0.935040 1.900000 -81.534748 
0.940040 1.900000 -79.633544 
0.945040 1.900000 -87.238361 
0.950040 1.900000 -83.435953 
0.955040 1.900000 -81.534748 
0.960040 1.900000 -75.831136 
0.965041 1.900000 -83.435953 
0.970041 1.900000 -87.238361 
0.975041 1.900000 -77.732340 
0.980042 1.900000 -81.534748 
0.985042 1.900000 -77.732340 
0.990042 1.900000 -79.633544 
0.995042 1.900000 -77.732340 
