0.000001 1.600000 0.734659 
0.005001 1.600000 4.537067 
0.010001 1.600000 -3.067750 
0.015001 1.600000 -4.968954 
0.020002 1.600000 -3.067750 
0.025002 1.600000 2.635863 
0.030002 1.600000 -4.968954 
0.035002 1.600000 -4.968954 
0.040002 1.600000 -3.067750 
0.045002 1.600000 -20.178587 
0.050002 1.600000 -29.684608 
0.055002 1.600000 -42.993037 
0.060002 1.600000 -52.499057 
0.065003 1.600000 -48.696649 
0.070003 1.600000 -56.301466 
0.075003 1.600000 -56.301466 
0.080004 1.600000 -52.499057 
0.085004 1.600000 -54.400262 
0.090004 1.600000 -54.400262 
0.095004 1.600000 -48.696649 
0.100004 1.600000 -54.400262 
0.105004 1.600000 -52.499057 
0.110004 1.600000 -50.597853 
0.115005 1.600000 -50.597853 
0.120005 1.600000 -58.202670 
0.125005 1.600000 -54.400262 
0.130005 1.600000 -65.807487 
0.135005 1.600000 -65.807487 
0.140005 1.600000 -63.906282 
0.145006 1.600000 -63.906282 
0.150006 1.600000 -65.807487 
0.155006 1.600000 -65.807487 
0.160006 1.600000 -67.708691 
0.165006 1.600000 -65.807487 
0.170006 1.600000 -69.609895 
0.175006 1.600000 -63.906282 
0.180007 1.600000 -67.708691 
0.185007 1.600000 -69.609895 
0.190007 1.600000 -65.807487 
0.195007 1.600000 -71.511099 
0.200007 1.600000 -67.708691 
0.205007 1.600000 -63.906282 
0.210007 1.600000 -71.511099 
0.215008 1.600000 -73.412303 
0.220008 1.600000 -73.412303 
0.225008 1.600000 -67.708691 
0.230008 1.600000 -69.609895 
0.235008 1.600000 -69.609895 
0.240008 1.600000 -71.511099 
0.245009 1.600000 -63.906282 
0.250020 1.600000 -69.609895 
0.255021 1.600000 -73.412303 
0.260021 1.600000 -73.412303 
0.265021 1.600000 -69.609895 
0.270021 1.600000 -73.412303 
0.275021 1.600000 -75.313507 
0.280021 1.600000 -79.115916 
0.285022 1.600000 -71.511099 
0.290022 1.600000 -73.412303 
0.295022 1.600000 -73.412303 
0.300022 1.600000 -63.906282 
0.305022 1.600000 -75.313507 
0.310022 1.600000 -69.609895 
0.315022 1.600000 -69.609895 
0.320023 1.600000 -65.807487 
0.325023 1.600000 -71.511099 
0.330023 1.600000 -73.412303 
0.335023 1.600000 -63.906282 
0.340023 1.600000 -69.609895 
0.345023 1.600000 -71.511099 
0.350023 1.600000 -69.609895 
0.355023 1.600000 -67.708691 
0.360024 1.600000 -73.412303 
0.365024 1.600000 -65.807487 
0.370024 1.600000 -65.807487 
0.375024 1.600000 -63.906282 
0.380024 1.600000 -67.708691 
0.385025 1.600000 -62.005078 
0.390025 1.600000 -71.511099 
0.395025 1.600000 -67.708691 
0.400025 1.600000 -62.005078 
0.405025 1.600000 -73.412303 
0.410025 1.600000 -67.708691 
0.415025 1.600000 -65.807487 
0.420026 1.600000 -67.708691 
0.425026 1.600000 -69.609895 
0.430026 1.600000 -65.807487 
0.435026 1.600000 -60.103874 
0.440026 1.600000 -62.005078 
0.445027 1.600000 -58.202670 
0.450027 1.600000 -62.005078 
0.455027 1.600000 -60.103874 
0.460027 1.600000 -62.005078 
0.465027 1.600000 -62.005078 
0.470027 1.600000 -62.005078 
0.475027 1.600000 -62.005078 
0.480027 1.600000 -60.103874 
0.485027 1.600000 -62.005078 
0.490028 1.600000 -56.301466 
0.495028 1.600000 -63.906282 
0.500028 1.600000 -67.708691 
0.505028 1.600000 -63.906282 
0.510028 1.600000 -56.301466 
0.515028 1.600000 -62.005078 
0.520028 1.600000 -56.301466 
0.525028 1.600000 -62.005078 
0.530028 1.600000 -65.807487 
0.535029 1.600000 -56.301466 
0.540029 1.600000 -62.005078 
0.545029 1.600000 -58.202670 
0.550029 1.600000 -56.301466 
0.555030 1.600000 -52.499057 
0.560030 1.600000 -58.202670 
0.565045 1.600000 -58.202670 
0.570046 1.600000 -62.005078 
0.575046 1.600000 -58.202670 
0.580046 1.600000 -58.202670 
0.585046 1.600000 -63.906282 
0.590047 1.600000 -52.499057 
0.595047 1.600000 -54.400262 
0.600047 1.600000 -56.301466 
0.605047 1.600000 -50.597853 
0.610047 1.600000 -58.202670 
0.615048 1.600000 -50.597853 
0.620048 1.600000 -52.499057 
0.625051 1.600000 -56.301466 
0.630051 1.600000 -52.499057 
0.635051 1.600000 -54.400262 
0.640052 1.600000 -52.499057 
0.645052 1.600000 -50.597853 
0.650052 1.600000 -54.400262 
0.655052 1.600000 -58.202670 
0.660052 1.600000 -50.597853 
0.665052 1.600000 -54.400262 
0.670052 1.600000 -54.400262 
0.675052 1.600000 -48.696649 
0.680053 1.600000 -56.301466 
0.685053 1.600000 -50.597853 
0.690053 1.600000 -60.103874 
0.695053 1.600000 -58.202670 
0.700053 1.600000 -48.696649 
0.705053 1.600000 -50.597853 
0.710053 1.600000 -54.400262 
0.715054 1.600000 -50.597853 
0.720054 1.600000 -54.400262 
0.725054 1.600000 -50.597853 
0.730054 1.600000 -50.597853 
0.735054 1.600000 -54.400262 
0.740054 1.600000 -50.597853 
0.745054 1.600000 -50.597853 
0.750054 1.600000 -52.499057 
0.755054 1.600000 -50.597853 
0.760055 1.600000 -48.696649 
0.765055 1.600000 -42.993037 
0.770055 1.600000 -48.696649 
0.775055 1.600000 -52.499057 
0.780055 1.600000 -48.696649 
0.785055 1.600000 -50.597853 
0.790055 1.600000 -44.894241 
0.795055 1.600000 -48.696649 
0.800055 1.600000 -50.597853 
0.805056 1.600000 -44.894241 
0.810056 1.600000 -48.696649 
0.815056 1.600000 -46.795445 
0.820056 1.600000 -46.795445 
0.825056 1.600000 -52.499057 
0.830056 1.600000 -42.993037 
0.835056 1.600000 -50.597853 
0.840056 1.600000 -50.597853 
0.845056 1.600000 -46.795445 
0.850056 1.600000 -52.499057 
0.855057 1.600000 -46.795445 
0.860057 1.600000 -44.894241 
0.865057 1.600000 -50.597853 
0.870057 1.600000 -44.894241 
0.875057 1.600000 -46.795445 
0.880057 1.600000 -52.499057 
0.885057 1.600000 -46.795445 
0.890057 1.600000 -50.597853 
0.895057 1.600000 -48.696649 
0.900057 1.600000 -44.894241 
0.905057 1.600000 -44.894241 
0.910058 1.600000 -42.993037 
0.915058 1.600000 -46.795445 
0.920058 1.600000 -50.597853 
0.925058 1.600000 -52.499057 
0.930058 1.600000 -41.091833 
0.935058 1.600000 -50.597853 
0.940059 1.600000 -46.795445 
0.945059 1.600000 -42.993037 
0.950059 1.600000 -39.190628 
0.955059 1.600000 -44.894241 
0.960059 1.600000 -39.190628 
0.965059 1.600000 -44.894241 
0.970060 1.600000 -44.894241 
0.975060 1.600000 -44.894241 
0.980060 1.600000 -50.597853 
0.985060 1.600000 -48.696649 
0.990060 1.600000 -41.091833 
0.995060 1.600000 -44.894241 
