0.000001 2.500000 3.842228 
0.005002 2.500000 -1.861384 
0.010002 2.500000 3.842228 
0.015002 2.500000 -9.466201 
0.020003 2.500000 -11.367405 
0.025003 2.500000 -43.687876 
0.030003 2.500000 -72.205938 
0.035004 2.500000 -117.834838 
0.040004 2.500000 -131.143267 
0.045004 2.500000 -129.242062 
0.050004 2.500000 -125.439654 
0.055004 2.500000 -131.143267 
0.060005 2.500000 -129.242062 
0.065005 2.500000 -131.143267 
0.070005 2.500000 -133.044471 
0.075005 2.500000 -134.945675 
0.080005 2.500000 -144.451696 
0.085005 2.500000 -148.254104 
0.090005 2.500000 -163.463737 
0.095006 2.500000 -163.463737 
0.100006 2.500000 -165.364941 
0.105006 2.500000 -157.760125 
0.110006 2.500000 -163.463737 
0.115006 2.500000 -163.463737 
0.120009 2.500000 -167.266145 
0.125009 2.500000 -163.463737 
0.130009 2.500000 -172.969758 
0.135009 2.500000 -174.870962 
0.140009 2.500000 -172.969758 
0.145010 2.500000 -178.673370 
0.150010 2.500000 -172.969758 
0.155010 2.500000 -176.772166 
0.160010 2.500000 -172.969758 
0.165010 2.500000 -178.673370 
0.170011 2.500000 -167.266145 
0.175012 2.500000 -178.673370 
0.180012 2.500000 -174.870962 
0.185012 2.500000 -174.870962 
0.190012 2.500000 -186.278187 
0.195012 2.500000 -176.772166 
0.200013 2.500000 -184.376983 
0.205013 2.500000 -186.278187 
0.210013 2.500000 -174.870962 
0.215013 2.500000 -174.870962 
0.220013 2.500000 -169.167350 
0.225013 2.500000 -174.870962 
0.230013 2.500000 -174.870962 
0.235013 2.500000 -178.673370 
0.240013 2.500000 -178.673370 
0.245013 2.500000 -182.475779 
0.250014 2.500000 -172.969758 
0.255014 2.500000 -174.870962 
0.260014 2.500000 -172.969758 
0.265014 2.500000 -171.068554 
0.270014 2.500000 -172.969758 
0.275014 2.500000 -182.475779 
0.280014 2.500000 -176.772166 
0.285014 2.500000 -180.574575 
0.290015 2.500000 -174.870962 
0.295015 2.500000 -167.266145 
0.300015 2.500000 -163.463737 
0.305015 2.500000 -169.167350 
0.310015 2.500000 -174.870962 
0.315016 2.500000 -172.969758 
0.320016 2.500000 -174.870962 
0.325016 2.500000 -174.870962 
0.330016 2.500000 -171.068554 
0.335016 2.500000 -171.068554 
0.340016 2.500000 -172.969758 
0.345017 2.500000 -176.772166 
0.350017 2.500000 -171.068554 
0.355017 2.500000 -165.364941 
0.360017 2.500000 -165.364941 
0.365017 2.500000 -172.969758 
0.370017 2.500000 -167.266145 
0.375017 2.500000 -174.870962 
0.380017 2.500000 -180.574575 
0.385018 2.500000 -171.068554 
0.390018 2.500000 -171.068554 
0.395018 2.500000 -157.760125 
0.400018 2.500000 -167.266145 
0.405018 2.500000 -172.969758 
0.410018 2.500000 -169.167350 
0.415018 2.500000 -172.969758 
0.420018 2.500000 -163.463737 
0.425018 2.500000 -163.463737 
0.430019 2.500000 -167.266145 
0.435019 2.500000 -167.266145 
0.440019 2.500000 -165.364941 
0.445019 2.500000 -171.068554 
0.450019 2.500000 -165.364941 
0.455019 2.500000 -165.364941 
0.460019 2.500000 -159.661329 
0.465020 2.500000 -165.364941 
0.470020 2.500000 -167.266145 
0.475036 2.500000 -163.463737 
0.480036 2.500000 -161.562533 
0.485036 2.500000 -159.661329 
0.490036 2.500000 -161.562533 
0.495037 2.500000 -163.463737 
0.500037 2.500000 -161.562533 
0.505037 2.500000 -167.266145 
0.510037 2.500000 -171.068554 
0.515037 2.500000 -155.858921 
0.520037 2.500000 -153.957716 
0.525037 2.500000 -159.661329 
0.530038 2.500000 -157.760125 
0.535038 2.500000 -163.463737 
0.540038 2.500000 -163.463737 
0.545038 2.500000 -159.661329 
0.550038 2.500000 -153.957716 
0.555038 2.500000 -159.661329 
0.560038 2.500000 -155.858921 
0.565039 2.500000 -163.463737 
0.570039 2.500000 -163.463737 
0.575039 2.500000 -157.760125 
0.580039 2.500000 -159.661329 
0.585039 2.500000 -167.266145 
0.590039 2.500000 -157.760125 
0.595039 2.500000 -161.562533 
0.600039 2.500000 -165.364941 
0.605039 2.500000 -157.760125 
0.610039 2.500000 -157.760125 
0.615040 2.500000 -159.661329 
0.620040 2.500000 -161.562533 
0.625040 2.500000 -155.858921 
0.630040 2.500000 -161.562533 
0.635040 2.500000 -165.364941 
0.640040 2.500000 -163.463737 
0.645040 2.500000 -161.562533 
0.650040 2.500000 -159.661329 
0.655041 2.500000 -161.562533 
0.660041 2.500000 -157.760125 
0.665041 2.500000 -159.661329 
0.670041 2.500000 -163.463737 
0.675041 2.500000 -161.562533 
0.680041 2.500000 -161.562533 
0.685041 2.500000 -155.858921 
0.690041 2.500000 -155.858921 
0.695041 2.500000 -163.463737 
0.700042 2.500000 -161.562533 
0.705042 2.500000 -163.463737 
0.710042 2.500000 -163.463737 
0.715042 2.500000 -165.364941 
0.720042 2.500000 -152.056512 
0.725042 2.500000 -157.760125 
0.730042 2.500000 -161.562533 
0.735043 2.500000 -165.364941 
0.740043 2.500000 -157.760125 
0.745043 2.500000 -155.858921 
0.750051 2.500000 -155.858921 
0.755051 2.500000 -157.760125 
0.760051 2.500000 -161.562533 
0.765051 2.500000 -159.661329 
0.770051 2.500000 -163.463737 
0.775052 2.500000 -163.463737 
0.780052 2.500000 -155.858921 
0.785052 2.500000 -155.858921 
0.790052 2.500000 -159.661329 
0.795052 2.500000 -159.661329 
0.800052 2.500000 -157.760125 
0.805052 2.500000 -159.661329 
0.810052 2.500000 -163.463737 
0.815052 2.500000 -157.760125 
0.820053 2.500000 -159.661329 
0.825053 2.500000 -152.056512 
0.830053 2.500000 -161.562533 
0.835053 2.500000 -159.661329 
0.840053 2.500000 -161.562533 
0.845053 2.500000 -165.364941 
0.850053 2.500000 -159.661329 
0.855054 2.500000 -159.661329 
0.860054 2.500000 -159.661329 
0.865054 2.500000 -155.858921 
0.870054 2.500000 -167.266145 
0.875054 2.500000 -161.562533 
0.880054 2.500000 -169.167350 
0.885054 2.500000 -159.661329 
0.890054 2.500000 -161.562533 
0.895055 2.500000 -159.661329 
0.900055 2.500000 -169.167350 
0.905055 2.500000 -161.562533 
0.910055 2.500000 -165.364941 
0.915055 2.500000 -171.068554 
0.920055 2.500000 -163.463737 
0.925055 2.500000 -159.661329 
0.930056 2.500000 -163.463737 
0.935056 2.500000 -163.463737 
0.940056 2.500000 -167.266145 
0.945056 2.500000 -161.562533 
0.950056 2.500000 -165.364941 
0.955056 2.500000 -171.068554 
0.960056 2.500000 -163.463737 
0.965057 2.500000 -165.364941 
0.970057 2.500000 -169.167350 
0.975057 2.500000 -171.068554 
0.980057 2.500000 -167.266145 
0.985057 2.500000 -172.969758 
0.990057 2.500000 -167.266145 
0.995058 2.500000 -161.562533 
