0.000001 1.400000 5.115326 
0.005001 1.400000 -2.489491 
0.010001 1.400000 5.115326 
0.015001 1.400000 3.214122 
0.020001 1.400000 -0.588287 
0.025002 1.400000 -0.588287 
0.030002 1.400000 1.312918 
0.035002 1.400000 -4.390695 
0.040002 1.400000 -15.797920 
0.045002 1.400000 -17.699124 
0.050003 1.400000 -17.699124 
0.055003 1.400000 -17.699124 
0.060003 1.400000 -17.699124 
0.065003 1.400000 -19.600328 
0.070003 1.400000 -17.699124 
0.075003 1.400000 -15.797920 
0.080004 1.400000 -21.501532 
0.085004 1.400000 -13.896716 
0.090004 1.400000 -23.402736 
0.095004 1.400000 -17.699124 
0.100004 1.400000 -27.205145 
0.105004 1.400000 -23.402736 
0.110004 1.400000 -25.303941 
0.115004 1.400000 -23.402736 
0.120005 1.400000 -21.501532 
0.125011 1.400000 -17.699124 
0.130011 1.400000 -27.205145 
0.135011 1.400000 -19.600328 
0.140011 1.400000 -21.501532 
0.145011 1.400000 -31.007553 
0.150011 1.400000 -27.205145 
0.155011 1.400000 -34.809961 
0.160012 1.400000 -23.402736 
0.165012 1.400000 -32.908757 
0.170012 1.400000 -27.205145 
0.175012 1.400000 -29.106349 
0.180012 1.400000 -27.205145 
0.185012 1.400000 -31.007553 
0.190012 1.400000 -25.303941 
0.195012 1.400000 -32.908757 
0.200013 1.400000 -29.106349 
0.205013 1.400000 -23.402736 
0.210013 1.400000 -31.007553 
0.215013 1.400000 -31.007553 
0.220013 1.400000 -19.600328 
0.225013 1.400000 -29.106349 
0.230013 1.400000 -27.205145 
0.235014 1.400000 -23.402736 
0.240014 1.400000 -25.303941 
0.245014 1.400000 -19.600328 
0.250014 1.400000 -29.106349 
0.255014 1.400000 -25.303941 
0.260014 1.400000 -29.106349 
0.265014 1.400000 -19.600328 
0.270014 1.400000 -25.303941 
0.275014 1.400000 -31.007553 
0.280015 1.400000 -21.501532 
0.285015 1.400000 -31.007553 
0.290015 1.400000 -25.303941 
0.295015 1.400000 -27.205145 
0.300015 1.400000 -27.205145 
0.305015 1.400000 -27.205145 
0.310015 1.400000 -31.007553 
0.315015 1.400000 -21.501532 
0.320016 1.400000 -27.205145 
0.325016 1.400000 -31.007553 
0.330016 1.400000 -23.402736 
0.335028 1.400000 -23.402736 
0.340028 1.400000 -32.908757 
0.345029 1.400000 -23.402736 
0.350029 1.400000 -23.402736 
0.355029 1.400000 -27.205145 
0.360029 1.400000 -25.303941 
0.365029 1.400000 -25.303941 
0.370029 1.400000 -19.600328 
0.375042 1.400000 -21.501532 
0.380042 1.400000 -29.106349 
0.385043 1.400000 -25.303941 
0.390043 1.400000 -25.303941 
0.395045 1.400000 -21.501532 
0.400045 1.400000 -25.303941 
0.405046 1.400000 -25.303941 
0.410046 1.400000 -25.303941 
0.415046 1.400000 -27.205145 
0.420046 1.400000 -25.303941 
0.425046 1.400000 -23.402736 
0.430046 1.400000 -27.205145 
0.435050 1.400000 -25.303941 
0.440050 1.400000 -25.303941 
0.445050 1.400000 -25.303941 
0.450051 1.400000 -27.205145 
0.455051 1.400000 -34.809961 
0.460051 1.400000 -27.205145 
0.465051 1.400000 -25.303941 
0.470051 1.400000 -27.205145 
0.475051 1.400000 -21.501532 
0.480051 1.400000 -31.007553 
0.485051 1.400000 -25.303941 
0.490052 1.400000 -25.303941 
0.495052 1.400000 -23.402736 
0.500052 1.400000 -21.501532 
0.505052 1.400000 -29.106349 
0.510052 1.400000 -25.303941 
0.515052 1.400000 -23.402736 
0.520052 1.400000 -25.303941 
0.525052 1.400000 -25.303941 
0.530052 1.400000 -17.699124 
0.535052 1.400000 -29.106349 
0.540053 1.400000 -23.402736 
0.545058 1.400000 -25.303941 
0.550058 1.400000 -29.106349 
0.555059 1.400000 -17.699124 
0.560059 1.400000 -21.501532 
0.565059 1.400000 -23.402736 
0.570059 1.400000 -25.303941 
0.575059 1.400000 -17.699124 
0.580059 1.400000 -23.402736 
0.585060 1.400000 -25.303941 
0.590060 1.400000 -27.205145 
0.595060 1.400000 -29.106349 
0.600060 1.400000 -21.501532 
0.605060 1.400000 -29.106349 
0.610060 1.400000 -25.303941 
0.615060 1.400000 -25.303941 
0.620061 1.400000 -21.501532 
0.625061 1.400000 -25.303941 
0.630061 1.400000 -21.501532 
0.635061 1.400000 -19.600328 
0.640061 1.400000 -29.106349 
0.645061 1.400000 -25.303941 
0.650069 1.400000 -21.501532 
0.655069 1.400000 -25.303941 
0.660069 1.400000 -27.205145 
0.665069 1.400000 -21.501532 
0.670069 1.400000 -21.501532 
0.675069 1.400000 -19.600328 
0.680070 1.400000 -21.501532 
0.685077 1.400000 -27.205145 
0.690077 1.400000 -17.699124 
0.695077 1.400000 -21.501532 
0.700077 1.400000 -21.501532 
0.705077 1.400000 -21.501532 
0.710088 1.400000 -25.303941 
0.715088 1.400000 -17.699124 
0.720088 1.400000 -19.600328 
0.725088 1.400000 -25.303941 
0.730088 1.400000 -17.699124 
0.735089 1.400000 -23.402736 
0.740089 1.400000 -21.501532 
0.745089 1.400000 -21.501532 
0.750089 1.400000 -23.402736 
0.755089 1.400000 -19.600328 
0.760089 1.400000 -17.699124 
0.765089 1.400000 -21.501532 
0.770090 1.400000 -23.402736 
0.775090 1.400000 -19.600328 
0.780090 1.400000 -23.402736 
0.785090 1.400000 -27.205145 
0.790090 1.400000 -21.501532 
0.795090 1.400000 -23.402736 
0.800091 1.400000 -17.699124 
0.805091 1.400000 -23.402736 
0.810091 1.400000 -15.797920 
0.815091 1.400000 -23.402736 
0.820091 1.400000 -19.600328 
0.825091 1.400000 -25.303941 
0.830091 1.400000 -15.797920 
0.835092 1.400000 -19.600328 
0.840092 1.400000 -17.699124 
0.845092 1.400000 -19.600328 
0.850092 1.400000 -15.797920 
0.855092 1.400000 -17.699124 
0.860098 1.400000 -13.896716 
0.865098 1.400000 -19.600328 
0.870098 1.400000 -21.501532 
0.875098 1.400000 -17.699124 
0.880098 1.400000 -13.896716 
0.885098 1.400000 -11.995511 
0.890099 1.400000 -11.995511 
0.895099 1.400000 -11.995511 
0.900099 1.400000 -21.501532 
0.905099 1.400000 -21.501532 
0.910099 1.400000 -19.600328 
0.915099 1.400000 -13.896716 
0.920099 1.400000 -17.699124 
0.925099 1.400000 -19.600328 
0.930099 1.400000 -13.896716 
0.935099 1.400000 -11.995511 
0.940100 1.400000 -23.402736 
0.945100 1.400000 -13.896716 
0.950110 1.400000 -19.600328 
0.955110 1.400000 -23.402736 
0.960110 1.400000 -15.797920 
0.965110 1.400000 -19.600328 
0.970110 1.400000 -23.402736 
0.975110 1.400000 -15.797920 
0.980111 1.400000 -25.303941 
0.985111 1.400000 -15.797920 
0.990113 1.400000 -23.402736 
0.995113 1.400000 -21.501532 
