0.000001 2.700000 6.215973 
0.005001 2.700000 -7.092456 
0.010001 2.700000 2.413565 
0.015001 2.700000 -1.388843 
0.020001 2.700000 -16.598477 
0.025002 2.700000 -56.523764 
0.030002 2.700000 -85.041826 
0.035002 2.700000 -121.164705 
0.040002 2.700000 -136.374338 
0.045002 2.700000 -136.374338 
0.050002 2.700000 -142.077951 
0.055003 2.700000 -136.374338 
0.060003 2.700000 -138.275542 
0.065003 2.700000 -142.077951 
0.070003 2.700000 -149.682767 
0.075003 2.700000 -157.287584 
0.080003 2.700000 -170.596013 
0.085004 2.700000 -172.497217 
0.090004 2.700000 -168.694809 
0.095004 2.700000 -170.596013 
0.100004 2.700000 -168.694809 
0.105004 2.700000 -174.398421 
0.110004 2.700000 -182.003238 
0.115004 2.700000 -185.805646 
0.120004 2.700000 -189.608054 
0.125005 2.700000 -185.805646 
0.130005 2.700000 -183.904442 
0.135005 2.700000 -182.003238 
0.140005 2.700000 -187.706850 
0.145005 2.700000 -193.410463 
0.150006 2.700000 -185.805646 
0.155006 2.700000 -183.904442 
0.160006 2.700000 -185.805646 
0.165006 2.700000 -185.805646 
0.170006 2.700000 -193.410463 
0.175007 2.700000 -191.509259 
0.180007 2.700000 -191.509259 
0.185007 2.700000 -187.706850 
0.190007 2.700000 -185.805646 
0.195007 2.700000 -182.003238 
0.200007 2.700000 -182.003238 
0.205007 2.700000 -193.410463 
0.210007 2.700000 -195.311667 
0.215007 2.700000 -195.311667 
0.220008 2.700000 -193.410463 
0.225008 2.700000 -199.114075 
0.230008 2.700000 -187.706850 
0.235008 2.700000 -191.509259 
0.240008 2.700000 -185.805646 
0.245008 2.700000 -191.509259 
0.250009 2.700000 -187.706850 
0.255009 2.700000 -187.706850 
0.260009 2.700000 -187.706850 
0.265009 2.700000 -187.706850 
0.270009 2.700000 -183.904442 
0.275009 2.700000 -180.102034 
0.280009 2.700000 -182.003238 
0.285009 2.700000 -182.003238 
0.290009 2.700000 -195.311667 
0.295010 2.700000 -183.904442 
0.300010 2.700000 -182.003238 
0.305010 2.700000 -182.003238 
0.310010 2.700000 -191.509259 
0.315010 2.700000 -187.706850 
0.320010 2.700000 -183.904442 
0.325010 2.700000 -191.509259 
0.330010 2.700000 -183.904442 
0.335010 2.700000 -183.904442 
0.340011 2.700000 -182.003238 
0.345011 2.700000 -191.509259 
0.350011 2.700000 -183.904442 
0.355011 2.700000 -178.200829 
0.360011 2.700000 -183.904442 
0.365011 2.700000 -182.003238 
0.370012 2.700000 -178.200829 
0.375012 2.700000 -183.904442 
0.380018 2.700000 -187.706850 
0.385018 2.700000 -180.102034 
0.390018 2.700000 -174.398421 
0.395018 2.700000 -180.102034 
0.400024 2.700000 -178.200829 
0.405024 2.700000 -183.904442 
0.410024 2.700000 -180.102034 
0.415025 2.700000 -176.299625 
0.420031 2.700000 -182.003238 
0.425031 2.700000 -182.003238 
0.430031 2.700000 -180.102034 
0.435032 2.700000 -183.904442 
0.440032 2.700000 -180.102034 
0.445032 2.700000 -176.299625 
0.450032 2.700000 -172.497217 
0.455032 2.700000 -178.200829 
0.460033 2.700000 -178.200829 
0.465033 2.700000 -180.102034 
0.470033 2.700000 -182.003238 
0.475033 2.700000 -170.596013 
0.480033 2.700000 -172.497217 
0.485034 2.700000 -182.003238 
0.490034 2.700000 -182.003238 
0.495034 2.700000 -183.904442 
0.500034 2.700000 -172.497217 
0.505034 2.700000 -172.497217 
0.510035 2.700000 -180.102034 
0.515035 2.700000 -172.497217 
0.520035 2.700000 -182.003238 
0.525035 2.700000 -180.102034 
0.530035 2.700000 -174.398421 
0.535035 2.700000 -176.299625 
0.540035 2.700000 -176.299625 
0.545036 2.700000 -170.596013 
0.550036 2.700000 -174.398421 
0.555036 2.700000 -176.299625 
0.560036 2.700000 -170.596013 
0.565036 2.700000 -174.398421 
0.570037 2.700000 -172.497217 
0.575037 2.700000 -170.596013 
0.580037 2.700000 -183.904442 
0.585037 2.700000 -176.299625 
0.590037 2.700000 -172.497217 
0.595037 2.700000 -176.299625 
0.600037 2.700000 -174.398421 
0.605037 2.700000 -176.299625 
0.610038 2.700000 -178.200829 
0.615038 2.700000 -178.200829 
0.620038 2.700000 -180.102034 
0.625038 2.700000 -166.793605 
0.630038 2.700000 -172.497217 
0.635038 2.700000 -178.200829 
0.640039 2.700000 -172.497217 
0.645039 2.700000 -170.596013 
0.650039 2.700000 -180.102034 
0.655039 2.700000 -174.398421 
0.660039 2.700000 -174.398421 
0.665039 2.700000 -176.299625 
0.670039 2.700000 -176.299625 
0.675039 2.700000 -172.497217 
0.680040 2.700000 -172.497217 
0.685040 2.700000 -174.398421 
0.690040 2.700000 -168.694809 
0.695040 2.700000 -170.596013 
0.700040 2.700000 -180.102034 
0.705040 2.700000 -170.596013 
0.710040 2.700000 -178.200829 
0.715040 2.700000 -170.596013 
0.720040 2.700000 -166.793605 
0.725041 2.700000 -170.596013 
0.730041 2.700000 -182.003238 
0.735041 2.700000 -183.904442 
0.740052 2.700000 -183.904442 
0.745052 2.700000 -174.398421 
0.750053 2.700000 -168.694809 
0.755053 2.700000 -170.596013 
0.760053 2.700000 -172.497217 
0.765053 2.700000 -187.706850 
0.770053 2.700000 -178.200829 
0.775053 2.700000 -180.102034 
0.780054 2.700000 -138.275542 
0.785055 2.700000 -170.596013 
0.790055 2.700000 -182.003238 
0.795055 2.700000 -183.904442 
0.800055 2.700000 -201.015279 
0.805056 2.700000 -170.596013 
0.810056 2.700000 -162.991196 
0.815056 2.700000 -149.682767 
0.820056 2.700000 -153.485175 
0.825056 2.700000 -168.694809 
0.830056 2.700000 -178.200829 
0.835057 2.700000 -180.102034 
0.840057 2.700000 -183.904442 
0.845057 2.700000 -176.299625 
0.850057 2.700000 -166.793605 
0.855057 2.700000 -172.497217 
0.860058 2.700000 -178.200829 
0.865058 2.700000 -180.102034 
0.870058 2.700000 -189.608054 
0.875058 2.700000 -176.299625 
0.880059 2.700000 -178.200829 
0.885059 2.700000 -170.596013 
0.890059 2.700000 -176.299625 
0.895059 2.700000 -187.706850 
0.900059 2.700000 -180.102034 
0.905060 2.700000 -182.003238 
0.910060 2.700000 -176.299625 
0.915060 2.700000 -174.398421 
0.920060 2.700000 -185.805646 
0.925061 2.700000 -185.805646 
0.930061 2.700000 -176.299625 
0.935061 2.700000 -189.608054 
0.940061 2.700000 -185.805646 
0.945061 2.700000 -183.904442 
0.950109 2.700000 -185.805646 
0.955109 2.700000 -183.904442 
0.960109 2.700000 -185.805646 
0.965126 2.700000 -176.299625 
0.970126 2.700000 -183.904442 
0.975126 2.700000 -191.509259 
0.980126 2.700000 -193.410463 
0.985126 2.700000 -191.509259 
0.990127 2.700000 -183.904442 
0.995127 2.700000 -193.410463 
