0.000001 3.400000 4.289873 
0.005001 3.400000 4.289873 
0.010001 3.400000 2.388669 
0.015009 3.400000 0.487465 
0.020009 3.400000 -37.536618 
0.025009 3.400000 -45.141435 
0.030009 3.400000 -96.473947 
0.035009 3.400000 -126.893213 
0.040010 3.400000 -157.312480 
0.045010 3.400000 -185.830542 
0.050010 3.400000 -189.632950 
0.055010 3.400000 -189.632950 
0.060010 3.400000 -191.534154 
0.065010 3.400000 -191.534154 
0.070011 3.400000 -199.138971 
0.075011 3.400000 -197.237767 
0.080011 3.400000 -216.249808 
0.085011 3.400000 -212.447400 
0.090011 3.400000 -221.953421 
0.095028 3.400000 -225.755829 
0.100028 3.400000 -218.151012 
0.105028 3.400000 -229.558237 
0.110028 3.400000 -216.249808 
0.115029 3.400000 -218.151012 
0.120032 3.400000 -216.249808 
0.125032 3.400000 -214.348604 
0.130032 3.400000 -218.151012 
0.135032 3.400000 -225.755829 
0.140032 3.400000 -231.459442 
0.145034 3.400000 -225.755829 
0.150034 3.400000 -229.558237 
0.155034 3.400000 -223.854625 
0.160034 3.400000 -227.657033 
0.165035 3.400000 -227.657033 
0.170035 3.400000 -218.151012 
0.175035 3.400000 -218.151012 
0.180036 3.400000 -225.755829 
0.185036 3.400000 -218.151012 
0.190036 3.400000 -223.854625 
0.195036 3.400000 -221.953421 
0.200036 3.400000 -216.249808 
0.205037 3.400000 -221.953421 
0.210037 3.400000 -220.052217 
0.215037 3.400000 -221.953421 
0.220037 3.400000 -220.052217 
0.225037 3.400000 -212.447400 
0.230037 3.400000 -212.447400 
0.235038 3.400000 -218.151012 
0.240038 3.400000 -220.052217 
0.245038 3.400000 -223.854625 
0.250038 3.400000 -229.558237 
0.255038 3.400000 -223.854625 
0.260038 3.400000 -225.755829 
0.265038 3.400000 -221.953421 
0.270039 3.400000 -214.348604 
0.275039 3.400000 -214.348604 
0.280049 3.400000 -223.854625 
0.285049 3.400000 -220.052217 
0.290049 3.400000 -223.854625 
0.295049 3.400000 -216.249808 
0.300049 3.400000 -223.854625 
0.305050 3.400000 -221.953421 
0.310050 3.400000 -221.953421 
0.315050 3.400000 -218.151012 
0.320050 3.400000 -223.854625 
0.325050 3.400000 -221.953421 
0.330050 3.400000 -218.151012 
0.335050 3.400000 -212.447400 
0.340050 3.400000 -216.249808 
0.345051 3.400000 -221.953421 
0.350051 3.400000 -214.348604 
0.355051 3.400000 -216.249808 
0.360051 3.400000 -221.953421 
0.365051 3.400000 -221.953421 
0.370051 3.400000 -220.052217 
0.375052 3.400000 -214.348604 
0.380052 3.400000 -218.151012 
0.385052 3.400000 -221.953421 
0.390052 3.400000 -214.348604 
0.395052 3.400000 -210.546196 
0.400052 3.400000 -210.546196 
0.405052 3.400000 -218.151012 
0.410052 3.400000 -221.953421 
0.415053 3.400000 -221.953421 
0.420053 3.400000 -212.447400 
0.425053 3.400000 -210.546196 
0.430053 3.400000 -212.447400 
0.435053 3.400000 -214.348604 
0.440053 3.400000 -218.151012 
0.445053 3.400000 -223.854625 
0.450053 3.400000 -214.348604 
0.455054 3.400000 -221.953421 
0.460054 3.400000 -221.953421 
0.465054 3.400000 -214.348604 
0.470054 3.400000 -212.447400 
0.475054 3.400000 -214.348604 
0.480054 3.400000 -212.447400 
0.485054 3.400000 -214.348604 
0.490054 3.400000 -216.249808 
0.495055 3.400000 -208.644992 
0.500055 3.400000 -212.447400 
0.505055 3.400000 -212.447400 
0.510055 3.400000 -214.348604 
0.515055 3.400000 -220.052217 
0.520055 3.400000 -212.447400 
0.525055 3.400000 -214.348604 
0.530055 3.400000 -210.546196 
0.535055 3.400000 -220.052217 
0.540056 3.400000 -208.644992 
0.545056 3.400000 -214.348604 
0.550056 3.400000 -210.546196 
0.555056 3.400000 -221.953421 
0.560056 3.400000 -212.447400 
0.565056 3.400000 -220.052217 
0.570056 3.400000 -218.151012 
0.575057 3.400000 -214.348604 
0.580057 3.400000 -220.052217 
0.585057 3.400000 -221.953421 
0.590057 3.400000 -212.447400 
0.595057 3.400000 -210.546196 
0.600057 3.400000 -214.348604 
0.605057 3.400000 -212.447400 
0.610058 3.400000 -216.249808 
0.615058 3.400000 -208.644992 
0.620058 3.400000 -210.546196 
0.625058 3.400000 -208.644992 
0.630058 3.400000 -221.953421 
0.635058 3.400000 -220.052217 
0.640059 3.400000 -223.854625 
0.645059 3.400000 -212.447400 
0.650059 3.400000 -214.348604 
0.655059 3.400000 -214.348604 
0.660059 3.400000 -216.249808 
0.665059 3.400000 -210.546196 
0.670059 3.400000 -212.447400 
0.675060 3.400000 -216.249808 
0.680060 3.400000 -214.348604 
0.685060 3.400000 -220.052217 
0.690060 3.400000 -212.447400 
0.695060 3.400000 -220.052217 
0.700060 3.400000 -218.151012 
0.705060 3.400000 -220.052217 
0.710061 3.400000 -218.151012 
0.715061 3.400000 -221.953421 
0.720061 3.400000 -220.052217 
0.725062 3.400000 -212.447400 
0.730062 3.400000 -216.249808 
0.735062 3.400000 -212.447400 
0.740062 3.400000 -220.052217 
0.745062 3.400000 -216.249808 
0.750063 3.400000 -216.249808 
0.755063 3.400000 -221.953421 
0.760063 3.400000 -214.348604 
0.765064 3.400000 -218.151012 
0.770064 3.400000 -218.151012 
0.775064 3.400000 -229.558237 
0.780065 3.400000 -227.657033 
0.785065 3.400000 -227.657033 
0.790066 3.400000 -220.052217 
0.795066 3.400000 -221.953421 
0.800067 3.400000 -227.657033 
0.805067 3.400000 -227.657033 
0.810067 3.400000 -223.854625 
0.815068 3.400000 -225.755829 
0.820068 3.400000 -223.854625 
0.825069 3.400000 -231.459442 
0.830069 3.400000 -231.459442 
0.835069 3.400000 -227.657033 
0.840070 3.400000 -225.755829 
0.845070 3.400000 -233.360646 
0.850070 3.400000 -231.459442 
0.855070 3.400000 -227.657033 
0.860076 3.400000 -227.657033 
0.865077 3.400000 -233.360646 
0.870077 3.400000 -229.558237 
0.875077 3.400000 -225.755829 
0.880077 3.400000 -229.558237 
0.885078 3.400000 -227.657033 
0.890078 3.400000 -235.261850 
0.895079 3.400000 -231.459442 
0.900079 3.400000 -233.360646 
0.905079 3.400000 -231.459442 
0.910080 3.400000 -229.558237 
0.915080 3.400000 -239.064258 
0.920080 3.400000 -231.459442 
0.925081 3.400000 -235.261850 
0.930081 3.400000 -227.657033 
0.935081 3.400000 -235.261850 
0.940082 3.400000 -239.064258 
0.945082 3.400000 -235.261850 
0.950083 3.400000 -239.064258 
0.955083 3.400000 -240.965462 
0.960084 3.400000 -235.261850 
0.965084 3.400000 -233.360646 
0.970084 3.400000 -237.163054 
0.975084 3.400000 -237.163054 
0.980085 3.400000 -235.261850 
0.985085 3.400000 -244.767871 
0.990086 3.400000 -242.866666 
0.995086 3.400000 -246.669075 
