0.000001 2.200000 3.700331 
0.005001 2.200000 5.601535 
0.010001 2.200000 1.799127 
0.015002 2.200000 3.700331 
0.020002 2.200000 -0.102077 
0.025002 2.200000 -13.410506 
0.030003 2.200000 -53.335793 
0.035003 2.200000 -78.051447 
0.040011 2.200000 -108.470714 
0.045011 2.200000 -102.767101 
0.050011 2.200000 -108.470714 
0.055012 2.200000 -100.865897 
0.060012 2.200000 -106.569510 
0.065012 2.200000 -104.668305 
0.070012 2.200000 -102.767101 
0.075012 2.200000 -104.668305 
0.080012 2.200000 -100.865897 
0.085013 2.200000 -114.174326 
0.090013 2.200000 -117.976734 
0.095013 2.200000 -123.680347 
0.100013 2.200000 -131.285163 
0.105013 2.200000 -135.087572 
0.110013 2.200000 -131.285163 
0.115014 2.200000 -135.087572 
0.120014 2.200000 -135.087572 
0.125014 2.200000 -135.087572 
0.130014 2.200000 -136.988776 
0.135014 2.200000 -140.791184 
0.140014 2.200000 -135.087572 
0.145015 2.200000 -138.889980 
0.150015 2.200000 -142.692388 
0.155015 2.200000 -148.396001 
0.160015 2.200000 -146.494797 
0.165015 2.200000 -150.297205 
0.170015 2.200000 -144.593593 
0.175015 2.200000 -154.099613 
0.180015 2.200000 -142.692388 
0.185015 2.200000 -136.988776 
0.190016 2.200000 -140.791184 
0.195016 2.200000 -144.593593 
0.200016 2.200000 -152.198409 
0.205016 2.200000 -146.494797 
0.210016 2.200000 -148.396001 
0.215016 2.200000 -146.494797 
0.220016 2.200000 -150.297205 
0.225016 2.200000 -148.396001 
0.230016 2.200000 -142.692388 
0.235016 2.200000 -144.593593 
0.240017 2.200000 -140.791184 
0.245017 2.200000 -144.593593 
0.250017 2.200000 -150.297205 
0.255017 2.200000 -156.000817 
0.260017 2.200000 -148.396001 
0.265017 2.200000 -150.297205 
0.270017 2.200000 -142.692388 
0.275017 2.200000 -146.494797 
0.280017 2.200000 -144.593593 
0.285017 2.200000 -142.692388 
0.290018 2.200000 -144.593593 
0.295018 2.200000 -140.791184 
0.300018 2.200000 -146.494797 
0.305018 2.200000 -146.494797 
0.310018 2.200000 -144.593593 
0.315018 2.200000 -144.593593 
0.320018 2.200000 -146.494797 
0.325018 2.200000 -142.692388 
0.330018 2.200000 -133.186368 
0.335019 2.200000 -136.988776 
0.340019 2.200000 -138.889980 
0.345019 2.200000 -138.889980 
0.350019 2.200000 -138.889980 
0.355019 2.200000 -146.494797 
0.360019 2.200000 -144.593593 
0.365020 2.200000 -138.889980 
0.370020 2.200000 -136.988776 
0.375020 2.200000 -133.186368 
0.380020 2.200000 -136.988776 
0.385020 2.200000 -140.791184 
0.390020 2.200000 -136.988776 
0.395021 2.200000 -140.791184 
0.400021 2.200000 -136.988776 
0.405021 2.200000 -138.889980 
0.410021 2.200000 -131.285163 
0.415021 2.200000 -135.087572 
0.420021 2.200000 -140.791184 
0.425021 2.200000 -138.889980 
0.430021 2.200000 -136.988776 
0.435021 2.200000 -133.186368 
0.440022 2.200000 -140.791184 
0.445022 2.200000 -136.988776 
0.450022 2.200000 -131.285163 
0.455022 2.200000 -131.285163 
0.460022 2.200000 -129.383959 
0.465022 2.200000 -135.087572 
0.470022 2.200000 -133.186368 
0.475022 2.200000 -136.988776 
0.480022 2.200000 -127.482755 
0.485023 2.200000 -125.581551 
0.490023 2.200000 -129.383959 
0.495023 2.200000 -129.383959 
0.500023 2.200000 -133.186368 
0.505023 2.200000 -127.482755 
0.510023 2.200000 -127.482755 
0.515023 2.200000 -127.482755 
0.520023 2.200000 -131.285163 
0.525023 2.200000 -131.285163 
0.530024 2.200000 -136.988776 
0.535024 2.200000 -129.383959 
0.540024 2.200000 -131.285163 
0.545024 2.200000 -127.482755 
0.550024 2.200000 -131.285163 
0.555024 2.200000 -135.087572 
0.560024 2.200000 -129.383959 
0.565025 2.200000 -131.285163 
0.570025 2.200000 -129.383959 
0.575025 2.200000 -131.285163 
0.580025 2.200000 -127.482755 
0.585025 2.200000 -125.581551 
0.590025 2.200000 -123.680347 
0.595025 2.200000 -125.581551 
0.600025 2.200000 -127.482755 
0.605026 2.200000 -125.581551 
0.610026 2.200000 -125.581551 
0.615026 2.200000 -121.779143 
0.620026 2.200000 -121.779143 
0.625026 2.200000 -129.383959 
0.630026 2.200000 -131.285163 
0.635026 2.200000 -133.186368 
0.640026 2.200000 -121.779143 
0.645026 2.200000 -121.779143 
0.650026 2.200000 -119.877939 
0.655027 2.200000 -129.383959 
0.660027 2.200000 -129.383959 
0.665027 2.200000 -131.285163 
0.670027 2.200000 -125.581551 
0.675027 2.200000 -131.285163 
0.680027 2.200000 -129.383959 
0.685027 2.200000 -117.976734 
0.690027 2.200000 -119.877939 
0.695027 2.200000 -125.581551 
0.700028 2.200000 -129.383959 
0.705028 2.200000 -131.285163 
0.710028 2.200000 -129.383959 
0.715028 2.200000 -123.680347 
0.720028 2.200000 -123.680347 
0.725028 2.200000 -121.779143 
0.730028 2.200000 -125.581551 
0.735028 2.200000 -131.285163 
0.740029 2.200000 -123.680347 
0.745029 2.200000 -123.680347 
0.750029 2.200000 -119.877939 
0.755029 2.200000 -129.383959 
0.760029 2.200000 -127.482755 
0.765029 2.200000 -131.285163 
0.770029 2.200000 -123.680347 
0.775030 2.200000 -114.174326 
0.780030 2.200000 -121.779143 
0.785030 2.200000 -119.877939 
0.790030 2.200000 -119.877939 
0.795030 2.200000 -121.779143 
0.800030 2.200000 -125.581551 
0.805030 2.200000 -123.680347 
0.810030 2.200000 -121.779143 
0.815031 2.200000 -121.779143 
0.820031 2.200000 -123.680347 
0.825031 2.200000 -125.581551 
0.830031 2.200000 -119.877939 
0.835031 2.200000 -121.779143 
0.840031 2.200000 -117.976734 
0.845031 2.200000 -123.680347 
0.850031 2.200000 -125.581551 
0.855031 2.200000 -125.581551 
0.860032 2.200000 -129.383959 
0.865032 2.200000 -129.383959 
0.870032 2.200000 -117.976734 
0.875032 2.200000 -117.976734 
0.880032 2.200000 -121.779143 
0.885032 2.200000 -123.680347 
0.890032 2.200000 -131.285163 
0.895033 2.200000 -123.680347 
0.900033 2.200000 -116.075530 
0.905033 2.200000 -127.482755 
0.910033 2.200000 -123.680347 
0.915033 2.200000 -123.680347 
0.920034 2.200000 -125.581551 
0.925034 2.200000 -119.877939 
0.930034 2.200000 -121.779143 
0.935034 2.200000 -135.087572 
0.940035 2.200000 -121.779143 
0.945035 2.200000 -119.877939 
0.950035 2.200000 -121.779143 
0.955036 2.200000 -127.482755 
0.960036 2.200000 -127.482755 
0.965036 2.200000 -125.581551 
0.970036 2.200000 -121.779143 
0.975036 2.200000 -121.779143 
0.980036 2.200000 -123.680347 
0.985037 2.200000 -129.383959 
0.990037 2.200000 -117.976734 
0.995037 2.200000 -119.877939 
