0.000001 1.500000 6.066819 
0.005001 1.500000 4.165615 
0.010001 1.500000 2.264411 
0.015001 1.500000 -3.439202 
0.020001 1.500000 -1.537998 
0.025001 1.500000 -5.340406 
0.030002 1.500000 -1.537998 
0.035002 1.500000 -1.537998 
0.040002 1.500000 -1.537998 
0.045002 1.500000 -3.439202 
0.050002 1.500000 -7.241610 
0.055002 1.500000 -7.241610 
0.060002 1.500000 -24.352448 
0.065003 1.500000 -31.957264 
0.070003 1.500000 -35.759673 
0.075003 1.500000 -31.957264 
0.080003 1.500000 -39.562081 
0.085003 1.500000 -37.660877 
0.090003 1.500000 -43.364489 
0.095004 1.500000 -37.660877 
0.100004 1.500000 -39.562081 
0.105004 1.500000 -31.957264 
0.110005 1.500000 -41.463285 
0.115005 1.500000 -43.364489 
0.120005 1.500000 -31.957264 
0.125005 1.500000 -37.660877 
0.130005 1.500000 -35.759673 
0.135005 1.500000 -45.265693 
0.140005 1.500000 -41.463285 
0.145006 1.500000 -47.166897 
0.150006 1.500000 -50.969306 
0.155006 1.500000 -43.364489 
0.160006 1.500000 -47.166897 
0.165006 1.500000 -43.364489 
0.170007 1.500000 -39.562081 
0.175007 1.500000 -49.068102 
0.180007 1.500000 -43.364489 
0.185007 1.500000 -41.463285 
0.190007 1.500000 -45.265693 
0.195007 1.500000 -37.660877 
0.200008 1.500000 -43.364489 
0.205008 1.500000 -39.562081 
0.210008 1.500000 -45.265693 
0.215008 1.500000 -47.166897 
0.220008 1.500000 -49.068102 
0.225008 1.500000 -45.265693 
0.230008 1.500000 -54.771714 
0.235008 1.500000 -47.166897 
0.240009 1.500000 -49.068102 
0.245009 1.500000 -47.166897 
0.250009 1.500000 -43.364489 
0.255009 1.500000 -47.166897 
0.260010 1.500000 -45.265693 
0.265010 1.500000 -39.562081 
0.270010 1.500000 -45.265693 
0.275016 1.500000 -41.463285 
0.280016 1.500000 -41.463285 
0.285016 1.500000 -47.166897 
0.290016 1.500000 -41.463285 
0.295017 1.500000 -47.166897 
0.300017 1.500000 -45.265693 
0.305017 1.500000 -47.166897 
0.310017 1.500000 -52.870510 
0.315017 1.500000 -47.166897 
0.320017 1.500000 -50.969306 
0.325017 1.500000 -43.364489 
0.330017 1.500000 -47.166897 
0.335017 1.500000 -43.364489 
0.340017 1.500000 -45.265693 
0.345017 1.500000 -41.463285 
0.350018 1.500000 -52.870510 
0.355018 1.500000 -43.364489 
0.360018 1.500000 -52.870510 
0.365018 1.500000 -47.166897 
0.370018 1.500000 -41.463285 
0.375018 1.500000 -52.870510 
0.380018 1.500000 -45.265693 
0.385018 1.500000 -49.068102 
0.390018 1.500000 -39.562081 
0.395019 1.500000 -45.265693 
0.400019 1.500000 -49.068102 
0.405019 1.500000 -41.463285 
0.410019 1.500000 -47.166897 
0.415019 1.500000 -49.068102 
0.420019 1.500000 -41.463285 
0.425019 1.500000 -45.265693 
0.430019 1.500000 -47.166897 
0.435020 1.500000 -37.660877 
0.440020 1.500000 -45.265693 
0.445020 1.500000 -47.166897 
0.450020 1.500000 -41.463285 
0.455020 1.500000 -49.068102 
0.460020 1.500000 -43.364489 
0.465020 1.500000 -39.562081 
0.470021 1.500000 -45.265693 
0.475021 1.500000 -41.463285 
0.480021 1.500000 -45.265693 
0.485021 1.500000 -43.364489 
0.490021 1.500000 -45.265693 
0.495021 1.500000 -39.562081 
0.500021 1.500000 -37.660877 
0.505022 1.500000 -37.660877 
0.510022 1.500000 -33.858468 
0.515022 1.500000 -43.364489 
0.520022 1.500000 -39.562081 
0.525022 1.500000 -37.660877 
0.530022 1.500000 -45.265693 
0.535022 1.500000 -41.463285 
0.540022 1.500000 -33.858468 
0.545023 1.500000 -47.166897 
0.550023 1.500000 -39.562081 
0.555023 1.500000 -37.660877 
0.560023 1.500000 -45.265693 
0.565023 1.500000 -41.463285 
0.570023 1.500000 -35.759673 
0.575023 1.500000 -45.265693 
0.580023 1.500000 -43.364489 
0.585023 1.500000 -45.265693 
0.590024 1.500000 -31.957264 
0.595024 1.500000 -41.463285 
0.600024 1.500000 -39.562081 
0.605024 1.500000 -33.858468 
0.610024 1.500000 -37.660877 
0.615024 1.500000 -43.364489 
0.620024 1.500000 -33.858468 
0.625024 1.500000 -45.265693 
0.630024 1.500000 -37.660877 
0.635024 1.500000 -31.957264 
0.640024 1.500000 -37.660877 
0.645025 1.500000 -39.562081 
0.650025 1.500000 -31.957264 
0.655025 1.500000 -33.858468 
0.660025 1.500000 -39.562081 
0.665025 1.500000 -30.056060 
0.670025 1.500000 -37.660877 
0.675026 1.500000 -39.562081 
0.680027 1.500000 -33.858468 
0.685027 1.500000 -33.858468 
0.690027 1.500000 -35.759673 
0.695027 1.500000 -30.056060 
0.700027 1.500000 -31.957264 
0.705028 1.500000 -31.957264 
0.710028 1.500000 -30.056060 
0.715028 1.500000 -35.759673 
0.720028 1.500000 -33.858468 
0.725028 1.500000 -30.056060 
0.730028 1.500000 -31.957264 
0.735028 1.500000 -37.660877 
0.740028 1.500000 -33.858468 
0.745029 1.500000 -28.154856 
0.750029 1.500000 -35.759673 
0.755029 1.500000 -31.957264 
0.760029 1.500000 -37.660877 
0.765029 1.500000 -28.154856 
0.770029 1.500000 -31.957264 
0.775029 1.500000 -35.759673 
0.780029 1.500000 -28.154856 
0.785030 1.500000 -31.957264 
0.790030 1.500000 -37.660877 
0.795030 1.500000 -30.056060 
0.800030 1.500000 -28.154856 
0.805030 1.500000 -28.154856 
0.810030 1.500000 -35.759673 
0.815030 1.500000 -31.957264 
0.820030 1.500000 -30.056060 
0.825031 1.500000 -37.660877 
0.830031 1.500000 -30.056060 
0.835031 1.500000 -37.660877 
0.840031 1.500000 -30.056060 
0.845031 1.500000 -28.154856 
0.850031 1.500000 -37.660877 
0.855031 1.500000 -28.154856 
0.860031 1.500000 -30.056060 
0.865031 1.500000 -24.352448 
0.870032 1.500000 -35.759673 
0.875032 1.500000 -31.957264 
0.880032 1.500000 -30.056060 
0.885032 1.500000 -28.154856 
0.890032 1.500000 -31.957264 
0.895032 1.500000 -35.759673 
0.900033 1.500000 -28.154856 
0.905033 1.500000 -35.759673 
0.910033 1.500000 -28.154856 
0.915033 1.500000 -31.957264 
0.920033 1.500000 -28.154856 
0.925033 1.500000 -31.957264 
0.930033 1.500000 -30.056060 
0.935033 1.500000 -28.154856 
0.940034 1.500000 -22.451243 
0.945034 1.500000 -26.253652 
0.950034 1.500000 -30.056060 
0.955034 1.500000 -26.253652 
0.960034 1.500000 -24.352448 
0.965034 1.500000 -26.253652 
0.970035 1.500000 -33.858468 
0.975035 1.500000 -28.154856 
0.980035 1.500000 -30.056060 
0.985035 1.500000 -30.056060 
0.990035 1.500000 -26.253652 
0.995035 1.500000 -30.056060 
