0.000001 3.200000 -1.630542 
0.005001 3.200000 0.270663 
0.010001 3.200000 -1.630542 
0.015002 3.200000 -1.630542 
0.020002 3.200000 -26.346196 
0.025002 3.200000 -58.666666 
0.030002 3.200000 -94.789545 
0.035002 3.200000 -140.418445 
0.040003 3.200000 -157.529282 
0.045003 3.200000 -180.343732 
0.050003 3.200000 -178.442528 
0.055003 3.200000 -182.244936 
0.060003 3.200000 -182.244936 
0.065003 3.200000 -184.146140 
0.070003 3.200000 -189.849753 
0.075004 3.200000 -197.454569 
0.080004 3.200000 -208.861794 
0.085004 3.200000 -212.664202 
0.090004 3.200000 -208.861794 
0.095004 3.200000 -214.565407 
0.100004 3.200000 -214.565407 
0.105005 3.200000 -212.664202 
0.110005 3.200000 -218.367815 
0.115005 3.200000 -212.664202 
0.120005 3.200000 -212.664202 
0.125005 3.200000 -208.861794 
0.130005 3.200000 -220.269019 
0.135006 3.200000 -216.466611 
0.140006 3.200000 -222.170223 
0.145006 3.200000 -218.367815 
0.150007 3.200000 -218.367815 
0.155007 3.200000 -225.972631 
0.160008 3.200000 -225.972631 
0.165008 3.200000 -220.269019 
0.170008 3.200000 -216.466611 
0.175009 3.200000 -224.071427 
0.180010 3.200000 -222.170223 
0.185010 3.200000 -216.466611 
0.190011 3.200000 -218.367815 
0.195011 3.200000 -214.565407 
0.200012 3.200000 -218.367815 
0.205012 3.200000 -214.565407 
0.210013 3.200000 -214.565407 
0.215013 3.200000 -214.565407 
0.220013 3.200000 -220.269019 
0.225014 3.200000 -220.269019 
0.230014 3.200000 -220.269019 
0.235015 3.200000 -214.565407 
0.240015 3.200000 -216.466611 
0.245016 3.200000 -218.367815 
0.250016 3.200000 -218.367815 
0.255017 3.200000 -220.269019 
0.260018 3.200000 -224.071427 
0.265018 3.200000 -220.269019 
0.270019 3.200000 -225.972631 
0.275019 3.200000 -220.269019 
0.280020 3.200000 -216.466611 
0.285020 3.200000 -210.762998 
0.290020 3.200000 -212.664202 
0.295020 3.200000 -220.269019 
0.300020 3.200000 -220.269019 
0.305021 3.200000 -214.565407 
0.310021 3.200000 -218.367815 
0.315021 3.200000 -206.960590 
0.320021 3.200000 -212.664202 
0.325021 3.200000 -208.861794 
0.330021 3.200000 -212.664202 
0.335022 3.200000 -208.861794 
0.340022 3.200000 -208.861794 
0.345022 3.200000 -212.664202 
0.350022 3.200000 -212.664202 
0.355022 3.200000 -208.861794 
0.360023 3.200000 -210.762998 
0.365023 3.200000 -208.861794 
0.370023 3.200000 -210.762998 
0.375023 3.200000 -216.466611 
0.380023 3.200000 -214.565407 
0.385024 3.200000 -203.158182 
0.390024 3.200000 -214.565407 
0.395025 3.200000 -212.664202 
0.400025 3.200000 -212.664202 
0.405025 3.200000 -214.565407 
0.410025 3.200000 -208.861794 
0.415026 3.200000 -208.861794 
0.420026 3.200000 -210.762998 
0.425027 3.200000 -208.861794 
0.430027 3.200000 -212.664202 
0.435028 3.200000 -216.466611 
0.440028 3.200000 -205.059386 
0.445028 3.200000 -205.059386 
0.450029 3.200000 -214.565407 
0.455029 3.200000 -216.466611 
0.460029 3.200000 -208.861794 
0.465030 3.200000 -210.762998 
0.470030 3.200000 -206.960590 
0.475030 3.200000 -205.059386 
0.480031 3.200000 -212.664202 
0.485031 3.200000 -210.762998 
0.490032 3.200000 -212.664202 
0.495032 3.200000 -206.960590 
0.500033 3.200000 -212.664202 
0.505033 3.200000 -203.158182 
0.510034 3.200000 -206.960590 
0.515034 3.200000 -208.861794 
0.520035 3.200000 -216.466611 
0.525035 3.200000 -214.565407 
0.530035 3.200000 -205.059386 
0.535035 3.200000 -208.861794 
0.540036 3.200000 -201.256977 
0.545037 3.200000 -212.664202 
0.550037 3.200000 -214.565407 
0.555037 3.200000 -216.466611 
0.560038 3.200000 -208.861794 
0.565038 3.200000 -203.158182 
0.570039 3.200000 -206.960590 
0.575040 3.200000 -206.960590 
0.580040 3.200000 -208.861794 
0.585041 3.200000 -205.059386 
0.590041 3.200000 -214.565407 
0.595041 3.200000 -210.762998 
0.600042 3.200000 -206.960590 
0.605042 3.200000 -208.861794 
0.610042 3.200000 -214.565407 
0.615042 3.200000 -201.256977 
0.620042 3.200000 -203.158182 
0.625043 3.200000 -206.960590 
0.630043 3.200000 -218.367815 
0.635044 3.200000 -210.762998 
0.640044 3.200000 -205.059386 
0.645045 3.200000 -205.059386 
0.650045 3.200000 -212.664202 
0.655046 3.200000 -210.762998 
0.660047 3.200000 -214.565407 
0.665047 3.200000 -206.960590 
0.670048 3.200000 -214.565407 
0.675048 3.200000 -206.960590 
0.680049 3.200000 -218.367815 
0.685049 3.200000 -208.861794 
0.690050 3.200000 -214.565407 
0.695050 3.200000 -206.960590 
0.700051 3.200000 -210.762998 
0.705051 3.200000 -208.861794 
0.710052 3.200000 -216.466611 
0.715052 3.200000 -218.367815 
0.720053 3.200000 -206.960590 
0.725053 3.200000 -210.762998 
0.730054 3.200000 -208.861794 
0.735055 3.200000 -206.960590 
0.740055 3.200000 -212.664202 
0.745056 3.200000 -218.367815 
0.750056 3.200000 -210.762998 
0.755056 3.200000 -212.664202 
0.760057 3.200000 -212.664202 
0.765058 3.200000 -208.861794 
0.770058 3.200000 -212.664202 
0.775058 3.200000 -212.664202 
0.780059 3.200000 -216.466611 
0.785059 3.200000 -212.664202 
0.790060 3.200000 -214.565407 
0.795060 3.200000 -218.367815 
0.800060 3.200000 -218.367815 
0.805060 3.200000 -224.071427 
0.810061 3.200000 -222.170223 
0.815062 3.200000 -220.269019 
0.820062 3.200000 -218.367815 
0.825063 3.200000 -208.861794 
0.830063 3.200000 -218.367815 
0.835064 3.200000 -216.466611 
0.840066 3.200000 -224.071427 
0.845066 3.200000 -224.071427 
0.850067 3.200000 -225.972631 
0.855067 3.200000 -218.367815 
0.860067 3.200000 -220.269019 
0.865068 3.200000 -225.972631 
0.870069 3.200000 -220.269019 
0.875069 3.200000 -224.071427 
0.880069 3.200000 -225.972631 
0.885069 3.200000 -224.071427 
0.890070 3.200000 -224.071427 
0.895070 3.200000 -227.873836 
0.900070 3.200000 -227.873836 
0.905071 3.200000 -224.071427 
0.910071 3.200000 -231.676244 
0.915072 3.200000 -229.775040 
0.920072 3.200000 -220.269019 
0.925073 3.200000 -227.873836 
0.930073 3.200000 -233.577448 
0.935074 3.200000 -224.071427 
0.940074 3.200000 -229.775040 
0.945075 3.200000 -227.873836 
0.950076 3.200000 -231.676244 
0.955076 3.200000 -233.577448 
0.960077 3.200000 -229.775040 
0.965077 3.200000 -227.873836 
0.970078 3.200000 -225.972631 
0.975078 3.200000 -231.676244 
0.980078 3.200000 -225.972631 
0.985078 3.200000 -227.873836 
0.990078 3.200000 -233.577448 
0.995078 3.200000 -237.379856 
