0.000001 1.800000 -2.901933 
0.005001 1.800000 0.900475 
0.010001 1.800000 -2.901933 
0.015001 1.800000 2.801679 
0.020001 1.800000 0.900475 
0.025002 1.800000 0.900475 
0.030002 1.800000 -8.605545 
0.035004 1.800000 -14.309158 
0.040004 1.800000 -39.024812 
0.045004 1.800000 -56.135649 
0.050004 1.800000 -67.542874 
0.055004 1.800000 -71.345282 
0.060005 1.800000 -67.542874 
0.065005 1.800000 -73.246487 
0.070005 1.800000 -65.641670 
0.075005 1.800000 -69.444078 
0.080005 1.800000 -71.345282 
0.085006 1.800000 -69.444078 
0.090006 1.800000 -73.246487 
0.095006 1.800000 -71.345282 
0.100007 1.800000 -71.345282 
0.105007 1.800000 -75.147691 
0.110007 1.800000 -75.147691 
0.115019 1.800000 -84.653712 
0.120019 1.800000 -92.258528 
0.125019 1.800000 -92.258528 
0.130019 1.800000 -88.456120 
0.135020 1.800000 -94.159732 
0.140028 1.800000 -97.962141 
0.145037 1.800000 -88.456120 
0.150038 1.800000 -96.060936 
0.155038 1.800000 -97.962141 
0.160038 1.800000 -84.653712 
0.165038 1.800000 -94.159732 
0.170038 1.800000 -90.357324 
0.175039 1.800000 -96.060936 
0.180039 1.800000 -96.060936 
0.185039 1.800000 -92.258528 
0.190039 1.800000 -94.159732 
0.195039 1.800000 -99.863345 
0.200040 1.800000 -94.159732 
0.205040 1.800000 -99.863345 
0.210040 1.800000 -96.060936 
0.215040 1.800000 -99.863345 
0.220041 1.800000 -94.159732 
0.225061 1.800000 -99.863345 
0.230061 1.800000 -105.566957 
0.235067 1.800000 -101.764549 
0.240067 1.800000 -101.764549 
0.245068 1.800000 -94.159732 
0.250068 1.800000 -96.060936 
0.255068 1.800000 -101.764549 
0.260068 1.800000 -94.159732 
0.265068 1.800000 -92.258528 
0.270069 1.800000 -97.962141 
0.275069 1.800000 -96.060936 
0.280069 1.800000 -101.764549 
0.285069 1.800000 -96.060936 
0.290079 1.800000 -101.764549 
0.295079 1.800000 -107.468161 
0.300079 1.800000 -101.764549 
0.305079 1.800000 -97.962141 
0.310079 1.800000 -97.962141 
0.315080 1.800000 -96.060936 
0.320080 1.800000 -94.159732 
0.325080 1.800000 -97.962141 
0.330080 1.800000 -90.357324 
0.335080 1.800000 -94.159732 
0.340080 1.800000 -92.258528 
0.345080 1.800000 -103.665753 
0.350080 1.800000 -88.456120 
0.355080 1.800000 -96.060936 
0.360081 1.800000 -94.159732 
0.365081 1.800000 -97.962141 
0.370081 1.800000 -101.764549 
0.375081 1.800000 -88.456120 
0.380081 1.800000 -97.962141 
0.385084 1.800000 -94.159732 
0.390084 1.800000 -94.159732 
0.395084 1.800000 -96.060936 
0.400084 1.800000 -88.456120 
0.405085 1.800000 -96.060936 
0.410085 1.800000 -92.258528 
0.415085 1.800000 -94.159732 
0.420085 1.800000 -92.258528 
0.425085 1.800000 -96.060936 
0.430085 1.800000 -92.258528 
0.435085 1.800000 -94.159732 
0.440101 1.800000 -92.258528 
0.445102 1.800000 -84.653712 
0.450102 1.800000 -92.258528 
0.455102 1.800000 -82.752507 
0.460102 1.800000 -94.159732 
0.465102 1.800000 -94.159732 
0.470102 1.800000 -90.357324 
0.475102 1.800000 -84.653712 
0.480102 1.800000 -86.554916 
0.485102 1.800000 -82.752507 
0.490103 1.800000 -86.554916 
0.495106 1.800000 -80.851303 
0.500106 1.800000 -90.357324 
0.505106 1.800000 -84.653712 
0.510106 1.800000 -88.456120 
0.515106 1.800000 -78.950099 
0.520107 1.800000 -80.851303 
0.525124 1.800000 -90.357324 
0.530124 1.800000 -78.950099 
0.535124 1.800000 -86.554916 
0.540126 1.800000 -80.851303 
0.545127 1.800000 -82.752507 
0.550127 1.800000 -77.048895 
0.555127 1.800000 -80.851303 
0.560127 1.800000 -77.048895 
0.565127 1.800000 -88.456120 
0.570127 1.800000 -80.851303 
0.575127 1.800000 -84.653712 
0.580127 1.800000 -80.851303 
0.585127 1.800000 -86.554916 
0.590127 1.800000 -84.653712 
0.595128 1.800000 -82.752507 
0.600128 1.800000 -86.554916 
0.605128 1.800000 -78.950099 
0.610128 1.800000 -82.752507 
0.615149 1.800000 -75.147691 
0.620149 1.800000 -78.950099 
0.625149 1.800000 -77.048895 
0.630160 1.800000 -82.752507 
0.635161 1.800000 -77.048895 
0.640161 1.800000 -80.851303 
0.645161 1.800000 -77.048895 
0.650162 1.800000 -80.851303 
0.655162 1.800000 -80.851303 
0.660177 1.800000 -84.653712 
0.665177 1.800000 -73.246487 
0.670178 1.800000 -78.950099 
0.675178 1.800000 -78.950099 
0.680178 1.800000 -78.950099 
0.685178 1.800000 -73.246487 
0.690178 1.800000 -77.048895 
0.695178 1.800000 -71.345282 
0.700178 1.800000 -75.147691 
0.705179 1.800000 -77.048895 
0.710179 1.800000 -77.048895 
0.715179 1.800000 -84.653712 
0.720179 1.800000 -71.345282 
0.725179 1.800000 -78.950099 
0.730180 1.800000 -77.048895 
0.735180 1.800000 -78.950099 
0.740180 1.800000 -75.147691 
0.745180 1.800000 -78.950099 
0.750180 1.800000 -67.542874 
0.755181 1.800000 -75.147691 
0.760181 1.800000 -69.444078 
0.765181 1.800000 -75.147691 
0.770181 1.800000 -75.147691 
0.775181 1.800000 -78.950099 
0.780182 1.800000 -65.641670 
0.785182 1.800000 -71.345282 
0.790182 1.800000 -75.147691 
0.795182 1.800000 -77.048895 
0.800182 1.800000 -75.147691 
0.805182 1.800000 -77.048895 
0.810183 1.800000 -73.246487 
0.815183 1.800000 -75.147691 
0.820183 1.800000 -67.542874 
0.825183 1.800000 -69.444078 
0.830183 1.800000 -75.147691 
0.835183 1.800000 -78.950099 
0.840184 1.800000 -69.444078 
0.845184 1.800000 -69.444078 
0.850184 1.800000 -69.444078 
0.855184 1.800000 -71.345282 
0.860184 1.800000 -73.246487 
0.865184 1.800000 -78.950099 
0.870185 1.800000 -71.345282 
0.875185 1.800000 -71.345282 
0.880185 1.800000 -65.641670 
0.885185 1.800000 -77.048895 
0.890185 1.800000 -67.542874 
0.895185 1.800000 -71.345282 
0.900185 1.800000 -63.740466 
0.905186 1.800000 -71.345282 
0.910186 1.800000 -73.246487 
0.915186 1.800000 -67.542874 
0.920186 1.800000 -75.147691 
0.925186 1.800000 -71.345282 
0.930186 1.800000 -69.444078 
0.935186 1.800000 -69.444078 
0.940186 1.800000 -63.740466 
0.945204 1.800000 -71.345282 
0.950204 1.800000 -71.345282 
0.955204 1.800000 -73.246487 
0.960204 1.800000 -61.839262 
0.965205 1.800000 -67.542874 
0.970205 1.800000 -71.345282 
0.975205 1.800000 -69.444078 
0.980205 1.800000 -67.542874 
0.985205 1.800000 -63.740466 
0.990205 1.800000 -67.542874 
0.995206 1.800000 -73.246487 
