0.000001 2.600000 0.795660 
0.005001 2.600000 4.598068 
0.010001 2.600000 -6.809157 
0.015001 2.600000 -1.105545 
0.020001 2.600000 -6.809157 
0.025001 2.600000 -58.141669 
0.030001 2.600000 -82.857323 
0.035002 2.600000 -130.387427 
0.040002 2.600000 -130.387427 
0.045002 2.600000 -134.189835 
0.050002 2.600000 -136.091039 
0.055002 2.600000 -134.189835 
0.060002 2.600000 -134.189835 
0.065002 2.600000 -132.288631 
0.070003 2.600000 -139.893448 
0.075003 2.600000 -155.103081 
0.080003 2.600000 -162.707897 
0.085003 2.600000 -168.411510 
0.090003 2.600000 -168.411510 
0.095003 2.600000 -170.312714 
0.100004 2.600000 -160.806693 
0.105004 2.600000 -162.707897 
0.110004 2.600000 -160.806693 
0.115004 2.600000 -172.213918 
0.120004 2.600000 -177.917531 
0.125005 2.600000 -181.719939 
0.130005 2.600000 -181.719939 
0.135005 2.600000 -179.818735 
0.140005 2.600000 -177.917531 
0.145005 2.600000 -187.423551 
0.150005 2.600000 -183.621143 
0.155005 2.600000 -177.917531 
0.160006 2.600000 -185.522347 
0.165006 2.600000 -179.818735 
0.170006 2.600000 -183.621143 
0.175006 2.600000 -189.324756 
0.180007 2.600000 -187.423551 
0.185007 2.600000 -189.324756 
0.190007 2.600000 -191.225960 
0.195008 2.600000 -183.621143 
0.200008 2.600000 -185.522347 
0.205008 2.600000 -183.621143 
0.210009 2.600000 -183.621143 
0.215028 2.600000 -189.324756 
0.220028 2.600000 -187.423551 
0.225028 2.600000 -187.423551 
0.230028 2.600000 -191.225960 
0.235029 2.600000 -183.621143 
0.240029 2.600000 -183.621143 
0.245029 2.600000 -176.016327 
0.250029 2.600000 -179.818735 
0.255029 2.600000 -185.522347 
0.260029 2.600000 -183.621143 
0.265029 2.600000 -185.522347 
0.270030 2.600000 -185.522347 
0.275030 2.600000 -179.818735 
0.280030 2.600000 -183.621143 
0.285031 2.600000 -174.115122 
0.290031 2.600000 -181.719939 
0.295032 2.600000 -183.621143 
0.300032 2.600000 -179.818735 
0.305032 2.600000 -181.719939 
0.310033 2.600000 -181.719939 
0.315033 2.600000 -181.719939 
0.320033 2.600000 -176.016327 
0.325033 2.600000 -185.522347 
0.330033 2.600000 -179.818735 
0.335034 2.600000 -174.115122 
0.340035 2.600000 -183.621143 
0.345035 2.600000 -174.115122 
0.350035 2.600000 -183.621143 
0.355036 2.600000 -179.818735 
0.360036 2.600000 -179.818735 
0.365036 2.600000 -185.522347 
0.370037 2.600000 -181.719939 
0.375037 2.600000 -172.213918 
0.380037 2.600000 -174.115122 
0.385038 2.600000 -179.818735 
0.390038 2.600000 -179.818735 
0.395039 2.600000 -177.917531 
0.400039 2.600000 -174.115122 
0.405039 2.600000 -177.917531 
0.410040 2.600000 -172.213918 
0.415040 2.600000 -172.213918 
0.420040 2.600000 -176.016327 
0.425041 2.600000 -177.917531 
0.430042 2.600000 -172.213918 
0.435042 2.600000 -164.609102 
0.440042 2.600000 -170.312714 
0.445042 2.600000 -179.818735 
0.450042 2.600000 -176.016327 
0.455043 2.600000 -174.115122 
0.460044 2.600000 -164.609102 
0.465044 2.600000 -166.510306 
0.470044 2.600000 -168.411510 
0.475044 2.600000 -172.213918 
0.480045 2.600000 -176.016327 
0.485045 2.600000 -170.312714 
0.490046 2.600000 -170.312714 
0.495046 2.600000 -162.707897 
0.500046 2.600000 -166.510306 
0.505047 2.600000 -172.213918 
0.510047 2.600000 -174.115122 
0.515048 2.600000 -166.510306 
0.520048 2.600000 -164.609102 
0.525049 2.600000 -170.312714 
0.530049 2.600000 -164.609102 
0.535050 2.600000 -170.312714 
0.540050 2.600000 -172.213918 
0.545051 2.600000 -170.312714 
0.550051 2.600000 -174.115122 
0.555052 2.600000 -162.707897 
0.560052 2.600000 -174.115122 
0.565053 2.600000 -172.213918 
0.570053 2.600000 -172.213918 
0.575054 2.600000 -170.312714 
0.580054 2.600000 -162.707897 
0.585054 2.600000 -164.609102 
0.590054 2.600000 -174.115122 
0.595055 2.600000 -172.213918 
0.600056 2.600000 -177.917531 
0.605056 2.600000 -170.312714 
0.610056 2.600000 -170.312714 
0.615057 2.600000 -170.312714 
0.620057 2.600000 -162.707897 
0.625057 2.600000 -170.312714 
0.630058 2.600000 -174.115122 
0.635058 2.600000 -172.213918 
0.640059 2.600000 -174.115122 
0.645059 2.600000 -162.707897 
0.650060 2.600000 -164.609102 
0.655060 2.600000 -172.213918 
0.660060 2.600000 -174.115122 
0.665061 2.600000 -164.609102 
0.670061 2.600000 -172.213918 
0.675062 2.600000 -168.411510 
0.680062 2.600000 -162.707897 
0.685062 2.600000 -170.312714 
0.690062 2.600000 -170.312714 
0.695062 2.600000 -162.707897 
0.700063 2.600000 -174.115122 
0.705063 2.600000 -166.510306 
0.710063 2.600000 -172.213918 
0.715066 2.600000 -168.411510 
0.720066 2.600000 -168.411510 
0.725066 2.600000 -168.411510 
0.730066 2.600000 -174.115122 
0.735066 2.600000 -172.213918 
0.740067 2.600000 -168.411510 
0.745067 2.600000 -168.411510 
0.750068 2.600000 -162.707897 
0.755068 2.600000 -166.510306 
0.760069 2.600000 -166.510306 
0.765069 2.600000 -172.213918 
0.770070 2.600000 -176.016327 
0.775070 2.600000 -168.411510 
0.780070 2.600000 -162.707897 
0.785070 2.600000 -170.312714 
0.790071 2.600000 -170.312714 
0.795071 2.600000 -168.411510 
0.800071 2.600000 -176.016327 
0.805071 2.600000 -168.411510 
0.810072 2.600000 -172.213918 
0.815072 2.600000 -162.707897 
0.820072 2.600000 -158.905489 
0.825072 2.600000 -172.213918 
0.830073 2.600000 -177.917531 
0.835073 2.600000 -181.719939 
0.840076 2.600000 -162.707897 
0.845076 2.600000 -162.707897 
0.850076 2.600000 -170.312714 
0.855077 2.600000 -170.312714 
0.860077 2.600000 -176.016327 
0.865077 2.600000 -174.115122 
0.870077 2.600000 -164.609102 
0.875077 2.600000 -166.510306 
0.880078 2.600000 -160.806693 
0.885078 2.600000 -162.707897 
0.890078 2.600000 -170.312714 
0.895078 2.600000 -170.312714 
0.900078 2.600000 -179.818735 
0.905078 2.600000 -172.213918 
0.910079 2.600000 -170.312714 
0.915079 2.600000 -170.312714 
0.920080 2.600000 -170.312714 
0.925080 2.600000 -185.522347 
0.930080 2.600000 -172.213918 
0.935080 2.600000 -177.917531 
0.940080 2.600000 -174.115122 
0.945081 2.600000 -172.213918 
0.950081 2.600000 -177.917531 
0.955081 2.600000 -177.917531 
0.960081 2.600000 -181.719939 
0.965081 2.600000 -179.818735 
0.970082 2.600000 -176.016327 
0.975082 2.600000 -170.312714 
0.980082 2.600000 -179.818735 
0.985082 2.600000 -179.818735 
0.990082 2.600000 -185.522347 
0.995082 2.600000 -177.917531 
