0.000001 3.000000 0.551441 
0.005001 3.000000 -3.250967 
0.010001 3.000000 4.353850 
0.015001 3.000000 -3.250967 
0.020001 3.000000 -35.571438 
0.025001 3.000000 -64.089500 
0.030001 3.000000 -86.903950 
0.035002 3.000000 -140.137666 
0.040002 3.000000 -140.137666 
0.045002 3.000000 -164.853320 
0.050002 3.000000 -162.952116 
0.055002 3.000000 -159.149707 
0.060002 3.000000 -168.655728 
0.065003 3.000000 -172.458136 
0.070003 3.000000 -187.667770 
0.075003 3.000000 -191.470178 
0.080003 3.000000 -195.272586 
0.085003 3.000000 -197.173790 
0.090003 3.000000 -195.272586 
0.095004 3.000000 -191.470178 
0.100004 3.000000 -202.877403 
0.105004 3.000000 -202.877403 
0.110004 3.000000 -200.976199 
0.115005 3.000000 -200.976199 
0.120005 3.000000 -204.778607 
0.125005 3.000000 -206.679811 
0.130005 3.000000 -202.877403 
0.135005 3.000000 -202.877403 
0.140006 3.000000 -204.778607 
0.145006 3.000000 -206.679811 
0.150006 3.000000 -216.185832 
0.155010 3.000000 -216.185832 
0.160010 3.000000 -219.988240 
0.165010 3.000000 -214.284628 
0.170010 3.000000 -210.482219 
0.175011 3.000000 -212.383424 
0.180011 3.000000 -204.778607 
0.185011 3.000000 -206.679811 
0.190011 3.000000 -208.581015 
0.195012 3.000000 -214.284628 
0.200012 3.000000 -210.482219 
0.205012 3.000000 -208.581015 
0.210012 3.000000 -214.284628 
0.215013 3.000000 -199.074995 
0.220013 3.000000 -202.877403 
0.225013 3.000000 -206.679811 
0.230013 3.000000 -208.581015 
0.235013 3.000000 -216.185832 
0.240013 3.000000 -206.679811 
0.245014 3.000000 -210.482219 
0.250014 3.000000 -202.877403 
0.255014 3.000000 -202.877403 
0.260015 3.000000 -204.778607 
0.265015 3.000000 -212.383424 
0.270015 3.000000 -208.581015 
0.275015 3.000000 -208.581015 
0.280015 3.000000 -212.383424 
0.285015 3.000000 -208.581015 
0.290016 3.000000 -202.877403 
0.295016 3.000000 -210.482219 
0.300016 3.000000 -197.173790 
0.305016 3.000000 -206.679811 
0.310016 3.000000 -212.383424 
0.315016 3.000000 -208.581015 
0.320016 3.000000 -202.877403 
0.325016 3.000000 -202.877403 
0.330017 3.000000 -200.976199 
0.335017 3.000000 -197.173790 
0.340017 3.000000 -206.679811 
0.345017 3.000000 -199.074995 
0.350017 3.000000 -200.976199 
0.355017 3.000000 -204.778607 
0.360018 3.000000 -206.679811 
0.365018 3.000000 -199.074995 
0.370018 3.000000 -202.877403 
0.375018 3.000000 -202.877403 
0.380018 3.000000 -193.371382 
0.385018 3.000000 -206.679811 
0.390018 3.000000 -197.173790 
0.395018 3.000000 -202.877403 
0.400018 3.000000 -204.778607 
0.405018 3.000000 -197.173790 
0.410018 3.000000 -202.877403 
0.415019 3.000000 -195.272586 
0.420019 3.000000 -202.877403 
0.425019 3.000000 -204.778607 
0.430019 3.000000 -195.272586 
0.435019 3.000000 -195.272586 
0.440019 3.000000 -200.976199 
0.445019 3.000000 -199.074995 
0.450020 3.000000 -200.976199 
0.455020 3.000000 -202.877403 
0.460020 3.000000 -191.470178 
0.465020 3.000000 -197.173790 
0.470020 3.000000 -202.877403 
0.475020 3.000000 -195.272586 
0.480021 3.000000 -202.877403 
0.485021 3.000000 -200.976199 
0.490021 3.000000 -202.877403 
0.495021 3.000000 -200.976199 
0.500021 3.000000 -202.877403 
0.505021 3.000000 -204.778607 
0.510021 3.000000 -202.877403 
0.515021 3.000000 -197.173790 
0.520022 3.000000 -200.976199 
0.525022 3.000000 -195.272586 
0.530022 3.000000 -197.173790 
0.535022 3.000000 -195.272586 
0.540022 3.000000 -195.272586 
0.545022 3.000000 -197.173790 
0.550022 3.000000 -197.173790 
0.555023 3.000000 -200.976199 
0.560023 3.000000 -200.976199 
0.565023 3.000000 -193.371382 
0.570023 3.000000 -193.371382 
0.575023 3.000000 -199.074995 
0.580023 3.000000 -193.371382 
0.585023 3.000000 -200.976199 
0.590024 3.000000 -197.173790 
0.595024 3.000000 -199.074995 
0.600024 3.000000 -199.074995 
0.605024 3.000000 -189.568974 
0.610024 3.000000 -200.976199 
0.615024 3.000000 -191.470178 
0.620024 3.000000 -200.976199 
0.625024 3.000000 -187.667770 
0.630025 3.000000 -197.173790 
0.635025 3.000000 -199.074995 
0.640025 3.000000 -199.074995 
0.645025 3.000000 -197.173790 
0.650025 3.000000 -197.173790 
0.655025 3.000000 -195.272586 
0.660025 3.000000 -199.074995 
0.665025 3.000000 -200.976199 
0.670026 3.000000 -195.272586 
0.675026 3.000000 -195.272586 
0.680026 3.000000 -191.470178 
0.685026 3.000000 -197.173790 
0.690026 3.000000 -204.778607 
0.695026 3.000000 -197.173790 
0.700026 3.000000 -199.074995 
0.705027 3.000000 -197.173790 
0.710027 3.000000 -193.371382 
0.715027 3.000000 -204.778607 
0.720027 3.000000 -206.679811 
0.725027 3.000000 -210.482219 
0.730027 3.000000 -195.272586 
0.735028 3.000000 -195.272586 
0.740028 3.000000 -200.976199 
0.745028 3.000000 -200.976199 
0.750028 3.000000 -204.778607 
0.755028 3.000000 -206.679811 
0.760028 3.000000 -199.074995 
0.765028 3.000000 -197.173790 
0.770029 3.000000 -202.877403 
0.775029 3.000000 -199.074995 
0.780029 3.000000 -202.877403 
0.785029 3.000000 -214.284628 
0.790029 3.000000 -197.173790 
0.795029 3.000000 -199.074995 
0.800029 3.000000 -199.074995 
0.805029 3.000000 -202.877403 
0.810029 3.000000 -206.679811 
0.815030 3.000000 -208.581015 
0.820030 3.000000 -200.976199 
0.825030 3.000000 -199.074995 
0.830030 3.000000 -204.778607 
0.835030 3.000000 -202.877403 
0.840030 3.000000 -200.976199 
0.845030 3.000000 -199.074995 
0.850032 3.000000 -208.581015 
0.855032 3.000000 -212.383424 
0.860032 3.000000 -204.778607 
0.865032 3.000000 -210.482219 
0.870032 3.000000 -206.679811 
0.875032 3.000000 -202.877403 
0.880032 3.000000 -210.482219 
0.885032 3.000000 -218.087036 
0.890032 3.000000 -204.778607 
0.895033 3.000000 -208.581015 
0.900033 3.000000 -206.679811 
0.905033 3.000000 -206.679811 
0.910033 3.000000 -218.087036 
0.915033 3.000000 -214.284628 
0.920033 3.000000 -212.383424 
0.925033 3.000000 -216.185832 
0.930034 3.000000 -216.185832 
0.935034 3.000000 -212.383424 
0.940034 3.000000 -219.988240 
0.945034 3.000000 -208.581015 
0.950034 3.000000 -212.383424 
0.955034 3.000000 -219.988240 
0.960035 3.000000 -218.087036 
0.965035 3.000000 -216.185832 
0.970035 3.000000 -219.988240 
0.975035 3.000000 -219.988240 
0.980042 3.000000 -216.185832 
0.985042 3.000000 -221.889444 
0.990043 3.000000 -218.087036 
0.995043 3.000000 -212.383424 
