0.000000 3.300000 0.766248 
0.005001 3.300000 0.766248 
0.010001 3.300000 -3.036161 
0.015001 3.300000 -10.640977 
0.020001 3.300000 -44.862652 
0.025001 3.300000 -56.269877 
0.030002 3.300000 -98.096368 
0.035002 3.300000 -134.219247 
0.040002 3.300000 -157.033697 
0.045002 3.300000 -185.551759 
0.050002 3.300000 -185.551759 
0.055002 3.300000 -185.551759 
0.060002 3.300000 -185.551759 
0.065003 3.300000 -191.255372 
0.070003 3.300000 -187.452963 
0.075003 3.300000 -193.156576 
0.080003 3.300000 -202.662596 
0.085003 3.300000 -214.069821 
0.090003 3.300000 -219.773434 
0.095003 3.300000 -217.872230 
0.100003 3.300000 -221.674638 
0.105003 3.300000 -215.971026 
0.110003 3.300000 -214.069821 
0.115004 3.300000 -217.872230 
0.120004 3.300000 -215.971026 
0.125004 3.300000 -219.773434 
0.130004 3.300000 -217.872230 
0.135004 3.300000 -221.674638 
0.140004 3.300000 -225.477046 
0.145004 3.300000 -223.575842 
0.150004 3.300000 -233.081863 
0.155005 3.300000 -223.575842 
0.160005 3.300000 -221.674638 
0.165005 3.300000 -219.773434 
0.170005 3.300000 -221.674638 
0.175005 3.300000 -219.773434 
0.180005 3.300000 -215.971026 
0.185005 3.300000 -225.477046 
0.190005 3.300000 -225.477046 
0.195014 3.300000 -231.180659 
0.200014 3.300000 -227.378250 
0.205014 3.300000 -223.575842 
0.210015 3.300000 -219.773434 
0.215015 3.300000 -223.575842 
0.220015 3.300000 -223.575842 
0.225015 3.300000 -217.872230 
0.230015 3.300000 -215.971026 
0.235015 3.300000 -215.971026 
0.240015 3.300000 -214.069821 
0.245015 3.300000 -215.971026 
0.250016 3.300000 -223.575842 
0.255016 3.300000 -217.872230 
0.260016 3.300000 -219.773434 
0.265016 3.300000 -225.477046 
0.270016 3.300000 -219.773434 
0.275016 3.300000 -219.773434 
0.280016 3.300000 -221.674638 
0.285016 3.300000 -215.971026 
0.290017 3.300000 -219.773434 
0.295017 3.300000 -221.674638 
0.300017 3.300000 -221.674638 
0.305017 3.300000 -217.872230 
0.310017 3.300000 -219.773434 
0.315017 3.300000 -217.872230 
0.320017 3.300000 -217.872230 
0.325017 3.300000 -219.773434 
0.330018 3.300000 -215.971026 
0.335018 3.300000 -215.971026 
0.340018 3.300000 -217.872230 
0.345023 3.300000 -208.366209 
0.350023 3.300000 -214.069821 
0.355023 3.300000 -208.366209 
0.360024 3.300000 -214.069821 
0.365024 3.300000 -212.168617 
0.370024 3.300000 -217.872230 
0.375024 3.300000 -210.267413 
0.380024 3.300000 -208.366209 
0.385024 3.300000 -214.069821 
0.390024 3.300000 -217.872230 
0.395024 3.300000 -219.773434 
0.400024 3.300000 -212.168617 
0.405025 3.300000 -214.069821 
0.410025 3.300000 -210.267413 
0.415025 3.300000 -217.872230 
0.420025 3.300000 -212.168617 
0.425025 3.300000 -221.674638 
0.430025 3.300000 -208.366209 
0.435025 3.300000 -215.971026 
0.440025 3.300000 -219.773434 
0.445026 3.300000 -219.773434 
0.450026 3.300000 -215.971026 
0.455026 3.300000 -219.773434 
0.460026 3.300000 -215.971026 
0.465026 3.300000 -210.267413 
0.470044 3.300000 -212.168617 
0.475044 3.300000 -212.168617 
0.480045 3.300000 -210.267413 
0.485045 3.300000 -208.366209 
0.490045 3.300000 -215.971026 
0.495058 3.300000 -212.168617 
0.500066 3.300000 -217.872230 
0.505066 3.300000 -208.366209 
0.510066 3.300000 -219.773434 
0.515067 3.300000 -214.069821 
0.520067 3.300000 -210.267413 
0.525067 3.300000 -214.069821 
0.530081 3.300000 -215.971026 
0.535081 3.300000 -215.971026 
0.540081 3.300000 -208.366209 
0.545082 3.300000 -215.971026 
0.550082 3.300000 -210.267413 
0.555082 3.300000 -212.168617 
0.560082 3.300000 -214.069821 
0.565082 3.300000 -219.773434 
0.570085 3.300000 -214.069821 
0.575085 3.300000 -214.069821 
0.580085 3.300000 -210.267413 
0.585085 3.300000 -212.168617 
0.590085 3.300000 -219.773434 
0.595085 3.300000 -215.971026 
0.600086 3.300000 -215.971026 
0.605086 3.300000 -212.168617 
0.610086 3.300000 -212.168617 
0.615086 3.300000 -217.872230 
0.620086 3.300000 -223.575842 
0.625086 3.300000 -215.971026 
0.630086 3.300000 -217.872230 
0.635086 3.300000 -215.971026 
0.640086 3.300000 -219.773434 
0.645086 3.300000 -217.872230 
0.650087 3.300000 -214.069821 
0.655087 3.300000 -210.267413 
0.660087 3.300000 -208.366209 
0.665087 3.300000 -212.168617 
0.670087 3.300000 -217.872230 
0.675098 3.300000 -223.575842 
0.680098 3.300000 -214.069821 
0.685098 3.300000 -214.069821 
0.690098 3.300000 -219.773434 
0.695104 3.300000 -223.575842 
0.700104 3.300000 -221.674638 
0.705104 3.300000 -215.971026 
0.710104 3.300000 -214.069821 
0.715104 3.300000 -208.366209 
0.720104 3.300000 -217.872230 
0.725105 3.300000 -215.971026 
0.730105 3.300000 -217.872230 
0.735105 3.300000 -215.971026 
0.740105 3.300000 -214.069821 
0.745105 3.300000 -221.674638 
0.750105 3.300000 -217.872230 
0.755105 3.300000 -221.674638 
0.760106 3.300000 -217.872230 
0.765106 3.300000 -215.971026 
0.770106 3.300000 -221.674638 
0.775106 3.300000 -223.575842 
0.780106 3.300000 -221.674638 
0.785106 3.300000 -223.575842 
0.790107 3.300000 -225.477046 
0.795107 3.300000 -225.477046 
0.800107 3.300000 -227.378250 
0.805107 3.300000 -223.575842 
0.810108 3.300000 -219.773434 
0.815108 3.300000 -223.575842 
0.820108 3.300000 -221.674638 
0.825108 3.300000 -223.575842 
0.830108 3.300000 -225.477046 
0.835108 3.300000 -217.872230 
0.840108 3.300000 -225.477046 
0.845108 3.300000 -227.378250 
0.850108 3.300000 -223.575842 
0.855109 3.300000 -229.279455 
0.860109 3.300000 -223.575842 
0.865109 3.300000 -227.378250 
0.870109 3.300000 -231.180659 
0.875109 3.300000 -231.180659 
0.880109 3.300000 -227.378250 
0.885109 3.300000 -223.575842 
0.890109 3.300000 -225.477046 
0.895109 3.300000 -227.378250 
0.900110 3.300000 -223.575842 
0.905110 3.300000 -231.180659 
0.910110 3.300000 -234.983067 
0.915110 3.300000 -236.884271 
0.920110 3.300000 -229.279455 
0.925110 3.300000 -231.180659 
0.930110 3.300000 -231.180659 
0.935111 3.300000 -229.279455 
0.940111 3.300000 -229.279455 
0.945111 3.300000 -233.081863 
0.950111 3.300000 -229.279455 
0.955111 3.300000 -234.983067 
0.960111 3.300000 -234.983067 
0.965111 3.300000 -238.785475 
0.970111 3.300000 -229.279455 
0.975111 3.300000 -234.983067 
0.980112 3.300000 -236.884271 
0.985124 3.300000 -240.686680 
0.990124 3.300000 -238.785475 
0.995124 3.300000 -242.587884 
