0.000001 2.900000 -2.827881 
0.005001 2.900000 -4.729085 
0.010001 2.900000 -6.630290 
0.015001 2.900000 -2.827881 
0.020001 2.900000 -25.642331 
0.025002 2.900000 -56.061597 
0.030002 2.900000 -86.480864 
0.035002 2.900000 -143.516988 
0.040002 2.900000 -139.714580 
0.045002 2.900000 -153.023009 
0.050002 2.900000 -156.825417 
0.055002 2.900000 -151.121805 
0.060003 2.900000 -154.924213 
0.065003 2.900000 -158.726622 
0.070003 2.900000 -170.133847 
0.075003 2.900000 -175.837459 
0.080003 2.900000 -189.145888 
0.085004 2.900000 -192.948296 
0.090004 2.900000 -185.343480 
0.095004 2.900000 -187.244684 
0.100004 2.900000 -189.145888 
0.105004 2.900000 -185.343480 
0.110004 2.900000 -189.145888 
0.115004 2.900000 -196.750705 
0.120005 2.900000 -202.454317 
0.125005 2.900000 -198.651909 
0.130005 2.900000 -204.355521 
0.135005 2.900000 -200.553113 
0.140005 2.900000 -194.849500 
0.145006 2.900000 -204.355521 
0.150006 2.900000 -200.553113 
0.155006 2.900000 -208.157930 
0.160006 2.900000 -208.157930 
0.165006 2.900000 -208.157930 
0.170007 2.900000 -211.960338 
0.175007 2.900000 -202.454317 
0.180007 2.900000 -200.553113 
0.185007 2.900000 -204.355521 
0.190007 2.900000 -202.454317 
0.195007 2.900000 -208.157930 
0.200007 2.900000 -206.256725 
0.205007 2.900000 -206.256725 
0.210007 2.900000 -202.454317 
0.215008 2.900000 -200.553113 
0.220008 2.900000 -198.651909 
0.225008 2.900000 -198.651909 
0.230008 2.900000 -198.651909 
0.235008 2.900000 -204.355521 
0.240008 2.900000 -208.157930 
0.245008 2.900000 -210.059134 
0.250008 2.900000 -198.651909 
0.255008 2.900000 -192.948296 
0.260009 2.900000 -191.047092 
0.265009 2.900000 -200.553113 
0.270009 2.900000 -202.454317 
0.275009 2.900000 -198.651909 
0.280009 2.900000 -202.454317 
0.285009 2.900000 -196.750705 
0.290009 2.900000 -192.948296 
0.295009 2.900000 -194.849500 
0.300009 2.900000 -202.454317 
0.305010 2.900000 -200.553113 
0.310010 2.900000 -191.047092 
0.315010 2.900000 -200.553113 
0.320010 2.900000 -204.355521 
0.325010 2.900000 -202.454317 
0.330011 2.900000 -202.454317 
0.335011 2.900000 -200.553113 
0.340011 2.900000 -194.849500 
0.345011 2.900000 -192.948296 
0.350011 2.900000 -200.553113 
0.355011 2.900000 -202.454317 
0.360011 2.900000 -198.651909 
0.365012 2.900000 -196.750705 
0.370012 2.900000 -194.849500 
0.375012 2.900000 -200.553113 
0.380012 2.900000 -198.651909 
0.385012 2.900000 -194.849500 
0.390012 2.900000 -192.948296 
0.395012 2.900000 -196.750705 
0.400012 2.900000 -196.750705 
0.405013 2.900000 -196.750705 
0.410013 2.900000 -191.047092 
0.415013 2.900000 -189.145888 
0.420013 2.900000 -185.343480 
0.425013 2.900000 -185.343480 
0.430013 2.900000 -194.849500 
0.435013 2.900000 -194.849500 
0.440013 2.900000 -189.145888 
0.445013 2.900000 -192.948296 
0.450014 2.900000 -187.244684 
0.455014 2.900000 -187.244684 
0.460014 2.900000 -200.553113 
0.465014 2.900000 -194.849500 
0.470014 2.900000 -189.145888 
0.475014 2.900000 -191.047092 
0.480014 2.900000 -189.145888 
0.485015 2.900000 -198.651909 
0.490015 2.900000 -192.948296 
0.495015 2.900000 -191.047092 
0.500015 2.900000 -187.244684 
0.505015 2.900000 -196.750705 
0.510015 2.900000 -189.145888 
0.515015 2.900000 -192.948296 
0.520015 2.900000 -192.948296 
0.525015 2.900000 -189.145888 
0.530016 2.900000 -198.651909 
0.535016 2.900000 -191.047092 
0.540016 2.900000 -191.047092 
0.545016 2.900000 -185.343480 
0.550016 2.900000 -194.849500 
0.555016 2.900000 -191.047092 
0.560016 2.900000 -187.244684 
0.565016 2.900000 -187.244684 
0.570016 2.900000 -194.849500 
0.575017 2.900000 -189.145888 
0.580017 2.900000 -191.047092 
0.585017 2.900000 -192.948296 
0.590017 2.900000 -189.145888 
0.595017 2.900000 -187.244684 
0.600018 2.900000 -194.849500 
0.605018 2.900000 -189.145888 
0.610018 2.900000 -189.145888 
0.615018 2.900000 -196.750705 
0.620018 2.900000 -187.244684 
0.625018 2.900000 -187.244684 
0.630026 2.900000 -194.849500 
0.635026 2.900000 -183.442276 
0.640026 2.900000 -192.948296 
0.645026 2.900000 -181.541071 
0.650026 2.900000 -191.047092 
0.655027 2.900000 -196.750705 
0.660027 2.900000 -187.244684 
0.665027 2.900000 -191.047092 
0.670027 2.900000 -185.343480 
0.675027 2.900000 -191.047092 
0.680027 2.900000 -191.047092 
0.685027 2.900000 -191.047092 
0.690027 2.900000 -200.553113 
0.695028 2.900000 -189.145888 
0.700028 2.900000 -187.244684 
0.705028 2.900000 -194.849500 
0.710028 2.900000 -192.948296 
0.715028 2.900000 -191.047092 
0.720028 2.900000 -196.750705 
0.725028 2.900000 -196.750705 
0.730028 2.900000 -187.244684 
0.735029 2.900000 -194.849500 
0.740029 2.900000 -194.849500 
0.745029 2.900000 -196.750705 
0.750029 2.900000 -202.454317 
0.755029 2.900000 -191.047092 
0.760029 2.900000 -198.651909 
0.765029 2.900000 -187.244684 
0.770029 2.900000 -192.948296 
0.775030 2.900000 -192.948296 
0.780030 2.900000 -192.948296 
0.785030 2.900000 -196.750705 
0.790030 2.900000 -192.948296 
0.795030 2.900000 -192.948296 
0.800030 2.900000 -196.750705 
0.805030 2.900000 -198.651909 
0.810030 2.900000 -196.750705 
0.815030 2.900000 -194.849500 
0.820031 2.900000 -194.849500 
0.825031 2.900000 -200.553113 
0.830031 2.900000 -192.948296 
0.835031 2.900000 -196.750705 
0.840031 2.900000 -198.651909 
0.845031 2.900000 -194.849500 
0.850032 2.900000 -194.849500 
0.855032 2.900000 -204.355521 
0.860032 2.900000 -192.948296 
0.865032 2.900000 -196.750705 
0.870032 2.900000 -204.355521 
0.875032 2.900000 -200.553113 
0.880032 2.900000 -202.454317 
0.885032 2.900000 -200.553113 
0.890037 2.900000 -206.256725 
0.895037 2.900000 -198.651909 
0.900037 2.900000 -200.553113 
0.905037 2.900000 -200.553113 
0.910037 2.900000 -202.454317 
0.915038 2.900000 -210.059134 
0.920038 2.900000 -202.454317 
0.925038 2.900000 -200.553113 
0.930044 2.900000 -206.256725 
0.935044 2.900000 -202.454317 
0.940044 2.900000 -210.059134 
0.945044 2.900000 -206.256725 
0.950045 2.900000 -204.355521 
0.955045 2.900000 -211.960338 
0.960045 2.900000 -210.059134 
0.965045 2.900000 -200.553113 
0.970045 2.900000 -210.059134 
0.975045 2.900000 -204.355521 
0.980045 2.900000 -208.157930 
0.985045 2.900000 -211.960338 
0.990046 2.900000 -210.059134 
0.995046 2.900000 -211.960338 
