0.000000 2.300000 3.863381 
0.005001 2.300000 3.863381 
0.010001 2.300000 3.863381 
0.015001 2.300000 -5.642639 
0.020001 2.300000 0.060973 
0.025001 2.300000 -37.963110 
0.030002 2.300000 -70.283581 
0.035002 2.300000 -96.900439 
0.040002 2.300000 -112.110072 
0.045002 2.300000 -106.406459 
0.050002 2.300000 -108.307664 
0.055002 2.300000 -112.110072 
0.060002 2.300000 -115.912480 
0.065002 2.300000 -119.714888 
0.070003 2.300000 -112.110072 
0.075003 2.300000 -114.011276 
0.080003 2.300000 -119.714888 
0.085003 2.300000 -123.517297 
0.090003 2.300000 -131.122113 
0.095003 2.300000 -138.726930 
0.100004 2.300000 -152.035359 
0.105004 2.300000 -153.936563 
0.110004 2.300000 -150.134155 
0.115019 2.300000 -148.232951 
0.120019 2.300000 -152.035359 
0.125020 2.300000 -148.232951 
0.130020 2.300000 -148.232951 
0.135020 2.300000 -152.035359 
0.140020 2.300000 -146.331747 
0.145020 2.300000 -150.134155 
0.150020 2.300000 -159.640176 
0.155020 2.300000 -157.738971 
0.160021 2.300000 -161.541380 
0.165021 2.300000 -167.244992 
0.170021 2.300000 -161.541380 
0.175021 2.300000 -159.640176 
0.180021 2.300000 -157.738971 
0.185021 2.300000 -155.837767 
0.190021 2.300000 -153.936563 
0.195021 2.300000 -153.936563 
0.200021 2.300000 -155.837767 
0.205022 2.300000 -167.244992 
0.210022 2.300000 -165.343788 
0.215022 2.300000 -163.442584 
0.220022 2.300000 -159.640176 
0.225022 2.300000 -155.837767 
0.230023 2.300000 -163.442584 
0.235023 2.300000 -159.640176 
0.240023 2.300000 -155.837767 
0.245023 2.300000 -153.936563 
0.250023 2.300000 -163.442584 
0.255024 2.300000 -171.047401 
0.260024 2.300000 -165.343788 
0.265024 2.300000 -159.640176 
0.270024 2.300000 -157.738971 
0.275024 2.300000 -163.442584 
0.280024 2.300000 -153.936563 
0.285024 2.300000 -157.738971 
0.290024 2.300000 -155.837767 
0.295024 2.300000 -155.837767 
0.300025 2.300000 -152.035359 
0.305025 2.300000 -161.541380 
0.310025 2.300000 -159.640176 
0.315025 2.300000 -155.837767 
0.320025 2.300000 -161.541380 
0.325025 2.300000 -153.936563 
0.330025 2.300000 -148.232951 
0.335026 2.300000 -155.837767 
0.340026 2.300000 -155.837767 
0.345026 2.300000 -150.134155 
0.350026 2.300000 -161.541380 
0.355026 2.300000 -155.837767 
0.360041 2.300000 -153.936563 
0.365041 2.300000 -155.837767 
0.370041 2.300000 -153.936563 
0.375041 2.300000 -153.936563 
0.380049 2.300000 -155.837767 
0.385049 2.300000 -153.936563 
0.390049 2.300000 -148.232951 
0.395049 2.300000 -152.035359 
0.400049 2.300000 -148.232951 
0.405049 2.300000 -146.331747 
0.410050 2.300000 -148.232951 
0.415050 2.300000 -152.035359 
0.420050 2.300000 -153.936563 
0.425050 2.300000 -150.134155 
0.430050 2.300000 -146.331747 
0.435050 2.300000 -144.430542 
0.440050 2.300000 -144.430542 
0.445050 2.300000 -148.232951 
0.450051 2.300000 -153.936563 
0.455051 2.300000 -146.331747 
0.460051 2.300000 -144.430542 
0.465052 2.300000 -148.232951 
0.470052 2.300000 -148.232951 
0.475052 2.300000 -153.936563 
0.480052 2.300000 -153.936563 
0.485053 2.300000 -146.331747 
0.490053 2.300000 -148.232951 
0.495053 2.300000 -144.430542 
0.500053 2.300000 -150.134155 
0.505053 2.300000 -146.331747 
0.510053 2.300000 -146.331747 
0.515053 2.300000 -144.430542 
0.520053 2.300000 -148.232951 
0.525053 2.300000 -152.035359 
0.530054 2.300000 -142.529338 
0.535054 2.300000 -144.430542 
0.540054 2.300000 -146.331747 
0.545054 2.300000 -136.825726 
0.550054 2.300000 -142.529338 
0.555054 2.300000 -146.331747 
0.560054 2.300000 -140.628134 
0.565054 2.300000 -140.628134 
0.570055 2.300000 -144.430542 
0.575055 2.300000 -136.825726 
0.580055 2.300000 -142.529338 
0.585055 2.300000 -134.924522 
0.590055 2.300000 -142.529338 
0.595055 2.300000 -144.430542 
0.600055 2.300000 -140.628134 
0.605055 2.300000 -142.529338 
0.610056 2.300000 -148.232951 
0.615056 2.300000 -140.628134 
0.620056 2.300000 -133.023318 
0.625056 2.300000 -138.726930 
0.630056 2.300000 -146.331747 
0.635056 2.300000 -136.825726 
0.640056 2.300000 -136.825726 
0.645056 2.300000 -144.430542 
0.650057 2.300000 -133.023318 
0.655057 2.300000 -138.726930 
0.660057 2.300000 -146.331747 
0.665057 2.300000 -140.628134 
0.670057 2.300000 -140.628134 
0.675057 2.300000 -138.726930 
0.680058 2.300000 -134.924522 
0.685058 2.300000 -142.529338 
0.690058 2.300000 -134.924522 
0.695058 2.300000 -138.726930 
0.700058 2.300000 -140.628134 
0.705058 2.300000 -138.726930 
0.710058 2.300000 -138.726930 
0.715058 2.300000 -136.825726 
0.720058 2.300000 -140.628134 
0.725059 2.300000 -142.529338 
0.730059 2.300000 -140.628134 
0.735059 2.300000 -138.726930 
0.740059 2.300000 -134.924522 
0.745059 2.300000 -138.726930 
0.750059 2.300000 -144.430542 
0.755059 2.300000 -138.726930 
0.760059 2.300000 -140.628134 
0.765059 2.300000 -142.529338 
0.770060 2.300000 -136.825726 
0.775060 2.300000 -142.529338 
0.780060 2.300000 -140.628134 
0.785060 2.300000 -134.924522 
0.790060 2.300000 -140.628134 
0.795060 2.300000 -134.924522 
0.800060 2.300000 -136.825726 
0.805060 2.300000 -146.331747 
0.810061 2.300000 -138.726930 
0.815061 2.300000 -140.628134 
0.820061 2.300000 -140.628134 
0.825061 2.300000 -134.924522 
0.830061 2.300000 -136.825726 
0.835061 2.300000 -144.430542 
0.840061 2.300000 -140.628134 
0.845062 2.300000 -138.726930 
0.850062 2.300000 -142.529338 
0.855062 2.300000 -134.924522 
0.860062 2.300000 -134.924522 
0.865062 2.300000 -134.924522 
0.870062 2.300000 -134.924522 
0.875063 2.300000 -150.134155 
0.880063 2.300000 -138.726930 
0.885063 2.300000 -133.023318 
0.890063 2.300000 -142.529338 
0.895063 2.300000 -140.628134 
0.900063 2.300000 -136.825726 
0.905063 2.300000 -146.331747 
0.910063 2.300000 -138.726930 
0.915064 2.300000 -140.628134 
0.920064 2.300000 -142.529338 
0.925064 2.300000 -140.628134 
0.930064 2.300000 -138.726930 
0.935064 2.300000 -144.430542 
0.940064 2.300000 -136.825726 
0.945064 2.300000 -134.924522 
0.950064 2.300000 -144.430542 
0.955064 2.300000 -138.726930 
0.960064 2.300000 -146.331747 
0.965065 2.300000 -140.628134 
0.970065 2.300000 -146.331747 
0.975065 2.300000 -136.825726 
0.980065 2.300000 -140.628134 
0.985065 2.300000 -142.529338 
0.990065 2.300000 -138.726930 
0.995065 2.300000 -138.726930 
