0.000000 2.400000 -5.636065 
0.005001 2.400000 -1.833656 
0.010001 2.400000 -1.833656 
0.015001 2.400000 -7.537269 
0.020001 2.400000 -15.142085 
0.025001 2.400000 -28.450514 
0.030001 2.400000 -68.375802 
0.035002 2.400000 -102.597476 
0.040002 2.400000 -129.214334 
0.045002 2.400000 -129.214334 
0.050002 2.400000 -133.016743 
0.055002 2.400000 -119.708314 
0.060003 2.400000 -133.016743 
0.065003 2.400000 -134.917947 
0.070003 2.400000 -127.313130 
0.075003 2.400000 -136.819151 
0.080003 2.400000 -138.720355 
0.085004 2.400000 -138.720355 
0.090004 2.400000 -142.522763 
0.095004 2.400000 -153.929988 
0.100004 2.400000 -159.633601 
0.105005 2.400000 -169.139622 
0.110005 2.400000 -169.139622 
0.115005 2.400000 -157.732397 
0.120005 2.400000 -167.238417 
0.125005 2.400000 -161.534805 
0.130005 2.400000 -159.633601 
0.135006 2.400000 -165.337213 
0.140006 2.400000 -159.633601 
0.145006 2.400000 -159.633601 
0.150006 2.400000 -172.942030 
0.155007 2.400000 -174.843234 
0.160007 2.400000 -171.040826 
0.165007 2.400000 -178.645642 
0.170007 2.400000 -172.942030 
0.175007 2.400000 -174.843234 
0.180007 2.400000 -169.139622 
0.185008 2.400000 -167.238417 
0.190008 2.400000 -167.238417 
0.195008 2.400000 -169.139622 
0.200008 2.400000 -169.139622 
0.205008 2.400000 -174.843234 
0.210008 2.400000 -184.349255 
0.215008 2.400000 -180.546846 
0.220009 2.400000 -169.139622 
0.225009 2.400000 -174.843234 
0.230009 2.400000 -174.843234 
0.235009 2.400000 -174.843234 
0.240009 2.400000 -171.040826 
0.245009 2.400000 -174.843234 
0.250010 2.400000 -176.744438 
0.255010 2.400000 -174.843234 
0.260010 2.400000 -174.843234 
0.265010 2.400000 -178.645642 
0.270010 2.400000 -163.436009 
0.275010 2.400000 -167.238417 
0.280010 2.400000 -167.238417 
0.285011 2.400000 -167.238417 
0.290011 2.400000 -174.843234 
0.295011 2.400000 -174.843234 
0.300011 2.400000 -174.843234 
0.305011 2.400000 -176.744438 
0.310011 2.400000 -167.238417 
0.315012 2.400000 -159.633601 
0.320012 2.400000 -163.436009 
0.325012 2.400000 -171.040826 
0.330012 2.400000 -169.139622 
0.335012 2.400000 -178.645642 
0.340012 2.400000 -167.238417 
0.345013 2.400000 -167.238417 
0.350013 2.400000 -167.238417 
0.355013 2.400000 -167.238417 
0.360013 2.400000 -167.238417 
0.365014 2.400000 -176.744438 
0.370014 2.400000 -169.139622 
0.375014 2.400000 -159.633601 
0.380014 2.400000 -163.436009 
0.385015 2.400000 -167.238417 
0.390015 2.400000 -161.534805 
0.395015 2.400000 -169.139622 
0.400015 2.400000 -174.843234 
0.405016 2.400000 -169.139622 
0.410016 2.400000 -161.534805 
0.415016 2.400000 -157.732397 
0.420016 2.400000 -167.238417 
0.425016 2.400000 -165.337213 
0.430022 2.400000 -159.633601 
0.435023 2.400000 -169.139622 
0.440023 2.400000 -159.633601 
0.445023 2.400000 -155.831193 
0.450023 2.400000 -165.337213 
0.455023 2.400000 -165.337213 
0.460023 2.400000 -167.238417 
0.465024 2.400000 -157.732397 
0.470024 2.400000 -153.929988 
0.475024 2.400000 -157.732397 
0.480024 2.400000 -155.831193 
0.485024 2.400000 -153.929988 
0.490024 2.400000 -165.337213 
0.495024 2.400000 -159.633601 
0.500024 2.400000 -155.831193 
0.505025 2.400000 -155.831193 
0.510025 2.400000 -155.831193 
0.515025 2.400000 -153.929988 
0.520025 2.400000 -157.732397 
0.525026 2.400000 -159.633601 
0.530026 2.400000 -153.929988 
0.535026 2.400000 -159.633601 
0.540026 2.400000 -155.831193 
0.545026 2.400000 -161.534805 
0.550026 2.400000 -159.633601 
0.555027 2.400000 -148.226376 
0.560027 2.400000 -148.226376 
0.565027 2.400000 -159.633601 
0.570027 2.400000 -157.732397 
0.575027 2.400000 -155.831193 
0.580027 2.400000 -150.127580 
0.585027 2.400000 -155.831193 
0.590028 2.400000 -157.732397 
0.595028 2.400000 -155.831193 
0.600028 2.400000 -152.028784 
0.605028 2.400000 -155.831193 
0.610028 2.400000 -159.633601 
0.615028 2.400000 -148.226376 
0.620028 2.400000 -153.929988 
0.625028 2.400000 -157.732397 
0.630029 2.400000 -152.028784 
0.635029 2.400000 -157.732397 
0.640029 2.400000 -157.732397 
0.645029 2.400000 -153.929988 
0.650029 2.400000 -153.929988 
0.655029 2.400000 -152.028784 
0.660029 2.400000 -159.633601 
0.665030 2.400000 -155.831193 
0.670030 2.400000 -157.732397 
0.675030 2.400000 -150.127580 
0.680030 2.400000 -152.028784 
0.685031 2.400000 -153.929988 
0.690031 2.400000 -152.028784 
0.695031 2.400000 -146.325172 
0.700031 2.400000 -155.831193 
0.705031 2.400000 -150.127580 
0.710031 2.400000 -152.028784 
0.715031 2.400000 -159.633601 
0.720032 2.400000 -148.226376 
0.725032 2.400000 -148.226376 
0.730032 2.400000 -153.929988 
0.735032 2.400000 -155.831193 
0.740032 2.400000 -148.226376 
0.745032 2.400000 -152.028784 
0.750033 2.400000 -155.831193 
0.755033 2.400000 -153.929988 
0.760033 2.400000 -153.929988 
0.765033 2.400000 -152.028784 
0.770033 2.400000 -159.633601 
0.775033 2.400000 -150.127580 
0.780033 2.400000 -152.028784 
0.785034 2.400000 -155.831193 
0.790034 2.400000 -150.127580 
0.795034 2.400000 -155.831193 
0.800034 2.400000 -152.028784 
0.805034 2.400000 -152.028784 
0.810034 2.400000 -152.028784 
0.815034 2.400000 -148.226376 
0.820034 2.400000 -159.633601 
0.825034 2.400000 -157.732397 
0.830034 2.400000 -148.226376 
0.835034 2.400000 -153.929988 
0.840035 2.400000 -152.028784 
0.845035 2.400000 -146.325172 
0.850035 2.400000 -155.831193 
0.855035 2.400000 -152.028784 
0.860035 2.400000 -153.929988 
0.865035 2.400000 -153.929988 
0.870035 2.400000 -152.028784 
0.875035 2.400000 -148.226376 
0.880035 2.400000 -150.127580 
0.885036 2.400000 -159.633601 
0.890036 2.400000 -159.633601 
0.895036 2.400000 -163.436009 
0.900036 2.400000 -157.732397 
0.905036 2.400000 -150.127580 
0.910036 2.400000 -153.929988 
0.915037 2.400000 -152.028784 
0.920037 2.400000 -155.831193 
0.925037 2.400000 -153.929988 
0.930037 2.400000 -157.732397 
0.935037 2.400000 -153.929988 
0.940038 2.400000 -155.831193 
0.945038 2.400000 -165.337213 
0.950038 2.400000 -155.831193 
0.955038 2.400000 -159.633601 
0.960039 2.400000 -152.028784 
0.965039 2.400000 -153.929988 
0.970039 2.400000 -161.534805 
0.975039 2.400000 -152.028784 
0.980039 2.400000 -157.732397 
0.985039 2.400000 -159.633601 
0.990039 2.400000 -152.028784 
0.995039 2.400000 -159.633601 
