0.000000 1.700000 -0.958388 
0.005001 1.700000 4.745224 
0.010001 1.700000 -4.760796 
0.015001 1.700000 -0.958388 
0.020001 1.700000 -4.760796 
0.025001 1.700000 -4.760796 
0.030001 1.700000 -4.760796 
0.035002 1.700000 -8.563205 
0.040002 1.700000 -27.575246 
0.045002 1.700000 -42.784879 
0.050002 1.700000 -63.698125 
0.055002 1.700000 -63.698125 
0.060003 1.700000 -67.500533 
0.065003 1.700000 -67.500533 
0.070003 1.700000 -63.698125 
0.075003 1.700000 -63.698125 
0.080003 1.700000 -69.401737 
0.085004 1.700000 -63.698125 
0.090004 1.700000 -65.599329 
0.095004 1.700000 -63.698125 
0.100004 1.700000 -61.796921 
0.105005 1.700000 -61.796921 
0.110005 1.700000 -61.796921 
0.115005 1.700000 -67.500533 
0.120005 1.700000 -63.698125 
0.125005 1.700000 -75.105350 
0.130005 1.700000 -77.006554 
0.135005 1.700000 -77.006554 
0.140005 1.700000 -80.808962 
0.145005 1.700000 -84.611371 
0.150006 1.700000 -75.105350 
0.155006 1.700000 -78.907758 
0.160006 1.700000 -78.907758 
0.165011 1.700000 -84.611371 
0.170012 1.700000 -75.105350 
0.175012 1.700000 -77.006554 
0.180012 1.700000 -80.808962 
0.185013 1.700000 -86.512575 
0.190013 1.700000 -78.907758 
0.195013 1.700000 -86.512575 
0.200013 1.700000 -78.907758 
0.205013 1.700000 -86.512575 
0.210013 1.700000 -90.314983 
0.215013 1.700000 -90.314983 
0.220014 1.700000 -82.710167 
0.225014 1.700000 -84.611371 
0.230014 1.700000 -82.710167 
0.235014 1.700000 -90.314983 
0.240014 1.700000 -94.117391 
0.245015 1.700000 -92.216187 
0.250015 1.700000 -86.512575 
0.255015 1.700000 -86.512575 
0.260015 1.700000 -82.710167 
0.265015 1.700000 -88.413779 
0.270015 1.700000 -88.413779 
0.275016 1.700000 -86.512575 
0.280016 1.700000 -92.216187 
0.285016 1.700000 -82.710167 
0.290016 1.700000 -86.512575 
0.295016 1.700000 -78.907758 
0.300016 1.700000 -84.611371 
0.305016 1.700000 -84.611371 
0.310016 1.700000 -78.907758 
0.315017 1.700000 -86.512575 
0.320017 1.700000 -80.808962 
0.325017 1.700000 -84.611371 
0.330017 1.700000 -86.512575 
0.335017 1.700000 -90.314983 
0.340017 1.700000 -90.314983 
0.345017 1.700000 -82.710167 
0.350017 1.700000 -84.611371 
0.355018 1.700000 -80.808962 
0.360018 1.700000 -77.006554 
0.365018 1.700000 -78.907758 
0.370018 1.700000 -78.907758 
0.375018 1.700000 -82.710167 
0.380018 1.700000 -78.907758 
0.385018 1.700000 -82.710167 
0.390018 1.700000 -86.512575 
0.395019 1.700000 -80.808962 
0.400019 1.700000 -82.710167 
0.405019 1.700000 -78.907758 
0.410019 1.700000 -84.611371 
0.415019 1.700000 -80.808962 
0.420019 1.700000 -75.105350 
0.425019 1.700000 -84.611371 
0.430019 1.700000 -80.808962 
0.435019 1.700000 -84.611371 
0.440019 1.700000 -77.006554 
0.445019 1.700000 -73.204146 
0.450020 1.700000 -80.808962 
0.455020 1.700000 -71.302942 
0.460020 1.700000 -78.907758 
0.465020 1.700000 -75.105350 
0.470020 1.700000 -77.006554 
0.475020 1.700000 -73.204146 
0.480020 1.700000 -80.808962 
0.485020 1.700000 -73.204146 
0.490021 1.700000 -75.105350 
0.495021 1.700000 -78.907758 
0.500021 1.700000 -71.302942 
0.505021 1.700000 -65.599329 
0.510021 1.700000 -73.204146 
0.515021 1.700000 -69.401737 
0.520021 1.700000 -73.204146 
0.525021 1.700000 -77.006554 
0.530022 1.700000 -69.401737 
0.535022 1.700000 -71.302942 
0.540022 1.700000 -65.599329 
0.545022 1.700000 -73.204146 
0.550022 1.700000 -73.204146 
0.555022 1.700000 -78.907758 
0.560022 1.700000 -71.302942 
0.565022 1.700000 -69.401737 
0.570023 1.700000 -69.401737 
0.575023 1.700000 -67.500533 
0.580023 1.700000 -71.302942 
0.585023 1.700000 -69.401737 
0.590023 1.700000 -63.698125 
0.595024 1.700000 -69.401737 
0.600024 1.700000 -63.698125 
0.605024 1.700000 -71.302942 
0.610024 1.700000 -67.500533 
0.615024 1.700000 -69.401737 
0.620024 1.700000 -73.204146 
0.625024 1.700000 -65.599329 
0.630024 1.700000 -73.204146 
0.635025 1.700000 -67.500533 
0.640025 1.700000 -67.500533 
0.645025 1.700000 -67.500533 
0.650025 1.700000 -63.698125 
0.655025 1.700000 -63.698125 
0.660025 1.700000 -67.500533 
0.665025 1.700000 -61.796921 
0.670025 1.700000 -73.204146 
0.675026 1.700000 -61.796921 
0.680026 1.700000 -65.599329 
0.685026 1.700000 -63.698125 
0.690026 1.700000 -63.698125 
0.695026 1.700000 -71.302942 
0.700026 1.700000 -67.500533 
0.705026 1.700000 -67.500533 
0.710026 1.700000 -61.796921 
0.715026 1.700000 -71.302942 
0.720027 1.700000 -65.599329 
0.725027 1.700000 -63.698125 
0.730027 1.700000 -56.093308 
0.735027 1.700000 -67.500533 
0.740027 1.700000 -63.698125 
0.745027 1.700000 -59.895717 
0.750028 1.700000 -69.401737 
0.755028 1.700000 -65.599329 
0.760028 1.700000 -61.796921 
0.765028 1.700000 -63.698125 
0.770028 1.700000 -57.994513 
0.775028 1.700000 -65.599329 
0.780028 1.700000 -57.994513 
0.785048 1.700000 -57.994513 
0.790048 1.700000 -67.500533 
0.795048 1.700000 -59.895717 
0.800048 1.700000 -65.599329 
0.805048 1.700000 -59.895717 
0.810048 1.700000 -61.796921 
0.815048 1.700000 -69.401737 
0.820049 1.700000 -57.994513 
0.825049 1.700000 -61.796921 
0.830049 1.700000 -59.895717 
0.835049 1.700000 -57.994513 
0.840049 1.700000 -63.698125 
0.845049 1.700000 -56.093308 
0.850049 1.700000 -61.796921 
0.855049 1.700000 -56.093308 
0.860049 1.700000 -57.994513 
0.865050 1.700000 -57.994513 
0.870050 1.700000 -54.192104 
0.875050 1.700000 -61.796921 
0.880050 1.700000 -56.093308 
0.885050 1.700000 -56.093308 
0.890050 1.700000 -57.994513 
0.895050 1.700000 -57.994513 
0.900051 1.700000 -63.698125 
0.905051 1.700000 -52.290900 
0.910051 1.700000 -54.192104 
0.915051 1.700000 -56.093308 
0.920051 1.700000 -61.796921 
0.925067 1.700000 -56.093308 
0.930067 1.700000 -56.093308 
0.935067 1.700000 -63.698125 
0.940067 1.700000 -59.895717 
0.945080 1.700000 -61.796921 
0.950081 1.700000 -57.994513 
0.955081 1.700000 -57.994513 
0.960081 1.700000 -48.488492 
0.965081 1.700000 -52.290900 
0.970081 1.700000 -50.389696 
0.975081 1.700000 -54.192104 
0.980082 1.700000 -50.389696 
0.985082 1.700000 -54.192104 
0.990082 1.700000 -61.796921 
0.995082 1.700000 -54.192104 
