0.000001 2.800000 2.920305 
0.005001 2.800000 1.019101 
0.010001 2.800000 2.920305 
0.015001 2.800000 -4.684512 
0.020001 2.800000 -27.498962 
0.025002 2.800000 -67.424249 
0.030002 2.800000 -99.744719 
0.035002 2.800000 -139.670007 
0.040002 2.800000 -137.768802 
0.045003 2.800000 -147.274823 
0.050003 2.800000 -154.879640 
0.055003 2.800000 -143.472415 
0.060003 2.800000 -152.978436 
0.065004 2.800000 -154.879640 
0.070004 2.800000 -166.286865 
0.075004 2.800000 -177.694090 
0.080004 2.800000 -185.298906 
0.085004 2.800000 -181.496498 
0.090005 2.800000 -187.200110 
0.095005 2.800000 -181.496498 
0.100005 2.800000 -177.694090 
0.105005 2.800000 -187.200110 
0.110005 2.800000 -187.200110 
0.115006 2.800000 -202.409744 
0.120006 2.800000 -192.903723 
0.125006 2.800000 -196.706131 
0.130006 2.800000 -192.903723 
0.135007 2.800000 -198.607335 
0.140007 2.800000 -196.706131 
0.145007 2.800000 -191.002519 
0.150007 2.800000 -196.706131 
0.155007 2.800000 -192.903723 
0.160007 2.800000 -208.113356 
0.165007 2.800000 -198.607335 
0.170008 2.800000 -206.212152 
0.175008 2.800000 -198.607335 
0.180008 2.800000 -200.508539 
0.185008 2.800000 -194.804927 
0.190009 2.800000 -196.706131 
0.195009 2.800000 -198.607335 
0.200009 2.800000 -204.310948 
0.205009 2.800000 -200.508539 
0.210009 2.800000 -202.409744 
0.215009 2.800000 -194.804927 
0.220009 2.800000 -194.804927 
0.225009 2.800000 -194.804927 
0.230010 2.800000 -189.101314 
0.235010 2.800000 -202.409744 
0.240010 2.800000 -198.607335 
0.245010 2.800000 -202.409744 
0.250010 2.800000 -200.508539 
0.255010 2.800000 -200.508539 
0.260010 2.800000 -198.607335 
0.265010 2.800000 -187.200110 
0.270010 2.800000 -194.804927 
0.275011 2.800000 -198.607335 
0.280011 2.800000 -194.804927 
0.285011 2.800000 -198.607335 
0.290011 2.800000 -196.706131 
0.295011 2.800000 -196.706131 
0.300011 2.800000 -191.002519 
0.305012 2.800000 -191.002519 
0.310012 2.800000 -196.706131 
0.315012 2.800000 -194.804927 
0.320012 2.800000 -196.706131 
0.325012 2.800000 -196.706131 
0.330012 2.800000 -196.706131 
0.335012 2.800000 -196.706131 
0.340013 2.800000 -191.002519 
0.345013 2.800000 -194.804927 
0.350013 2.800000 -196.706131 
0.355013 2.800000 -191.002519 
0.360013 2.800000 -198.607335 
0.365013 2.800000 -191.002519 
0.370013 2.800000 -194.804927 
0.375014 2.800000 -192.903723 
0.380014 2.800000 -194.804927 
0.385014 2.800000 -187.200110 
0.390014 2.800000 -191.002519 
0.395014 2.800000 -191.002519 
0.400014 2.800000 -185.298906 
0.405014 2.800000 -192.903723 
0.410021 2.800000 -194.804927 
0.415021 2.800000 -191.002519 
0.420021 2.800000 -192.903723 
0.425022 2.800000 -187.200110 
0.430022 2.800000 -187.200110 
0.435022 2.800000 -181.496498 
0.440022 2.800000 -189.101314 
0.445023 2.800000 -196.706131 
0.450023 2.800000 -187.200110 
0.455023 2.800000 -187.200110 
0.460023 2.800000 -183.397702 
0.465024 2.800000 -181.496498 
0.470024 2.800000 -191.002519 
0.475024 2.800000 -191.002519 
0.480024 2.800000 -192.903723 
0.485024 2.800000 -185.298906 
0.490025 2.800000 -187.200110 
0.495025 2.800000 -185.298906 
0.500025 2.800000 -191.002519 
0.505025 2.800000 -196.706131 
0.510025 2.800000 -181.496498 
0.515025 2.800000 -179.595294 
0.520025 2.800000 -181.496498 
0.525026 2.800000 -185.298906 
0.530026 2.800000 -187.200110 
0.535026 2.800000 -191.002519 
0.540026 2.800000 -187.200110 
0.545026 2.800000 -187.200110 
0.550026 2.800000 -185.298906 
0.555027 2.800000 -187.200110 
0.560027 2.800000 -185.298906 
0.565027 2.800000 -191.002519 
0.570027 2.800000 -185.298906 
0.575027 2.800000 -183.397702 
0.580028 2.800000 -185.298906 
0.585028 2.800000 -192.903723 
0.590028 2.800000 -187.200110 
0.595028 2.800000 -189.101314 
0.600028 2.800000 -181.496498 
0.605029 2.800000 -187.200110 
0.610038 2.800000 -183.397702 
0.615038 2.800000 -183.397702 
0.620038 2.800000 -192.903723 
0.625038 2.800000 -189.101314 
0.630039 2.800000 -183.397702 
0.635039 2.800000 -187.200110 
0.640039 2.800000 -183.397702 
0.645039 2.800000 -181.496498 
0.650039 2.800000 -187.200110 
0.655040 2.800000 -179.595294 
0.660040 2.800000 -181.496498 
0.665040 2.800000 -185.298906 
0.670040 2.800000 -189.101314 
0.675040 2.800000 -181.496498 
0.680041 2.800000 -183.397702 
0.685041 2.800000 -181.496498 
0.690041 2.800000 -179.595294 
0.695041 2.800000 -179.595294 
0.700041 2.800000 -187.200110 
0.705041 2.800000 -189.101314 
0.710042 2.800000 -189.101314 
0.715042 2.800000 -185.298906 
0.720042 2.800000 -179.595294 
0.725042 2.800000 -185.298906 
0.730042 2.800000 -187.200110 
0.735042 2.800000 -191.002519 
0.740042 2.800000 -185.298906 
0.745043 2.800000 -187.200110 
0.750043 2.800000 -152.978436 
0.755043 2.800000 -181.496498 
0.760043 2.800000 -183.397702 
0.765043 2.800000 -200.508539 
0.770043 2.800000 -204.310948 
0.775043 2.800000 -189.101314 
0.780043 2.800000 -173.891681 
0.785043 2.800000 -170.089273 
0.790044 2.800000 -164.385661 
0.795044 2.800000 -192.903723 
0.800044 2.800000 -191.002519 
0.805044 2.800000 -204.310948 
0.810044 2.800000 -191.002519 
0.815044 2.800000 -181.496498 
0.820044 2.800000 -175.792885 
0.825044 2.800000 -179.595294 
0.830045 2.800000 -191.002519 
0.835045 2.800000 -192.903723 
0.840045 2.800000 -202.409744 
0.845045 2.800000 -187.200110 
0.850045 2.800000 -187.200110 
0.855045 2.800000 -187.200110 
0.860046 2.800000 -187.200110 
0.865046 2.800000 -191.002519 
0.870046 2.800000 -196.706131 
0.875046 2.800000 -189.101314 
0.880047 2.800000 -189.101314 
0.885047 2.800000 -191.002519 
0.890047 2.800000 -191.002519 
0.895047 2.800000 -192.903723 
0.900047 2.800000 -191.002519 
0.905047 2.800000 -192.903723 
0.910048 2.800000 -196.706131 
0.915048 2.800000 -189.101314 
0.920048 2.800000 -200.508539 
0.925048 2.800000 -194.804927 
0.930048 2.800000 -194.804927 
0.935048 2.800000 -198.607335 
0.940049 2.800000 -200.508539 
0.945049 2.800000 -202.409744 
0.950049 2.800000 -192.903723 
0.955049 2.800000 -204.310948 
0.960049 2.800000 -196.706131 
0.965049 2.800000 -196.706131 
0.970049 2.800000 -204.310948 
0.975050 2.800000 -200.508539 
0.980050 2.800000 -204.310948 
0.985050 2.800000 -198.607335 
0.990061 2.800000 -208.113356 
0.995061 2.800000 -202.409744 
