0.000001 2.100000 1.675586 
0.005001 2.100000 5.477995 
0.010001 2.100000 -2.126822 
0.015002 2.100000 1.675586 
0.020002 2.100000 -2.126822 
0.025002 2.100000 -11.632843 
0.030002 2.100000 -32.546088 
0.035003 2.100000 -66.767763 
0.040003 2.100000 -85.779805 
0.045003 2.100000 -106.693050 
0.050003 2.100000 -91.483417 
0.055004 2.100000 -93.384621 
0.060004 2.100000 -93.384621 
0.065004 2.100000 -102.890642 
0.070004 2.100000 -102.890642 
0.075004 2.100000 -110.495458 
0.080005 2.100000 -95.285825 
0.085005 2.100000 -100.989438 
0.090005 2.100000 -106.693050 
0.095005 2.100000 -106.693050 
0.100006 2.100000 -123.803888 
0.105006 2.100000 -129.507500 
0.110006 2.100000 -123.803888 
0.115006 2.100000 -125.705092 
0.120006 2.100000 -123.803888 
0.125007 2.100000 -127.606296 
0.130007 2.100000 -131.408704 
0.135007 2.100000 -125.705092 
0.140007 2.100000 -123.803888 
0.145007 2.100000 -131.408704 
0.150018 2.100000 -121.902683 
0.155018 2.100000 -129.507500 
0.160018 2.100000 -135.211112 
0.165019 2.100000 -139.013521 
0.170019 2.100000 -139.013521 
0.175019 2.100000 -142.815929 
0.180019 2.100000 -137.112317 
0.185019 2.100000 -135.211112 
0.190019 2.100000 -137.112317 
0.195020 2.100000 -127.606296 
0.200020 2.100000 -133.309908 
0.205020 2.100000 -139.013521 
0.210020 2.100000 -131.408704 
0.215020 2.100000 -140.914725 
0.220020 2.100000 -146.618337 
0.225020 2.100000 -139.013521 
0.230020 2.100000 -146.618337 
0.235020 2.100000 -139.013521 
0.240021 2.100000 -139.013521 
0.245021 2.100000 -133.309908 
0.250021 2.100000 -131.408704 
0.255021 2.100000 -139.013521 
0.260021 2.100000 -137.112317 
0.265021 2.100000 -139.013521 
0.270022 2.100000 -137.112317 
0.275022 2.100000 -139.013521 
0.280022 2.100000 -139.013521 
0.285022 2.100000 -135.211112 
0.290023 2.100000 -139.013521 
0.295023 2.100000 -139.013521 
0.300023 2.100000 -137.112317 
0.305023 2.100000 -133.309908 
0.310023 2.100000 -135.211112 
0.315023 2.100000 -129.507500 
0.320024 2.100000 -127.606296 
0.325024 2.100000 -131.408704 
0.330024 2.100000 -139.013521 
0.335024 2.100000 -131.408704 
0.340024 2.100000 -140.914725 
0.345024 2.100000 -133.309908 
0.350025 2.100000 -135.211112 
0.355025 2.100000 -135.211112 
0.360025 2.100000 -125.705092 
0.365025 2.100000 -137.112317 
0.370025 2.100000 -131.408704 
0.375025 2.100000 -133.309908 
0.380025 2.100000 -127.606296 
0.385026 2.100000 -129.507500 
0.390026 2.100000 -137.112317 
0.395026 2.100000 -129.507500 
0.400026 2.100000 -131.408704 
0.405026 2.100000 -129.507500 
0.410026 2.100000 -123.803888 
0.415026 2.100000 -129.507500 
0.420027 2.100000 -135.211112 
0.425027 2.100000 -131.408704 
0.430027 2.100000 -125.705092 
0.435027 2.100000 -125.705092 
0.440027 2.100000 -129.507500 
0.445027 2.100000 -125.705092 
0.450028 2.100000 -123.803888 
0.455028 2.100000 -133.309908 
0.460028 2.100000 -125.705092 
0.465028 2.100000 -125.705092 
0.470029 2.100000 -129.507500 
0.475029 2.100000 -127.606296 
0.480029 2.100000 -135.211112 
0.485029 2.100000 -123.803888 
0.490029 2.100000 -120.001479 
0.495029 2.100000 -127.606296 
0.500029 2.100000 -121.902683 
0.505030 2.100000 -120.001479 
0.510030 2.100000 -131.408704 
0.515030 2.100000 -123.803888 
0.520030 2.100000 -120.001479 
0.525030 2.100000 -125.705092 
0.530030 2.100000 -118.100275 
0.535030 2.100000 -116.199071 
0.540030 2.100000 -127.606296 
0.545030 2.100000 -121.902683 
0.550030 2.100000 -121.902683 
0.555030 2.100000 -120.001479 
0.560031 2.100000 -118.100275 
0.565031 2.100000 -116.199071 
0.570031 2.100000 -123.803888 
0.575031 2.100000 -120.001479 
0.580031 2.100000 -118.100275 
0.585031 2.100000 -116.199071 
0.590031 2.100000 -116.199071 
0.595031 2.100000 -125.705092 
0.600031 2.100000 -114.297867 
0.605032 2.100000 -123.803888 
0.610032 2.100000 -121.902683 
0.615032 2.100000 -112.396663 
0.620032 2.100000 -116.199071 
0.625032 2.100000 -120.001479 
0.630032 2.100000 -120.001479 
0.635033 2.100000 -118.100275 
0.640033 2.100000 -121.902683 
0.645033 2.100000 -112.396663 
0.650033 2.100000 -120.001479 
0.655033 2.100000 -118.100275 
0.660033 2.100000 -116.199071 
0.665033 2.100000 -116.199071 
0.670034 2.100000 -116.199071 
0.675034 2.100000 -116.199071 
0.680034 2.100000 -110.495458 
0.685034 2.100000 -114.297867 
0.690034 2.100000 -118.100275 
0.695035 2.100000 -118.100275 
0.700035 2.100000 -120.001479 
0.705035 2.100000 -108.594254 
0.710040 2.100000 -114.297867 
0.715040 2.100000 -112.396663 
0.720040 2.100000 -120.001479 
0.725041 2.100000 -110.495458 
0.730041 2.100000 -116.199071 
0.735041 2.100000 -114.297867 
0.740041 2.100000 -121.902683 
0.745041 2.100000 -110.495458 
0.750041 2.100000 -108.594254 
0.755041 2.100000 -118.100275 
0.760041 2.100000 -116.199071 
0.765041 2.100000 -114.297867 
0.770041 2.100000 -106.693050 
0.775042 2.100000 -108.594254 
0.780042 2.100000 -114.297867 
0.785042 2.100000 -112.396663 
0.790042 2.100000 -108.594254 
0.795042 2.100000 -114.297867 
0.800042 2.100000 -114.297867 
0.805042 2.100000 -110.495458 
0.810043 2.100000 -114.297867 
0.815043 2.100000 -110.495458 
0.820043 2.100000 -106.693050 
0.825043 2.100000 -116.199071 
0.830043 2.100000 -120.001479 
0.835043 2.100000 -118.100275 
0.840043 2.100000 -112.396663 
0.845044 2.100000 -120.001479 
0.850044 2.100000 -114.297867 
0.855044 2.100000 -102.890642 
0.860044 2.100000 -114.297867 
0.865044 2.100000 -116.199071 
0.870044 2.100000 -112.396663 
0.875045 2.100000 -116.199071 
0.880045 2.100000 -118.100275 
0.885045 2.100000 -104.791846 
0.890045 2.100000 -112.396663 
0.895045 2.100000 -114.297867 
0.900046 2.100000 -120.001479 
0.905046 2.100000 -108.594254 
0.910046 2.100000 -112.396663 
0.915046 2.100000 -116.199071 
0.920046 2.100000 -106.693050 
0.925046 2.100000 -108.594254 
0.930046 2.100000 -114.297867 
0.935047 2.100000 -121.902683 
0.940047 2.100000 -112.396663 
0.945047 2.100000 -118.100275 
0.950047 2.100000 -110.495458 
0.955048 2.100000 -104.791846 
0.960048 2.100000 -106.693050 
0.965048 2.100000 -120.001479 
0.970048 2.100000 -116.199071 
0.975048 2.100000 -116.199071 
0.980048 2.100000 -114.297867 
0.985048 2.100000 -104.791846 
0.990049 2.100000 -108.594254 
0.995049 2.100000 -116.199071 
