0.000001 2.000000 -0.039615 
0.005001 2.000000 -0.039615 
0.010001 2.000000 -0.039615 
0.015002 2.000000 -1.940819 
0.020002 2.000000 -0.039615 
0.025002 2.000000 -5.743227 
0.030003 2.000000 -30.458881 
0.035003 2.000000 -55.174535 
0.040003 2.000000 -79.890189 
0.045004 2.000000 -87.495006 
0.050004 2.000000 -95.099822 
0.055004 2.000000 -89.396210 
0.060004 2.000000 -89.396210 
0.065005 2.000000 -95.099822 
0.070006 2.000000 -95.099822 
0.075006 2.000000 -91.297414 
0.080007 2.000000 -87.495006 
0.085007 2.000000 -85.593801 
0.090007 2.000000 -91.297414 
0.095008 2.000000 -97.001026 
0.100008 2.000000 -97.001026 
0.105008 2.000000 -117.914272 
0.110008 2.000000 -108.408251 
0.115008 2.000000 -116.013068 
0.120008 2.000000 -117.914272 
0.125009 2.000000 -123.617884 
0.130009 2.000000 -119.815476 
0.135009 2.000000 -114.111864 
0.140009 2.000000 -114.111864 
0.145009 2.000000 -114.111864 
0.150009 2.000000 -121.716680 
0.155009 2.000000 -117.914272 
0.160009 2.000000 -123.617884 
0.165010 2.000000 -123.617884 
0.170010 2.000000 -135.025109 
0.175010 2.000000 -129.321497 
0.180010 2.000000 -121.716680 
0.185011 2.000000 -125.519089 
0.190011 2.000000 -125.519089 
0.195012 2.000000 -119.815476 
0.200012 2.000000 -127.420293 
0.205012 2.000000 -127.420293 
0.210012 2.000000 -127.420293 
0.215012 2.000000 -123.617884 
0.220013 2.000000 -125.519089 
0.225013 2.000000 -121.716680 
0.230013 2.000000 -129.321497 
0.235013 2.000000 -129.321497 
0.240013 2.000000 -135.025109 
0.245014 2.000000 -125.519089 
0.250014 2.000000 -129.321497 
0.255014 2.000000 -131.222701 
0.260014 2.000000 -125.519089 
0.265015 2.000000 -123.617884 
0.270015 2.000000 -123.617884 
0.275015 2.000000 -125.519089 
0.280015 2.000000 -121.716680 
0.285016 2.000000 -127.420293 
0.290016 2.000000 -127.420293 
0.295016 2.000000 -127.420293 
0.300016 2.000000 -121.716680 
0.305016 2.000000 -125.519089 
0.310017 2.000000 -131.222701 
0.315017 2.000000 -117.914272 
0.320017 2.000000 -127.420293 
0.325017 2.000000 -123.617884 
0.330017 2.000000 -131.222701 
0.335018 2.000000 -123.617884 
0.340018 2.000000 -127.420293 
0.345018 2.000000 -117.914272 
0.350018 2.000000 -117.914272 
0.355018 2.000000 -127.420293 
0.360019 2.000000 -116.013068 
0.365019 2.000000 -123.617884 
0.370019 2.000000 -129.321497 
0.375019 2.000000 -119.815476 
0.380019 2.000000 -121.716680 
0.385019 2.000000 -127.420293 
0.390019 2.000000 -117.914272 
0.395020 2.000000 -125.519089 
0.400020 2.000000 -117.914272 
0.405020 2.000000 -116.013068 
0.410020 2.000000 -125.519089 
0.415020 2.000000 -119.815476 
0.420020 2.000000 -119.815476 
0.425020 2.000000 -121.716680 
0.430020 2.000000 -125.519089 
0.435020 2.000000 -114.111864 
0.440021 2.000000 -117.914272 
0.445021 2.000000 -117.914272 
0.450021 2.000000 -116.013068 
0.455021 2.000000 -121.716680 
0.460021 2.000000 -129.321497 
0.465022 2.000000 -117.914272 
0.470022 2.000000 -116.013068 
0.475022 2.000000 -119.815476 
0.480022 2.000000 -116.013068 
0.485022 2.000000 -114.111864 
0.490022 2.000000 -116.013068 
0.495022 2.000000 -116.013068 
0.500023 2.000000 -114.111864 
0.505023 2.000000 -117.914272 
0.510023 2.000000 -114.111864 
0.515023 2.000000 -114.111864 
0.520023 2.000000 -117.914272 
0.525024 2.000000 -114.111864 
0.530024 2.000000 -114.111864 
0.535024 2.000000 -119.815476 
0.540024 2.000000 -108.408251 
0.545025 2.000000 -108.408251 
0.550025 2.000000 -114.111864 
0.555025 2.000000 -104.605843 
0.560025 2.000000 -114.111864 
0.565025 2.000000 -117.914272 
0.570025 2.000000 -108.408251 
0.575025 2.000000 -104.605843 
0.580026 2.000000 -104.605843 
0.585026 2.000000 -102.704639 
0.590026 2.000000 -102.704639 
0.595026 2.000000 -106.507047 
0.600026 2.000000 -116.013068 
0.605026 2.000000 -104.605843 
0.610027 2.000000 -100.803435 
0.615027 2.000000 -106.507047 
0.620027 2.000000 -108.408251 
0.625027 2.000000 -106.507047 
0.630027 2.000000 -112.210660 
0.635027 2.000000 -104.605843 
0.640028 2.000000 -102.704639 
0.645028 2.000000 -104.605843 
0.650028 2.000000 -106.507047 
0.655028 2.000000 -108.408251 
0.660028 2.000000 -106.507047 
0.665029 2.000000 -106.507047 
0.670029 2.000000 -100.803435 
0.675029 2.000000 -104.605843 
0.680029 2.000000 -112.210660 
0.685029 2.000000 -106.507047 
0.690029 2.000000 -100.803435 
0.695029 2.000000 -95.099822 
0.700029 2.000000 -102.704639 
0.705029 2.000000 -114.111864 
0.710029 2.000000 -102.704639 
0.715030 2.000000 -102.704639 
0.720030 2.000000 -104.605843 
0.725030 2.000000 -98.902231 
0.730030 2.000000 -104.605843 
0.735030 2.000000 -100.803435 
0.740030 2.000000 -112.210660 
0.745030 2.000000 -97.001026 
0.750030 2.000000 -93.198618 
0.755030 2.000000 -95.099822 
0.760031 2.000000 -106.507047 
0.765031 2.000000 -106.507047 
0.770031 2.000000 -98.902231 
0.775031 2.000000 -95.099822 
0.780031 2.000000 -104.605843 
0.785032 2.000000 -100.803435 
0.790032 2.000000 -100.803435 
0.795032 2.000000 -104.605843 
0.800032 2.000000 -97.001026 
0.805032 2.000000 -97.001026 
0.810032 2.000000 -93.198618 
0.815033 2.000000 -95.099822 
0.820033 2.000000 -106.507047 
0.825033 2.000000 -102.704639 
0.830033 2.000000 -104.605843 
0.835033 2.000000 -98.902231 
0.840033 2.000000 -98.902231 
0.845033 2.000000 -98.902231 
0.850033 2.000000 -102.704639 
0.855035 2.000000 -98.902231 
0.860035 2.000000 -106.507047 
0.865035 2.000000 -100.803435 
0.870035 2.000000 -98.902231 
0.875036 2.000000 -106.507047 
0.880036 2.000000 -100.803435 
0.885036 2.000000 -100.803435 
0.890036 2.000000 -97.001026 
0.895036 2.000000 -98.902231 
0.900038 2.000000 -98.902231 
0.905038 2.000000 -102.704639 
0.910038 2.000000 -102.704639 
0.915038 2.000000 -104.605843 
0.920038 2.000000 -93.198618 
0.925038 2.000000 -98.902231 
0.930038 2.000000 -100.803435 
0.935039 2.000000 -97.001026 
0.940039 2.000000 -100.803435 
0.945039 2.000000 -93.198618 
0.950039 2.000000 -95.099822 
0.955039 2.000000 -91.297414 
0.960039 2.000000 -97.001026 
0.965039 2.000000 -97.001026 
0.970039 2.000000 -93.198618 
0.975040 2.000000 -102.704639 
0.980040 2.000000 -100.803435 
0.985040 2.000000 -98.902231 
0.990040 2.000000 -93.198618 
0.995040 2.000000 -104.605843 
