0.000001 -0.100000 8.040081 
0.005001 -0.100000 4.237673 
0.010001 -0.100000 8.040081 
0.015001 -0.100000 8.040081 
0.020002 -0.100000 4.237673 
0.025002 -0.100000 8.040081 
0.030002 -0.100000 4.237673 
0.035002 -0.100000 4.237673 
0.040002 -0.100000 8.040081 
0.045003 -0.100000 4.237673 
0.050003 -0.100000 4.237673 
0.055003 -0.100000 6.138877 
0.060004 -0.100000 2.336468 
0.065004 -0.100000 8.040081 
0.070004 -0.100000 6.138877 
0.075004 -0.100000 4.237673 
0.080004 -0.100000 8.040081 
0.085005 -0.100000 0.435264 
0.090005 -0.100000 6.138877 
0.095005 -0.100000 9.941285 
0.100006 -0.100000 2.336468 
0.105006 -0.100000 6.138877 
0.110006 -0.100000 4.237673 
0.115007 -0.100000 4.237673 
0.120007 -0.100000 6.138877 
0.125007 -0.100000 6.138877 
0.130007 -0.100000 -1.465940 
0.135008 -0.100000 9.941285 
0.140008 -0.100000 6.138877 
0.145008 -0.100000 4.237673 
0.150008 -0.100000 4.237673 
0.155008 -0.100000 4.237673 
0.160009 -0.100000 0.435264 
0.165009 -0.100000 6.138877 
0.170009 -0.100000 6.138877 
0.175009 -0.100000 0.435264 
0.180010 -0.100000 4.237673 
0.185010 -0.100000 8.040081 
0.190010 -0.100000 0.435264 
0.195010 -0.100000 4.237673 
0.200010 -0.100000 4.237673 
0.205010 -0.100000 0.435264 
0.210010 -0.100000 4.237673 
0.215011 -0.100000 4.237673 
0.220011 -0.100000 6.138877 
0.225011 -0.100000 4.237673 
0.230011 -0.100000 11.842489 
0.235011 -0.100000 6.138877 
0.240011 -0.100000 6.138877 
0.245011 -0.100000 6.138877 
0.250011 -0.100000 4.237673 
0.255012 -0.100000 0.435264 
0.260012 -0.100000 8.040081 
0.265012 -0.100000 2.336468 
0.270012 -0.100000 2.336468 
0.275012 -0.100000 4.237673 
0.280012 -0.100000 2.336468 
0.285013 -0.100000 0.435264 
0.290013 -0.100000 -1.465940 
0.295013 -0.100000 6.138877 
0.300013 -0.100000 6.138877 
0.305014 -0.100000 9.941285 
0.310014 -0.100000 0.435264 
0.315014 -0.100000 6.138877 
0.320014 -0.100000 0.435264 
0.325014 -0.100000 6.138877 
0.330014 -0.100000 0.435264 
0.335014 -0.100000 6.138877 
0.340014 -0.100000 4.237673 
0.345015 -0.100000 8.040081 
0.350015 -0.100000 0.435264 
0.355015 -0.100000 9.941285 
0.360015 -0.100000 4.237673 
0.365015 -0.100000 4.237673 
0.370015 -0.100000 4.237673 
0.375015 -0.100000 8.040081 
0.380015 -0.100000 2.336468 
0.385016 -0.100000 9.941285 
0.390016 -0.100000 8.040081 
0.395016 -0.100000 0.435264 
0.400016 -0.100000 8.040081 
0.405016 -0.100000 6.138877 
0.410016 -0.100000 4.237673 
0.415016 -0.100000 4.237673 
0.420024 -0.100000 8.040081 
0.425024 -0.100000 -1.465940 
0.430024 -0.100000 8.040081 
0.435031 -0.100000 6.138877 
0.440031 -0.100000 4.237673 
0.445031 -0.100000 4.237673 
0.450031 -0.100000 6.138877 
0.455031 -0.100000 2.336468 
0.460032 -0.100000 6.138877 
0.465032 -0.100000 0.435264 
0.470032 -0.100000 4.237673 
0.475032 -0.100000 4.237673 
0.480032 -0.100000 -1.465940 
0.485032 -0.100000 4.237673 
0.490032 -0.100000 4.237673 
0.495032 -0.100000 2.336468 
0.500033 -0.100000 8.040081 
0.505033 -0.100000 0.435264 
0.510033 -0.100000 4.237673 
0.515033 -0.100000 8.040081 
0.520033 -0.100000 4.237673 
0.525034 -0.100000 4.237673 
0.530034 -0.100000 6.138877 
0.535034 -0.100000 6.138877 
0.540034 -0.100000 9.941285 
0.545034 -0.100000 9.941285 
0.550034 -0.100000 9.941285 
0.555034 -0.100000 0.435264 
0.560034 -0.100000 8.040081 
0.565035 -0.100000 6.138877 
0.570035 -0.100000 6.138877 
0.575035 -0.100000 0.435264 
0.580035 -0.100000 0.435264 
0.585035 -0.100000 0.435264 
0.590035 -0.100000 6.138877 
0.595035 -0.100000 -1.465940 
0.600035 -0.100000 8.040081 
0.605035 -0.100000 0.435264 
0.610035 -0.100000 0.435264 
0.615036 -0.100000 6.138877 
0.620036 -0.100000 4.237673 
0.625036 -0.100000 4.237673 
0.630036 -0.100000 4.237673 
0.635036 -0.100000 8.040081 
0.640036 -0.100000 -1.465940 
0.645036 -0.100000 8.040081 
0.650036 -0.100000 6.138877 
0.655036 -0.100000 4.237673 
0.660036 -0.100000 8.040081 
0.665037 -0.100000 6.138877 
0.670037 -0.100000 4.237673 
0.675037 -0.100000 6.138877 
0.680037 -0.100000 4.237673 
0.685038 -0.100000 6.138877 
0.690038 -0.100000 8.040081 
0.695038 -0.100000 0.435264 
0.700038 -0.100000 8.040081 
0.705038 -0.100000 0.435264 
0.710038 -0.100000 4.237673 
0.715038 -0.100000 6.138877 
0.720038 -0.100000 6.138877 
0.725039 -0.100000 9.941285 
0.730039 -0.100000 2.336468 
0.735039 -0.100000 4.237673 
0.740039 -0.100000 4.237673 
0.745039 -0.100000 4.237673 
0.750039 -0.100000 4.237673 
0.755039 -0.100000 6.138877 
0.760039 -0.100000 4.237673 
0.765040 -0.100000 9.941285 
0.770040 -0.100000 -1.465940 
0.775040 -0.100000 6.138877 
0.780040 -0.100000 4.237673 
0.785040 -0.100000 0.435264 
0.790041 -0.100000 8.040081 
0.795041 -0.100000 0.435264 
0.800041 -0.100000 0.435264 
0.805041 -0.100000 9.941285 
0.810041 -0.100000 2.336468 
0.815042 -0.100000 8.040081 
0.820042 -0.100000 0.435264 
0.825042 -0.100000 8.040081 
0.830043 -0.100000 2.336468 
0.835043 -0.100000 8.040081 
0.840043 -0.100000 2.336468 
0.845043 -0.100000 4.237673 
0.850043 -0.100000 4.237673 
0.855043 -0.100000 6.138877 
0.860043 -0.100000 8.040081 
0.865043 -0.100000 0.435264 
0.870044 -0.100000 8.040081 
0.875044 -0.100000 -1.465940 
0.880044 -0.100000 4.237673 
0.885044 -0.100000 4.237673 
0.890045 -0.100000 0.435264 
0.895045 -0.100000 4.237673 
0.900045 -0.100000 0.435264 
0.905045 -0.100000 4.237673 
0.910046 -0.100000 -1.465940 
0.915046 -0.100000 8.040081 
0.920046 -0.100000 9.941285 
0.925046 -0.100000 6.138877 
0.930046 -0.100000 8.040081 
0.935046 -0.100000 8.040081 
0.940046 -0.100000 -3.367144 
0.945047 -0.100000 4.237673 
0.950047 -0.100000 0.435264 
0.955047 -0.100000 4.237673 
0.960047 -0.100000 4.237673 
0.965047 -0.100000 -1.465940 
0.970048 -0.100000 8.040081 
0.975048 -0.100000 4.237673 
0.980048 -0.100000 6.138877 
0.985048 -0.100000 0.435264 
0.990048 -0.100000 4.237673 
0.995049 -0.100000 8.040081 
