0.000001 -0.200000 -4.399941 
0.005001 -0.200000 3.204876 
0.010001 -0.200000 1.303672 
0.015001 -0.200000 7.007284 
0.020001 -0.200000 -2.498736 
0.025001 -0.200000 -2.498736 
0.030001 -0.200000 5.106080 
0.035002 -0.200000 3.204876 
0.040002 -0.200000 -4.399941 
0.045002 -0.200000 3.204876 
0.050002 -0.200000 5.106080 
0.055002 -0.200000 5.106080 
0.060002 -0.200000 -0.597532 
0.065002 -0.200000 1.303672 
0.070003 -0.200000 5.106080 
0.075003 -0.200000 1.303672 
0.080003 -0.200000 1.303672 
0.085003 -0.200000 5.106080 
0.090003 -0.200000 7.007284 
0.095003 -0.200000 1.303672 
0.100004 -0.200000 -2.498736 
0.105004 -0.200000 1.303672 
0.110004 -0.200000 -4.399941 
0.115004 -0.200000 7.007284 
0.120005 -0.200000 3.204876 
0.125005 -0.200000 1.303672 
0.130005 -0.200000 5.106080 
0.135005 -0.200000 -4.399941 
0.140005 -0.200000 5.106080 
0.145006 -0.200000 1.303672 
0.150006 -0.200000 -0.597532 
0.155006 -0.200000 3.204876 
0.160006 -0.200000 -2.498736 
0.165006 -0.200000 7.007284 
0.170007 -0.200000 5.106080 
0.175007 -0.200000 -2.498736 
0.180007 -0.200000 1.303672 
0.185007 -0.200000 -2.498736 
0.190007 -0.200000 1.303672 
0.195008 -0.200000 1.303672 
0.200008 -0.200000 3.204876 
0.205008 -0.200000 5.106080 
0.210008 -0.200000 -2.498736 
0.215008 -0.200000 5.106080 
0.220008 -0.200000 7.007284 
0.225008 -0.200000 1.303672 
0.230009 -0.200000 1.303672 
0.235009 -0.200000 -2.498736 
0.240009 -0.200000 1.303672 
0.245009 -0.200000 3.204876 
0.250009 -0.200000 1.303672 
0.255009 -0.200000 1.303672 
0.260009 -0.200000 1.303672 
0.265009 -0.200000 3.204876 
0.270010 -0.200000 3.204876 
0.275010 -0.200000 -2.498736 
0.280010 -0.200000 3.204876 
0.285010 -0.200000 1.303672 
0.290010 -0.200000 -2.498736 
0.295010 -0.200000 3.204876 
0.300010 -0.200000 1.303672 
0.305010 -0.200000 1.303672 
0.310011 -0.200000 -2.498736 
0.315011 -0.200000 1.303672 
0.320011 -0.200000 1.303672 
0.325011 -0.200000 -2.498736 
0.330012 -0.200000 5.106080 
0.335012 -0.200000 1.303672 
0.340012 -0.200000 8.908488 
0.345012 -0.200000 -4.399941 
0.350012 -0.200000 3.204876 
0.355012 -0.200000 1.303672 
0.360012 -0.200000 1.303672 
0.365013 -0.200000 1.303672 
0.370013 -0.200000 1.303672 
0.375013 -0.200000 3.204876 
0.380013 -0.200000 1.303672 
0.385013 -0.200000 -2.498736 
0.390013 -0.200000 5.106080 
0.395013 -0.200000 -2.498736 
0.400013 -0.200000 3.204876 
0.405013 -0.200000 3.204876 
0.410014 -0.200000 3.204876 
0.415014 -0.200000 5.106080 
0.420014 -0.200000 -2.498736 
0.425014 -0.200000 5.106080 
0.430014 -0.200000 1.303672 
0.435015 -0.200000 3.204876 
0.440015 -0.200000 7.007284 
0.445015 -0.200000 -0.597532 
0.450015 -0.200000 5.106080 
0.455015 -0.200000 1.303672 
0.460015 -0.200000 3.204876 
0.465015 -0.200000 1.303672 
0.470016 -0.200000 -2.498736 
0.475016 -0.200000 5.106080 
0.480016 -0.200000 -4.399941 
0.485016 -0.200000 3.204876 
0.490016 -0.200000 -2.498736 
0.495017 -0.200000 7.007284 
0.500017 -0.200000 1.303672 
0.505017 -0.200000 1.303672 
0.510017 -0.200000 3.204876 
0.515017 -0.200000 -0.597532 
0.520017 -0.200000 1.303672 
0.525017 -0.200000 1.303672 
0.530017 -0.200000 1.303672 
0.535018 -0.200000 7.007284 
0.540018 -0.200000 1.303672 
0.545018 -0.200000 3.204876 
0.550018 -0.200000 7.007284 
0.555019 -0.200000 -0.597532 
0.560019 -0.200000 1.303672 
0.565019 -0.200000 -4.399941 
0.570019 -0.200000 5.106080 
0.575019 -0.200000 -2.498736 
0.580020 -0.200000 1.303672 
0.585020 -0.200000 5.106080 
0.590020 -0.200000 1.303672 
0.595020 -0.200000 7.007284 
0.600020 -0.200000 1.303672 
0.605020 -0.200000 7.007284 
0.610021 -0.200000 1.303672 
0.615021 -0.200000 3.204876 
0.620021 -0.200000 1.303672 
0.625021 -0.200000 -2.498736 
0.630021 -0.200000 7.007284 
0.635021 -0.200000 -2.498736 
0.640022 -0.200000 -2.498736 
0.645022 -0.200000 7.007284 
0.650022 -0.200000 1.303672 
0.655022 -0.200000 3.204876 
0.660022 -0.200000 5.106080 
0.665022 -0.200000 1.303672 
0.670023 -0.200000 3.204876 
0.675023 -0.200000 5.106080 
0.680023 -0.200000 1.303672 
0.685023 -0.200000 7.007284 
0.690023 -0.200000 5.106080 
0.695023 -0.200000 1.303672 
0.700023 -0.200000 3.204876 
0.705024 -0.200000 -2.498736 
0.710024 -0.200000 3.204876 
0.715024 -0.200000 1.303672 
0.720024 -0.200000 5.106080 
0.725024 -0.200000 1.303672 
0.730025 -0.200000 1.303672 
0.735025 -0.200000 3.204876 
0.740025 -0.200000 1.303672 
0.745025 -0.200000 -4.399941 
0.750025 -0.200000 3.204876 
0.755025 -0.200000 -2.498736 
0.760025 -0.200000 1.303672 
0.765026 -0.200000 3.204876 
0.770026 -0.200000 1.303672 
0.775026 -0.200000 -4.399941 
0.780026 -0.200000 3.204876 
0.785026 -0.200000 3.204876 
0.790026 -0.200000 1.303672 
0.795026 -0.200000 1.303672 
0.800027 -0.200000 -2.498736 
0.805027 -0.200000 7.007284 
0.810027 -0.200000 5.106080 
0.815027 -0.200000 -4.399941 
0.820027 -0.200000 1.303672 
0.825027 -0.200000 5.106080 
0.830027 -0.200000 1.303672 
0.835027 -0.200000 3.204876 
0.840028 -0.200000 -4.399941 
0.845028 -0.200000 3.204876 
0.850028 -0.200000 1.303672 
0.855028 -0.200000 1.303672 
0.860028 -0.200000 5.106080 
0.865028 -0.200000 1.303672 
0.870028 -0.200000 -2.498736 
0.875028 -0.200000 5.106080 
0.880028 -0.200000 1.303672 
0.885029 -0.200000 -2.498736 
0.890029 -0.200000 5.106080 
0.895029 -0.200000 -4.399941 
0.900029 -0.200000 -4.399941 
0.905029 -0.200000 3.204876 
0.910029 -0.200000 5.106080 
0.915029 -0.200000 3.204876 
0.920029 -0.200000 3.204876 
0.925029 -0.200000 1.303672 
0.930029 -0.200000 -4.399941 
0.935030 -0.200000 3.204876 
0.940030 -0.200000 1.303672 
0.945030 -0.200000 -2.498736 
0.950030 -0.200000 1.303672 
0.955030 -0.200000 1.303672 
0.960030 -0.200000 -2.498736 
0.965030 -0.200000 -4.399941 
0.970031 -0.200000 5.106080 
0.975031 -0.200000 3.204876 
0.980031 -0.200000 -4.399941 
0.985031 -0.200000 1.303672 
0.990031 -0.200000 3.204876 
0.995031 -0.200000 7.007284 
