0.000000 -3.700000 7.255280 
0.005001 -3.700000 9.156484 
0.010001 -3.700000 -4.151945 
0.015001 -3.700000 5.354076 
0.020001 -3.700000 -4.151945 
0.025001 -3.700000 -11.756762 
0.030001 -3.700000 -23.163986 
0.035019 -3.700000 -40.274824 
0.040019 -3.700000 -63.089274 
0.045019 -3.700000 -78.298907 
0.050020 -3.700000 -104.915765 
0.055020 -3.700000 -122.026602 
0.060020 -3.700000 -114.421786 
0.065020 -3.700000 -125.829011 
0.070020 -3.700000 -116.322990 
0.075021 -3.700000 -123.927806 
0.080021 -3.700000 -125.829011 
0.085023 -3.700000 -127.730215 
0.090024 -3.700000 -133.433827 
0.095024 -3.700000 -142.939848 
0.100024 -3.700000 -137.236236 
0.105024 -3.700000 -146.742256 
0.110024 -3.700000 -142.939848 
0.115025 -3.700000 -154.347073 
0.120025 -3.700000 -154.347073 
0.125025 -3.700000 -150.544665 
0.130025 -3.700000 -150.544665 
0.135025 -3.700000 -156.248277 
0.140026 -3.700000 -148.643460 
0.145026 -3.700000 -160.050685 
0.150026 -3.700000 -158.149481 
0.155026 -3.700000 -158.149481 
0.160026 -3.700000 -156.248277 
0.165026 -3.700000 -161.951890 
0.170026 -3.700000 -152.445869 
0.175026 -3.700000 -165.754298 
0.180027 -3.700000 -161.951890 
0.185027 -3.700000 -161.951890 
0.190027 -3.700000 -167.655502 
0.195027 -3.700000 -161.951890 
0.200027 -3.700000 -160.050685 
0.205027 -3.700000 -158.149481 
0.210027 -3.700000 -154.347073 
0.215027 -3.700000 -165.754298 
0.220028 -3.700000 -158.149481 
0.225043 -3.700000 -163.853094 
0.230043 -3.700000 -161.951890 
0.235043 -3.700000 -169.556706 
0.240043 -3.700000 -158.149481 
0.245043 -3.700000 -161.951890 
0.250043 -3.700000 -161.951890 
0.255043 -3.700000 -158.149481 
0.260043 -3.700000 -161.951890 
0.265044 -3.700000 -161.951890 
0.270044 -3.700000 -165.754298 
0.275044 -3.700000 -160.050685 
0.280044 -3.700000 -171.457910 
0.285044 -3.700000 -161.951890 
0.290044 -3.700000 -158.149481 
0.295044 -3.700000 -150.544665 
0.300045 -3.700000 -156.248277 
0.305045 -3.700000 -154.347073 
0.310045 -3.700000 -154.347073 
0.315061 -3.700000 -165.754298 
0.320061 -3.700000 -161.951890 
0.325061 -3.700000 -158.149481 
0.330062 -3.700000 -156.248277 
0.335062 -3.700000 -156.248277 
0.340062 -3.700000 -161.951890 
0.345062 -3.700000 -160.050685 
0.350062 -3.700000 -160.050685 
0.355062 -3.700000 -160.050685 
0.360063 -3.700000 -148.643460 
0.365063 -3.700000 -154.347073 
0.370063 -3.700000 -161.951890 
0.375063 -3.700000 -156.248277 
0.380063 -3.700000 -163.853094 
0.385063 -3.700000 -154.347073 
0.390064 -3.700000 -152.445869 
0.395064 -3.700000 -150.544665 
0.400064 -3.700000 -146.742256 
0.405064 -3.700000 -154.347073 
0.410064 -3.700000 -152.445869 
0.415064 -3.700000 -156.248277 
0.420065 -3.700000 -154.347073 
0.425065 -3.700000 -148.643460 
0.430065 -3.700000 -146.742256 
0.435065 -3.700000 -154.347073 
0.440065 -3.700000 -150.544665 
0.445065 -3.700000 -158.149481 
0.450065 -3.700000 -148.643460 
0.455066 -3.700000 -152.445869 
0.460066 -3.700000 -141.038644 
0.465066 -3.700000 -144.841052 
0.470066 -3.700000 -150.544665 
0.475066 -3.700000 -148.643460 
0.480066 -3.700000 -150.544665 
0.485066 -3.700000 -154.347073 
0.490066 -3.700000 -142.939848 
0.495067 -3.700000 -142.939848 
0.500067 -3.700000 -146.742256 
0.505067 -3.700000 -142.939848 
0.510068 -3.700000 -150.544665 
0.515068 -3.700000 -146.742256 
0.520068 -3.700000 -144.841052 
0.525068 -3.700000 -146.742256 
0.530068 -3.700000 -141.038644 
0.535068 -3.700000 -142.939848 
0.540068 -3.700000 -146.742256 
0.545069 -3.700000 -144.841052 
0.550069 -3.700000 -146.742256 
0.555069 -3.700000 -144.841052 
0.560069 -3.700000 -148.643460 
0.565069 -3.700000 -139.137440 
0.570069 -3.700000 -142.939848 
0.575069 -3.700000 -146.742256 
0.580069 -3.700000 -139.137440 
0.585069 -3.700000 -148.643460 
0.590070 -3.700000 -148.643460 
0.595070 -3.700000 -139.137440 
0.600070 -3.700000 -148.643460 
0.605070 -3.700000 -142.939848 
0.610070 -3.700000 -144.841052 
0.615070 -3.700000 -148.643460 
0.620070 -3.700000 -139.137440 
0.625071 -3.700000 -142.939848 
0.630071 -3.700000 -141.038644 
0.635071 -3.700000 -144.841052 
0.640071 -3.700000 -144.841052 
0.645072 -3.700000 -142.939848 
0.650072 -3.700000 -142.939848 
0.655074 -3.700000 -146.742256 
0.660074 -3.700000 -142.939848 
0.665074 -3.700000 -144.841052 
0.670074 -3.700000 -142.939848 
0.675074 -3.700000 -146.742256 
0.680074 -3.700000 -141.038644 
0.685085 -3.700000 -139.137440 
0.690085 -3.700000 -141.038644 
0.695085 -3.700000 -144.841052 
0.700085 -3.700000 -148.643460 
0.705086 -3.700000 -144.841052 
0.710086 -3.700000 -141.038644 
0.715086 -3.700000 -139.137440 
0.720086 -3.700000 -146.742256 
0.725087 -3.700000 -139.137440 
0.730087 -3.700000 -142.939848 
0.735087 -3.700000 -141.038644 
0.740087 -3.700000 -142.939848 
0.745087 -3.700000 -141.038644 
0.750088 -3.700000 -133.433827 
0.755088 -3.700000 -148.643460 
0.760089 -3.700000 -137.236236 
0.765089 -3.700000 -139.137440 
0.770089 -3.700000 -133.433827 
0.775090 -3.700000 -139.137440 
0.780090 -3.700000 -139.137440 
0.785090 -3.700000 -139.137440 
0.790090 -3.700000 -144.841052 
0.795090 -3.700000 -137.236236 
0.800091 -3.700000 -144.841052 
0.805091 -3.700000 -135.335031 
0.810091 -3.700000 -142.939848 
0.815091 -3.700000 -141.038644 
0.820091 -3.700000 -137.236236 
0.825091 -3.700000 -139.137440 
0.830092 -3.700000 -141.038644 
0.835092 -3.700000 -141.038644 
0.840092 -3.700000 -141.038644 
0.845092 -3.700000 -141.038644 
0.850092 -3.700000 -144.841052 
0.855093 -3.700000 -139.137440 
0.860093 -3.700000 -139.137440 
0.865093 -3.700000 -141.038644 
0.870093 -3.700000 -139.137440 
0.875094 -3.700000 -139.137440 
0.880094 -3.700000 -142.939848 
0.885094 -3.700000 -146.742256 
0.890094 -3.700000 -142.939848 
0.895094 -3.700000 -139.137440 
0.900094 -3.700000 -146.742256 
0.905094 -3.700000 -139.137440 
0.910095 -3.700000 -139.137440 
0.915095 -3.700000 -139.137440 
0.920095 -3.700000 -148.643460 
0.925096 -3.700000 -144.841052 
0.930096 -3.700000 -144.841052 
0.935096 -3.700000 -146.742256 
0.940096 -3.700000 -148.643460 
0.945096 -3.700000 -135.335031 
0.950096 -3.700000 -146.742256 
0.955097 -3.700000 -146.742256 
0.960097 -3.700000 -146.742256 
0.965097 -3.700000 -150.544665 
0.970097 -3.700000 -142.939848 
0.975097 -3.700000 -139.137440 
0.980097 -3.700000 -146.742256 
0.985098 -3.700000 -142.939848 
0.990113 -3.700000 -142.939848 
0.995114 -3.700000 -150.544665 
