0.000001 -5.000000 4.029011 
0.005001 -5.000000 4.029011 
0.010001 -5.000000 -3.575806 
0.015001 -5.000000 0.226602 
0.020002 -5.000000 -20.686643 
0.025002 -5.000000 -22.587847 
0.030002 -5.000000 -49.204705 
0.035002 -5.000000 -66.315543 
0.040002 -5.000000 -96.734809 
0.045003 -5.000000 -125.252872 
0.050003 -5.000000 -146.166117 
0.055003 -5.000000 -159.474546 
0.060003 -5.000000 -163.276955 
0.065003 -5.000000 -159.474546 
0.070003 -5.000000 -167.079363 
0.075004 -5.000000 -161.375750 
0.080004 -5.000000 -174.684179 
0.085004 -5.000000 -182.288996 
0.090004 -5.000000 -189.893813 
0.095004 -5.000000 -184.190200 
0.100005 -5.000000 -189.893813 
0.105005 -5.000000 -191.795017 
0.110005 -5.000000 -191.795017 
0.115005 -5.000000 -189.893813 
0.120005 -5.000000 -193.696221 
0.125006 -5.000000 -189.893813 
0.130006 -5.000000 -201.301038 
0.135006 -5.000000 -195.597425 
0.140006 -5.000000 -201.301038 
0.145007 -5.000000 -203.202242 
0.150007 -5.000000 -207.004650 
0.155007 -5.000000 -197.498629 
0.160007 -5.000000 -207.004650 
0.165007 -5.000000 -195.597425 
0.170007 -5.000000 -199.399833 
0.175007 -5.000000 -205.103446 
0.180008 -5.000000 -199.399833 
0.185008 -5.000000 -201.301038 
0.190008 -5.000000 -199.399833 
0.195008 -5.000000 -199.399833 
0.200008 -5.000000 -191.795017 
0.205009 -5.000000 -195.597425 
0.210009 -5.000000 -205.103446 
0.215010 -5.000000 -203.202242 
0.220010 -5.000000 -207.004650 
0.225010 -5.000000 -195.597425 
0.230010 -5.000000 -199.399833 
0.235011 -5.000000 -187.992609 
0.240011 -5.000000 -195.597425 
0.245011 -5.000000 -205.103446 
0.250011 -5.000000 -195.597425 
0.255011 -5.000000 -207.004650 
0.260011 -5.000000 -197.498629 
0.265012 -5.000000 -197.498629 
0.270012 -5.000000 -201.301038 
0.275012 -5.000000 -195.597425 
0.280012 -5.000000 -201.301038 
0.285012 -5.000000 -197.498629 
0.290012 -5.000000 -195.597425 
0.295013 -5.000000 -195.597425 
0.300013 -5.000000 -205.103446 
0.305013 -5.000000 -193.696221 
0.310013 -5.000000 -197.498629 
0.315014 -5.000000 -191.795017 
0.320014 -5.000000 -191.795017 
0.325014 -5.000000 -197.498629 
0.330014 -5.000000 -193.696221 
0.335014 -5.000000 -199.399833 
0.340015 -5.000000 -193.696221 
0.345015 -5.000000 -193.696221 
0.350015 -5.000000 -193.696221 
0.355016 -5.000000 -195.597425 
0.360016 -5.000000 -195.597425 
0.365016 -5.000000 -191.795017 
0.370016 -5.000000 -189.893813 
0.375016 -5.000000 -201.301038 
0.380016 -5.000000 -193.696221 
0.385017 -5.000000 -189.893813 
0.390017 -5.000000 -189.893813 
0.395017 -5.000000 -191.795017 
0.400017 -5.000000 -186.091404 
0.405018 -5.000000 -189.893813 
0.410018 -5.000000 -195.597425 
0.415018 -5.000000 -189.893813 
0.420018 -5.000000 -191.795017 
0.425018 -5.000000 -187.992609 
0.430019 -5.000000 -197.498629 
0.435019 -5.000000 -191.795017 
0.440019 -5.000000 -195.597425 
0.445019 -5.000000 -193.696221 
0.450019 -5.000000 -182.288996 
0.455019 -5.000000 -193.696221 
0.460020 -5.000000 -191.795017 
0.465020 -5.000000 -195.597425 
0.470020 -5.000000 -186.091404 
0.475020 -5.000000 -189.893813 
0.480021 -5.000000 -184.190200 
0.485021 -5.000000 -191.795017 
0.490021 -5.000000 -191.795017 
0.495021 -5.000000 -184.190200 
0.500029 -5.000000 -193.696221 
0.505030 -5.000000 -193.696221 
0.510030 -5.000000 -191.795017 
0.515030 -5.000000 -191.795017 
0.520030 -5.000000 -189.893813 
0.525030 -5.000000 -187.992609 
0.530030 -5.000000 -180.387792 
0.535031 -5.000000 -191.795017 
0.540031 -5.000000 -189.893813 
0.545031 -5.000000 -189.893813 
0.550031 -5.000000 -189.893813 
0.555031 -5.000000 -184.190200 
0.560032 -5.000000 -180.387792 
0.565032 -5.000000 -187.992609 
0.570032 -5.000000 -186.091404 
0.575032 -5.000000 -195.597425 
0.580032 -5.000000 -187.992609 
0.585032 -5.000000 -189.893813 
0.590036 -5.000000 -186.091404 
0.595036 -5.000000 -187.992609 
0.600036 -5.000000 -186.091404 
0.605080 -5.000000 -189.893813 
0.610080 -5.000000 -186.091404 
0.615080 -5.000000 -180.387792 
0.620085 -5.000000 -184.190200 
0.625085 -5.000000 -189.893813 
0.630085 -5.000000 -191.795017 
0.635090 -5.000000 -189.893813 
0.640090 -5.000000 -186.091404 
0.645090 -5.000000 -186.091404 
0.650090 -5.000000 -189.893813 
0.655090 -5.000000 -187.992609 
0.660091 -5.000000 -193.696221 
0.665091 -5.000000 -186.091404 
0.670091 -5.000000 -184.190200 
0.675091 -5.000000 -189.893813 
0.680091 -5.000000 -182.288996 
0.685092 -5.000000 -189.893813 
0.690092 -5.000000 -193.696221 
0.695092 -5.000000 -186.091404 
0.700092 -5.000000 -191.795017 
0.705092 -5.000000 -180.387792 
0.710092 -5.000000 -187.992609 
0.715092 -5.000000 -191.795017 
0.720093 -5.000000 -197.498629 
0.725093 -5.000000 -186.091404 
0.730093 -5.000000 -189.893813 
0.735093 -5.000000 -184.190200 
0.740093 -5.000000 -191.795017 
0.745093 -5.000000 -193.696221 
0.750093 -5.000000 -191.795017 
0.755094 -5.000000 -193.696221 
0.760094 -5.000000 -191.795017 
0.765094 -5.000000 -186.091404 
0.770094 -5.000000 -191.795017 
0.775094 -5.000000 -199.399833 
0.780094 -5.000000 -187.992609 
0.785094 -5.000000 -191.795017 
0.790095 -5.000000 -189.893813 
0.795095 -5.000000 -189.893813 
0.800095 -5.000000 -191.795017 
0.805095 -5.000000 -191.795017 
0.810095 -5.000000 -193.696221 
0.815095 -5.000000 -193.696221 
0.820096 -5.000000 -191.795017 
0.825096 -5.000000 -195.597425 
0.830096 -5.000000 -193.696221 
0.835096 -5.000000 -197.498629 
0.840096 -5.000000 -199.399833 
0.845097 -5.000000 -193.696221 
0.850109 -5.000000 -199.399833 
0.855109 -5.000000 -199.399833 
0.860109 -5.000000 -193.696221 
0.865109 -5.000000 -193.696221 
0.870109 -5.000000 -189.893813 
0.875109 -5.000000 -201.301038 
0.880109 -5.000000 -197.498629 
0.885110 -5.000000 -201.301038 
0.890110 -5.000000 -201.301038 
0.895110 -5.000000 -199.399833 
0.900110 -5.000000 -195.597425 
0.905110 -5.000000 -203.202242 
0.910110 -5.000000 -197.498629 
0.915110 -5.000000 -201.301038 
0.920110 -5.000000 -205.103446 
0.925111 -5.000000 -201.301038 
0.930111 -5.000000 -207.004650 
0.935111 -5.000000 -193.696221 
0.940111 -5.000000 -201.301038 
0.945111 -5.000000 -205.103446 
0.950112 -5.000000 -197.498629 
0.955112 -5.000000 -212.708262 
0.960112 -5.000000 -205.103446 
0.965112 -5.000000 -207.004650 
0.970112 -5.000000 -207.004650 
0.975113 -5.000000 -201.301038 
0.980113 -5.000000 -199.399833 
0.985113 -5.000000 -203.202242 
0.990113 -5.000000 -210.807058 
0.995113 -5.000000 -208.905854 
