0.000000 -4.500000 -3.814729 
0.005000 -4.500000 -5.715934 
0.010001 -4.500000 3.790087 
0.015001 -4.500000 -5.715934 
0.020001 -4.500000 -13.320750 
0.025001 -4.500000 -30.431588 
0.030001 -4.500000 -36.135200 
0.035001 -4.500000 -64.653262 
0.040001 -4.500000 -83.665304 
0.045001 -4.500000 -119.788183 
0.050001 -4.500000 -142.602633 
0.055001 -4.500000 -142.602633 
0.060001 -4.500000 -148.306245 
0.065002 -4.500000 -148.306245 
0.070002 -4.500000 -148.306245 
0.075002 -4.500000 -144.503837 
0.080002 -4.500000 -161.614674 
0.085002 -4.500000 -165.417082 
0.090002 -4.500000 -169.219491 
0.095002 -4.500000 -173.021899 
0.100002 -4.500000 -171.120695 
0.105003 -4.500000 -180.626716 
0.110003 -4.500000 -173.021899 
0.115003 -4.500000 -178.725511 
0.120003 -4.500000 -180.626716 
0.125003 -4.500000 -180.626716 
0.130003 -4.500000 -188.231532 
0.135003 -4.500000 -178.725511 
0.140004 -4.500000 -186.330328 
0.145004 -4.500000 -188.231532 
0.150004 -4.500000 -192.033940 
0.155004 -4.500000 -197.737553 
0.160004 -4.500000 -192.033940 
0.165005 -4.500000 -197.737553 
0.170015 -4.500000 -192.033940 
0.175016 -4.500000 -184.429124 
0.180016 -4.500000 -184.429124 
0.185017 -4.500000 -192.033940 
0.190017 -4.500000 -195.836349 
0.195018 -4.500000 -201.539961 
0.200018 -4.500000 -193.935145 
0.205019 -4.500000 -190.132736 
0.210019 -4.500000 -195.836349 
0.215020 -4.500000 -182.527920 
0.220020 -4.500000 -186.330328 
0.225021 -4.500000 -192.033940 
0.230021 -4.500000 -190.132736 
0.235022 -4.500000 -193.935145 
0.240022 -4.500000 -190.132736 
0.245022 -4.500000 -197.737553 
0.250023 -4.500000 -184.429124 
0.255023 -4.500000 -184.429124 
0.260024 -4.500000 -192.033940 
0.265024 -4.500000 -193.935145 
0.270025 -4.500000 -192.033940 
0.275025 -4.500000 -188.231532 
0.280025 -4.500000 -188.231532 
0.285025 -4.500000 -186.330328 
0.290026 -4.500000 -186.330328 
0.295026 -4.500000 -192.033940 
0.300027 -4.500000 -193.935145 
0.305027 -4.500000 -184.429124 
0.310027 -4.500000 -180.626716 
0.315028 -4.500000 -188.231532 
0.320028 -4.500000 -184.429124 
0.325028 -4.500000 -193.935145 
0.330029 -4.500000 -188.231532 
0.335029 -4.500000 -186.330328 
0.340029 -4.500000 -188.231532 
0.345030 -4.500000 -180.626716 
0.350030 -4.500000 -180.626716 
0.355031 -4.500000 -186.330328 
0.360031 -4.500000 -180.626716 
0.365032 -4.500000 -184.429124 
0.370033 -4.500000 -188.231532 
0.375033 -4.500000 -180.626716 
0.380033 -4.500000 -190.132736 
0.385034 -4.500000 -176.824307 
0.390034 -4.500000 -184.429124 
0.395035 -4.500000 -180.626716 
0.400035 -4.500000 -176.824307 
0.405036 -4.500000 -184.429124 
0.410036 -4.500000 -184.429124 
0.415037 -4.500000 -182.527920 
0.420037 -4.500000 -176.824307 
0.425038 -4.500000 -173.021899 
0.430038 -4.500000 -180.626716 
0.435038 -4.500000 -180.626716 
0.440039 -4.500000 -184.429124 
0.445039 -4.500000 -180.626716 
0.450040 -4.500000 -178.725511 
0.455040 -4.500000 -176.824307 
0.460041 -4.500000 -180.626716 
0.465041 -4.500000 -184.429124 
0.470041 -4.500000 -182.527920 
0.475041 -4.500000 -182.527920 
0.480041 -4.500000 -176.824307 
0.485041 -4.500000 -174.923103 
0.490042 -4.500000 -176.824307 
0.495043 -4.500000 -173.021899 
0.500043 -4.500000 -180.626716 
0.505043 -4.500000 -182.527920 
0.510044 -4.500000 -176.824307 
0.515044 -4.500000 -174.923103 
0.520044 -4.500000 -174.923103 
0.525044 -4.500000 -173.021899 
0.530044 -4.500000 -184.429124 
0.535045 -4.500000 -178.725511 
0.540045 -4.500000 -173.021899 
0.545045 -4.500000 -173.021899 
0.550045 -4.500000 -173.021899 
0.555045 -4.500000 -173.021899 
0.560046 -4.500000 -182.527920 
0.565046 -4.500000 -176.824307 
0.570046 -4.500000 -173.021899 
0.575046 -4.500000 -173.021899 
0.580046 -4.500000 -174.923103 
0.585047 -4.500000 -180.626716 
0.590047 -4.500000 -178.725511 
0.595048 -4.500000 -176.824307 
0.600048 -4.500000 -180.626716 
0.605049 -4.500000 -173.021899 
0.610049 -4.500000 -173.021899 
0.615049 -4.500000 -174.923103 
0.620050 -4.500000 -173.021899 
0.625051 -4.500000 -182.527920 
0.630051 -4.500000 -171.120695 
0.635051 -4.500000 -176.824307 
0.640052 -4.500000 -174.923103 
0.645052 -4.500000 -173.021899 
0.650052 -4.500000 -180.626716 
0.655052 -4.500000 -178.725511 
0.660052 -4.500000 -171.120695 
0.665052 -4.500000 -176.824307 
0.670052 -4.500000 -173.021899 
0.675053 -4.500000 -173.021899 
0.680053 -4.500000 -176.824307 
0.685054 -4.500000 -178.725511 
0.690054 -4.500000 -173.021899 
0.695055 -4.500000 -174.923103 
0.700055 -4.500000 -174.923103 
0.705056 -4.500000 -173.021899 
0.710056 -4.500000 -178.725511 
0.715056 -4.500000 -180.626716 
0.720057 -4.500000 -174.923103 
0.725057 -4.500000 -173.021899 
0.730057 -4.500000 -173.021899 
0.735058 -4.500000 -173.021899 
0.740058 -4.500000 -174.923103 
0.745058 -4.500000 -178.725511 
0.750059 -4.500000 -173.021899 
0.755059 -4.500000 -176.824307 
0.760060 -4.500000 -178.725511 
0.765061 -4.500000 -171.120695 
0.770062 -4.500000 -180.626716 
0.775062 -4.500000 -178.725511 
0.780062 -4.500000 -186.330328 
0.785062 -4.500000 -171.120695 
0.790063 -4.500000 -176.824307 
0.795063 -4.500000 -174.923103 
0.800063 -4.500000 -176.824307 
0.805063 -4.500000 -188.231532 
0.810064 -4.500000 -184.429124 
0.815064 -4.500000 -178.725511 
0.820065 -4.500000 -174.923103 
0.825065 -4.500000 -173.021899 
0.830065 -4.500000 -173.021899 
0.835066 -4.500000 -182.527920 
0.840067 -4.500000 -176.824307 
0.845067 -4.500000 -182.527920 
0.850067 -4.500000 -174.923103 
0.855068 -4.500000 -182.527920 
0.860068 -4.500000 -184.429124 
0.865069 -4.500000 -178.725511 
0.870069 -4.500000 -182.527920 
0.875070 -4.500000 -188.231532 
0.880070 -4.500000 -180.626716 
0.885071 -4.500000 -178.725511 
0.890071 -4.500000 -184.429124 
0.895072 -4.500000 -178.725511 
0.900072 -4.500000 -180.626716 
0.905073 -4.500000 -182.527920 
0.910073 -4.500000 -178.725511 
0.915074 -4.500000 -184.429124 
0.920074 -4.500000 -184.429124 
0.925075 -4.500000 -186.330328 
0.930075 -4.500000 -192.033940 
0.935075 -4.500000 -184.429124 
0.940076 -4.500000 -178.725511 
0.945076 -4.500000 -190.132736 
0.950076 -4.500000 -192.033940 
0.955077 -4.500000 -184.429124 
0.960077 -4.500000 -195.836349 
0.965077 -4.500000 -188.231532 
0.970077 -4.500000 -192.033940 
0.975078 -4.500000 -186.330328 
0.980079 -4.500000 -192.033940 
0.985079 -4.500000 -195.836349 
0.990080 -4.500000 -190.132736 
0.995080 -4.500000 -188.231532 
