0.000001 -4.900000 6.861150 
0.005001 -4.900000 -2.644871 
0.010001 -4.900000 3.058741 
0.015001 -4.900000 -0.743667 
0.020001 -4.900000 -19.755708 
0.025002 -4.900000 -25.459321 
0.030002 -4.900000 -40.668954 
0.035002 -4.900000 -74.890629 
0.040002 -4.900000 -92.001466 
0.045011 -4.900000 -126.223141 
0.050011 -4.900000 -147.136386 
0.055011 -4.900000 -156.642407 
0.060012 -4.900000 -160.444816 
0.065012 -4.900000 -162.346020 
0.070012 -4.900000 -158.543611 
0.075012 -4.900000 -166.148428 
0.080012 -4.900000 -168.049632 
0.085012 -4.900000 -179.456857 
0.090013 -4.900000 -190.864082 
0.095013 -4.900000 -183.259265 
0.100013 -4.900000 -192.765286 
0.105013 -4.900000 -183.259265 
0.110013 -4.900000 -187.061674 
0.115013 -4.900000 -188.962878 
0.120013 -4.900000 -188.962878 
0.125013 -4.900000 -196.567694 
0.130013 -4.900000 -196.567694 
0.135014 -4.900000 -196.567694 
0.140014 -4.900000 -200.370103 
0.145014 -4.900000 -202.271307 
0.150014 -4.900000 -206.073715 
0.155014 -4.900000 -204.172511 
0.160014 -4.900000 -198.468899 
0.165015 -4.900000 -196.567694 
0.170015 -4.900000 -204.172511 
0.175015 -4.900000 -194.666490 
0.180015 -4.900000 -207.974919 
0.185015 -4.900000 -198.468899 
0.190016 -4.900000 -198.468899 
0.195016 -4.900000 -206.073715 
0.200016 -4.900000 -196.567694 
0.205016 -4.900000 -198.468899 
0.210016 -4.900000 -196.567694 
0.215016 -4.900000 -202.271307 
0.220016 -4.900000 -200.370103 
0.225017 -4.900000 -202.271307 
0.230017 -4.900000 -202.271307 
0.235017 -4.900000 -190.864082 
0.240017 -4.900000 -194.666490 
0.245017 -4.900000 -204.172511 
0.250017 -4.900000 -207.974919 
0.255017 -4.900000 -202.271307 
0.260018 -4.900000 -200.370103 
0.265018 -4.900000 -204.172511 
0.270018 -4.900000 -196.567694 
0.275018 -4.900000 -196.567694 
0.280018 -4.900000 -200.370103 
0.285018 -4.900000 -198.468899 
0.290018 -4.900000 -200.370103 
0.295019 -4.900000 -200.370103 
0.300019 -4.900000 -194.666490 
0.305019 -4.900000 -204.172511 
0.310019 -4.900000 -200.370103 
0.315019 -4.900000 -194.666490 
0.320019 -4.900000 -192.765286 
0.325019 -4.900000 -198.468899 
0.330020 -4.900000 -204.172511 
0.335020 -4.900000 -188.962878 
0.340020 -4.900000 -190.864082 
0.345020 -4.900000 -190.864082 
0.350020 -4.900000 -194.666490 
0.355020 -4.900000 -194.666490 
0.360020 -4.900000 -198.468899 
0.365020 -4.900000 -190.864082 
0.370020 -4.900000 -194.666490 
0.375021 -4.900000 -200.370103 
0.380021 -4.900000 -192.765286 
0.385021 -4.900000 -192.765286 
0.390021 -4.900000 -196.567694 
0.395021 -4.900000 -192.765286 
0.400021 -4.900000 -194.666490 
0.405021 -4.900000 -183.259265 
0.410022 -4.900000 -200.370103 
0.415022 -4.900000 -194.666490 
0.420022 -4.900000 -190.864082 
0.425022 -4.900000 -188.962878 
0.430022 -4.900000 -187.061674 
0.435023 -4.900000 -194.666490 
0.440023 -4.900000 -190.864082 
0.445023 -4.900000 -196.567694 
0.450023 -4.900000 -194.666490 
0.455023 -4.900000 -181.358061 
0.460023 -4.900000 -187.061674 
0.465023 -4.900000 -190.864082 
0.470024 -4.900000 -190.864082 
0.475024 -4.900000 -187.061674 
0.480024 -4.900000 -192.765286 
0.485024 -4.900000 -190.864082 
0.490024 -4.900000 -181.358061 
0.495024 -4.900000 -196.567694 
0.500024 -4.900000 -194.666490 
0.505025 -4.900000 -196.567694 
0.510025 -4.900000 -188.962878 
0.515025 -4.900000 -190.864082 
0.520025 -4.900000 -188.962878 
0.525025 -4.900000 -188.962878 
0.530026 -4.900000 -188.962878 
0.535026 -4.900000 -187.061674 
0.540026 -4.900000 -190.864082 
0.545026 -4.900000 -194.666490 
0.550026 -4.900000 -190.864082 
0.555027 -4.900000 -187.061674 
0.560027 -4.900000 -187.061674 
0.565027 -4.900000 -188.962878 
0.570027 -4.900000 -188.962878 
0.575027 -4.900000 -187.061674 
0.580027 -4.900000 -185.160469 
0.585027 -4.900000 -194.666490 
0.590028 -4.900000 -188.962878 
0.595028 -4.900000 -185.160469 
0.600028 -4.900000 -183.259265 
0.605028 -4.900000 -181.358061 
0.610028 -4.900000 -194.666490 
0.615028 -4.900000 -188.962878 
0.620028 -4.900000 -185.160469 
0.625029 -4.900000 -185.160469 
0.630029 -4.900000 -190.864082 
0.635029 -4.900000 -188.962878 
0.640029 -4.900000 -190.864082 
0.645029 -4.900000 -187.061674 
0.650030 -4.900000 -179.456857 
0.655030 -4.900000 -185.160469 
0.660030 -4.900000 -185.160469 
0.665030 -4.900000 -187.061674 
0.670031 -4.900000 -194.666490 
0.675031 -4.900000 -181.358061 
0.680031 -4.900000 -183.259265 
0.685032 -4.900000 -187.061674 
0.690032 -4.900000 -188.962878 
0.695032 -4.900000 -196.567694 
0.700032 -4.900000 -185.160469 
0.705033 -4.900000 -194.666490 
0.710033 -4.900000 -187.061674 
0.715033 -4.900000 -187.061674 
0.720033 -4.900000 -185.160469 
0.725033 -4.900000 -190.864082 
0.730033 -4.900000 -188.962878 
0.735034 -4.900000 -187.061674 
0.740034 -4.900000 -181.358061 
0.745034 -4.900000 -185.160469 
0.750034 -4.900000 -194.666490 
0.755034 -4.900000 -190.864082 
0.760034 -4.900000 -190.864082 
0.765034 -4.900000 -194.666490 
0.770035 -4.900000 -187.061674 
0.775035 -4.900000 -190.864082 
0.780037 -4.900000 -187.061674 
0.785037 -4.900000 -192.765286 
0.790037 -4.900000 -190.864082 
0.795037 -4.900000 -190.864082 
0.800037 -4.900000 -187.061674 
0.805038 -4.900000 -194.666490 
0.810038 -4.900000 -187.061674 
0.815038 -4.900000 -192.765286 
0.820038 -4.900000 -190.864082 
0.825038 -4.900000 -194.666490 
0.830038 -4.900000 -196.567694 
0.835038 -4.900000 -190.864082 
0.840039 -4.900000 -188.962878 
0.845039 -4.900000 -194.666490 
0.850039 -4.900000 -194.666490 
0.855039 -4.900000 -192.765286 
0.860039 -4.900000 -200.370103 
0.865042 -4.900000 -198.468899 
0.870042 -4.900000 -196.567694 
0.875042 -4.900000 -198.468899 
0.880042 -4.900000 -194.666490 
0.885042 -4.900000 -196.567694 
0.890042 -4.900000 -202.271307 
0.895042 -4.900000 -196.567694 
0.900042 -4.900000 -202.271307 
0.905042 -4.900000 -192.765286 
0.910043 -4.900000 -204.172511 
0.915043 -4.900000 -194.666490 
0.920043 -4.900000 -204.172511 
0.925043 -4.900000 -194.666490 
0.930043 -4.900000 -204.172511 
0.935043 -4.900000 -207.974919 
0.940043 -4.900000 -198.468899 
0.945044 -4.900000 -202.271307 
0.950044 -4.900000 -202.271307 
0.955044 -4.900000 -202.271307 
0.960044 -4.900000 -204.172511 
0.965044 -4.900000 -200.370103 
0.970044 -4.900000 -207.974919 
0.975044 -4.900000 -207.974919 
0.980044 -4.900000 -206.073715 
0.985044 -4.900000 -200.370103 
0.990044 -4.900000 -207.974919 
0.995045 -4.900000 -206.073715 
