0.000000 -3.500000 -3.831548 
0.005000 -3.500000 -1.930344 
0.010001 -3.500000 -7.633956 
0.015001 -3.500000 -9.535160 
0.020001 -3.500000 -7.633956 
0.025001 -3.500000 -11.436365 
0.030001 -3.500000 -34.250814 
0.035001 -3.500000 -38.053223 
0.040001 -3.500000 -62.768877 
0.045002 -3.500000 -81.780918 
0.050002 -3.500000 -96.990551 
0.055002 -3.500000 -121.706205 
0.060002 -3.500000 -119.805001 
0.065002 -3.500000 -116.002593 
0.070002 -3.500000 -121.706205 
0.075003 -3.500000 -119.805001 
0.080003 -3.500000 -131.212226 
0.085003 -3.500000 -123.607409 
0.090003 -3.500000 -131.212226 
0.095004 -3.500000 -144.520655 
0.100004 -3.500000 -138.817043 
0.105004 -3.500000 -142.619451 
0.110004 -3.500000 -140.718247 
0.115004 -3.500000 -148.323063 
0.120004 -3.500000 -148.323063 
0.125004 -3.500000 -150.224268 
0.130005 -3.500000 -157.829084 
0.135005 -3.500000 -154.026676 
0.140005 -3.500000 -154.026676 
0.145005 -3.500000 -155.927880 
0.150005 -3.500000 -159.730288 
0.155005 -3.500000 -163.532697 
0.160005 -3.500000 -157.829084 
0.165006 -3.500000 -157.829084 
0.170006 -3.500000 -163.532697 
0.175006 -3.500000 -155.927880 
0.180006 -3.500000 -157.829084 
0.185023 -3.500000 -159.730288 
0.190023 -3.500000 -163.532697 
0.195024 -3.500000 -165.433901 
0.200024 -3.500000 -165.433901 
0.205024 -3.500000 -163.532697 
0.210024 -3.500000 -159.730288 
0.215024 -3.500000 -167.335105 
0.220025 -3.500000 -159.730288 
0.225025 -3.500000 -154.026676 
0.230025 -3.500000 -163.532697 
0.235025 -3.500000 -163.532697 
0.240025 -3.500000 -159.730288 
0.245025 -3.500000 -165.433901 
0.250025 -3.500000 -161.631492 
0.255025 -3.500000 -163.532697 
0.260025 -3.500000 -163.532697 
0.265026 -3.500000 -155.927880 
0.270026 -3.500000 -161.631492 
0.275026 -3.500000 -154.026676 
0.280026 -3.500000 -161.631492 
0.285026 -3.500000 -159.730288 
0.290026 -3.500000 -161.631492 
0.295026 -3.500000 -163.532697 
0.300027 -3.500000 -169.236309 
0.305027 -3.500000 -167.335105 
0.310027 -3.500000 -154.026676 
0.315027 -3.500000 -155.927880 
0.320027 -3.500000 -155.927880 
0.325027 -3.500000 -154.026676 
0.330027 -3.500000 -159.730288 
0.335027 -3.500000 -157.829084 
0.340028 -3.500000 -157.829084 
0.345028 -3.500000 -154.026676 
0.350028 -3.500000 -157.829084 
0.355028 -3.500000 -159.730288 
0.360028 -3.500000 -154.026676 
0.365028 -3.500000 -167.335105 
0.370028 -3.500000 -159.730288 
0.375028 -3.500000 -155.927880 
0.380028 -3.500000 -155.927880 
0.385029 -3.500000 -154.026676 
0.390029 -3.500000 -159.730288 
0.395037 -3.500000 -155.927880 
0.400037 -3.500000 -161.631492 
0.405037 -3.500000 -157.829084 
0.410037 -3.500000 -155.927880 
0.415037 -3.500000 -154.026676 
0.420037 -3.500000 -152.125472 
0.425037 -3.500000 -157.829084 
0.430037 -3.500000 -152.125472 
0.435037 -3.500000 -155.927880 
0.440038 -3.500000 -155.927880 
0.445038 -3.500000 -155.927880 
0.450038 -3.500000 -146.421859 
0.455038 -3.500000 -148.323063 
0.460038 -3.500000 -157.829084 
0.465038 -3.500000 -148.323063 
0.470038 -3.500000 -157.829084 
0.475038 -3.500000 -154.026676 
0.480038 -3.500000 -146.421859 
0.485039 -3.500000 -146.421859 
0.490039 -3.500000 -152.125472 
0.495039 -3.500000 -148.323063 
0.500039 -3.500000 -152.125472 
0.505039 -3.500000 -154.026676 
0.510039 -3.500000 -146.421859 
0.515039 -3.500000 -144.520655 
0.520040 -3.500000 -152.125472 
0.525040 -3.500000 -144.520655 
0.530040 -3.500000 -144.520655 
0.535040 -3.500000 -154.026676 
0.540040 -3.500000 -154.026676 
0.545040 -3.500000 -144.520655 
0.550040 -3.500000 -146.421859 
0.555040 -3.500000 -150.224268 
0.560040 -3.500000 -146.421859 
0.565040 -3.500000 -140.718247 
0.570041 -3.500000 -140.718247 
0.575041 -3.500000 -148.323063 
0.580041 -3.500000 -144.520655 
0.585041 -3.500000 -146.421859 
0.590041 -3.500000 -148.323063 
0.595042 -3.500000 -138.817043 
0.600042 -3.500000 -142.619451 
0.605042 -3.500000 -136.915838 
0.610043 -3.500000 -136.915838 
0.615043 -3.500000 -146.421859 
0.620043 -3.500000 -142.619451 
0.625044 -3.500000 -150.224268 
0.630044 -3.500000 -138.817043 
0.635044 -3.500000 -144.520655 
0.640044 -3.500000 -140.718247 
0.645044 -3.500000 -140.718247 
0.650044 -3.500000 -140.718247 
0.655044 -3.500000 -140.718247 
0.660044 -3.500000 -140.718247 
0.665045 -3.500000 -142.619451 
0.670045 -3.500000 -138.817043 
0.675045 -3.500000 -150.224268 
0.680045 -3.500000 -138.817043 
0.685045 -3.500000 -140.718247 
0.690045 -3.500000 -138.817043 
0.695046 -3.500000 -136.915838 
0.700046 -3.500000 -142.619451 
0.705046 -3.500000 -142.619451 
0.710046 -3.500000 -138.817043 
0.715046 -3.500000 -142.619451 
0.720046 -3.500000 -135.014634 
0.725046 -3.500000 -138.817043 
0.730046 -3.500000 -146.421859 
0.735046 -3.500000 -144.520655 
0.740047 -3.500000 -148.323063 
0.745047 -3.500000 -142.619451 
0.750047 -3.500000 -138.817043 
0.755047 -3.500000 -140.718247 
0.760047 -3.500000 -138.817043 
0.765047 -3.500000 -148.323063 
0.770047 -3.500000 -136.915838 
0.775047 -3.500000 -142.619451 
0.780047 -3.500000 -142.619451 
0.785047 -3.500000 -140.718247 
0.790048 -3.500000 -138.817043 
0.795048 -3.500000 -146.421859 
0.800048 -3.500000 -144.520655 
0.805048 -3.500000 -133.113430 
0.810048 -3.500000 -144.520655 
0.815048 -3.500000 -138.817043 
0.820048 -3.500000 -150.224268 
0.825049 -3.500000 -140.718247 
0.830049 -3.500000 -138.817043 
0.835049 -3.500000 -138.817043 
0.840049 -3.500000 -133.113430 
0.845049 -3.500000 -138.817043 
0.850050 -3.500000 -136.915838 
0.855050 -3.500000 -148.323063 
0.860050 -3.500000 -144.520655 
0.865050 -3.500000 -135.014634 
0.870050 -3.500000 -138.817043 
0.875050 -3.500000 -138.817043 
0.880050 -3.500000 -138.817043 
0.885051 -3.500000 -146.421859 
0.890051 -3.500000 -138.817043 
0.895051 -3.500000 -144.520655 
0.900051 -3.500000 -140.718247 
0.905051 -3.500000 -148.323063 
0.910051 -3.500000 -140.718247 
0.915051 -3.500000 -136.915838 
0.920051 -3.500000 -142.619451 
0.925051 -3.500000 -138.817043 
0.930051 -3.500000 -136.915838 
0.935052 -3.500000 -148.323063 
0.940052 -3.500000 -146.421859 
0.945052 -3.500000 -138.817043 
0.950052 -3.500000 -146.421859 
0.955052 -3.500000 -140.718247 
0.960052 -3.500000 -138.817043 
0.965052 -3.500000 -140.718247 
0.970052 -3.500000 -138.817043 
0.975052 -3.500000 -144.520655 
0.980053 -3.500000 -142.619451 
0.985053 -3.500000 -140.718247 
0.990053 -3.500000 -140.718247 
0.995053 -3.500000 -144.520655 
