0.000001 -2.300000 7.175067 
0.005001 -2.300000 5.273863 
0.010001 -2.300000 -0.429750 
0.015001 -2.300000 5.273863 
0.020001 -2.300000 -0.429750 
0.025002 -2.300000 -2.330954 
0.030002 -2.300000 -6.133362 
0.035002 -2.300000 -19.441791 
0.040002 -2.300000 -21.342995 
0.045003 -2.300000 -44.157445 
0.050003 -2.300000 -53.663466 
0.055003 -2.300000 -66.971895 
0.060003 -2.300000 -72.675507 
0.065003 -2.300000 -72.675507 
0.070003 -2.300000 -76.477916 
0.075004 -2.300000 -84.082732 
0.080004 -2.300000 -84.082732 
0.085004 -2.300000 -82.181528 
0.090004 -2.300000 -74.576712 
0.095004 -2.300000 -82.181528 
0.100004 -2.300000 -84.082732 
0.105005 -2.300000 -85.983937 
0.110005 -2.300000 -91.687549 
0.115005 -2.300000 -91.687549 
0.120005 -2.300000 -99.292366 
0.125006 -2.300000 -95.489957 
0.130006 -2.300000 -97.391161 
0.135006 -2.300000 -97.391161 
0.140006 -2.300000 -91.687549 
0.145006 -2.300000 -99.292366 
0.150006 -2.300000 -95.489957 
0.155006 -2.300000 -108.798386 
0.160007 -2.300000 -99.292366 
0.165007 -2.300000 -104.995978 
0.170007 -2.300000 -106.897182 
0.175007 -2.300000 -106.897182 
0.180007 -2.300000 -112.600795 
0.185007 -2.300000 -104.995978 
0.190007 -2.300000 -104.995978 
0.195023 -2.300000 -104.995978 
0.200023 -2.300000 -106.897182 
0.205023 -2.300000 -108.798386 
0.210024 -2.300000 -103.094774 
0.215024 -2.300000 -101.193570 
0.220024 -2.300000 -106.897182 
0.225025 -2.300000 -116.403203 
0.230025 -2.300000 -110.699590 
0.235025 -2.300000 -112.600795 
0.240025 -2.300000 -110.699590 
0.245025 -2.300000 -118.304407 
0.250025 -2.300000 -114.501999 
0.255025 -2.300000 -110.699590 
0.260025 -2.300000 -114.501999 
0.265025 -2.300000 -106.897182 
0.270026 -2.300000 -104.995978 
0.275026 -2.300000 -106.897182 
0.280026 -2.300000 -108.798386 
0.285027 -2.300000 -108.798386 
0.290027 -2.300000 -108.798386 
0.295027 -2.300000 -106.897182 
0.300027 -2.300000 -116.403203 
0.305027 -2.300000 -108.798386 
0.310028 -2.300000 -104.995978 
0.315028 -2.300000 -110.699590 
0.320028 -2.300000 -106.897182 
0.325029 -2.300000 -108.798386 
0.330029 -2.300000 -106.897182 
0.335029 -2.300000 -108.798386 
0.340029 -2.300000 -108.798386 
0.345029 -2.300000 -108.798386 
0.350029 -2.300000 -108.798386 
0.355030 -2.300000 -97.391161 
0.360030 -2.300000 -99.292366 
0.365030 -2.300000 -99.292366 
0.370030 -2.300000 -108.798386 
0.375030 -2.300000 -104.995978 
0.380031 -2.300000 -99.292366 
0.385031 -2.300000 -110.699590 
0.390031 -2.300000 -104.995978 
0.395031 -2.300000 -97.391161 
0.400031 -2.300000 -103.094774 
0.405031 -2.300000 -101.193570 
0.410031 -2.300000 -103.094774 
0.415031 -2.300000 -99.292366 
0.420032 -2.300000 -97.391161 
0.425032 -2.300000 -99.292366 
0.430032 -2.300000 -95.489957 
0.435032 -2.300000 -97.391161 
0.440032 -2.300000 -95.489957 
0.445032 -2.300000 -97.391161 
0.450032 -2.300000 -106.897182 
0.455033 -2.300000 -95.489957 
0.460033 -2.300000 -97.391161 
0.465033 -2.300000 -91.687549 
0.470033 -2.300000 -99.292366 
0.475033 -2.300000 -95.489957 
0.480033 -2.300000 -95.489957 
0.485033 -2.300000 -97.391161 
0.490033 -2.300000 -91.687549 
0.495033 -2.300000 -103.094774 
0.500034 -2.300000 -97.391161 
0.505034 -2.300000 -101.193570 
0.510034 -2.300000 -89.786345 
0.515034 -2.300000 -91.687549 
0.520034 -2.300000 -95.489957 
0.525034 -2.300000 -97.391161 
0.530035 -2.300000 -104.995978 
0.535035 -2.300000 -91.687549 
0.540035 -2.300000 -97.391161 
0.545035 -2.300000 -87.885141 
0.550036 -2.300000 -91.687549 
0.555036 -2.300000 -95.489957 
0.560036 -2.300000 -97.391161 
0.565036 -2.300000 -93.588753 
0.570036 -2.300000 -91.687549 
0.575036 -2.300000 -87.885141 
0.580036 -2.300000 -95.489957 
0.585036 -2.300000 -97.391161 
0.590036 -2.300000 -91.687549 
0.595036 -2.300000 -93.588753 
0.600036 -2.300000 -89.786345 
0.605036 -2.300000 -91.687549 
0.610037 -2.300000 -95.489957 
0.615037 -2.300000 -87.885141 
0.620037 -2.300000 -89.786345 
0.625037 -2.300000 -87.885141 
0.630037 -2.300000 -82.181528 
0.635037 -2.300000 -93.588753 
0.640037 -2.300000 -82.181528 
0.645038 -2.300000 -93.588753 
0.650038 -2.300000 -85.983937 
0.655038 -2.300000 -93.588753 
0.660038 -2.300000 -80.280324 
0.665038 -2.300000 -84.082732 
0.670038 -2.300000 -89.786345 
0.675038 -2.300000 -87.885141 
0.680038 -2.300000 -85.983937 
0.685038 -2.300000 -89.786345 
0.690038 -2.300000 -85.983937 
0.695039 -2.300000 -84.082732 
0.700039 -2.300000 -84.082732 
0.705039 -2.300000 -89.786345 
0.710039 -2.300000 -82.181528 
0.715046 -2.300000 -82.181528 
0.720047 -2.300000 -82.181528 
0.725047 -2.300000 -85.983937 
0.730047 -2.300000 -84.082732 
0.735047 -2.300000 -87.885141 
0.740047 -2.300000 -91.687549 
0.745047 -2.300000 -80.280324 
0.750047 -2.300000 -87.885141 
0.755047 -2.300000 -82.181528 
0.760048 -2.300000 -84.082732 
0.765063 -2.300000 -87.885141 
0.770063 -2.300000 -84.082732 
0.775063 -2.300000 -87.885141 
0.780064 -2.300000 -82.181528 
0.785064 -2.300000 -84.082732 
0.790064 -2.300000 -78.379120 
0.795064 -2.300000 -80.280324 
0.800064 -2.300000 -84.082732 
0.805065 -2.300000 -84.082732 
0.810065 -2.300000 -76.477916 
0.815065 -2.300000 -87.885141 
0.820065 -2.300000 -76.477916 
0.825066 -2.300000 -76.477916 
0.830066 -2.300000 -85.983937 
0.835066 -2.300000 -87.885141 
0.840066 -2.300000 -82.181528 
0.845067 -2.300000 -82.181528 
0.850067 -2.300000 -78.379120 
0.855067 -2.300000 -76.477916 
0.860067 -2.300000 -84.082732 
0.865067 -2.300000 -80.280324 
0.870067 -2.300000 -78.379120 
0.875067 -2.300000 -80.280324 
0.880068 -2.300000 -76.477916 
0.885068 -2.300000 -85.983937 
0.890068 -2.300000 -76.477916 
0.895068 -2.300000 -84.082732 
0.900068 -2.300000 -80.280324 
0.905069 -2.300000 -74.576712 
0.910069 -2.300000 -80.280324 
0.915069 -2.300000 -76.477916 
0.920069 -2.300000 -78.379120 
0.925069 -2.300000 -74.576712 
0.930069 -2.300000 -80.280324 
0.935069 -2.300000 -74.576712 
0.940069 -2.300000 -74.576712 
0.945069 -2.300000 -82.181528 
0.950070 -2.300000 -80.280324 
0.955070 -2.300000 -74.576712 
0.960070 -2.300000 -80.280324 
0.965070 -2.300000 -72.675507 
0.970070 -2.300000 -82.181528 
0.975070 -2.300000 -74.576712 
0.980070 -2.300000 -80.280324 
0.985070 -2.300000 -78.379120 
0.990071 -2.300000 -78.379120 
0.995071 -2.300000 -76.477916 
