0.000001 -3.000000 -1.524896 
0.005001 -3.000000 -3.426100 
0.010002 -3.000000 -3.426100 
0.015002 -3.000000 -1.524896 
0.020002 -3.000000 -7.228508 
0.025002 -3.000000 -14.833325 
0.030002 -3.000000 -22.438142 
0.035002 -3.000000 -52.857408 
0.040002 -3.000000 -68.067041 
0.045003 -3.000000 -75.671858 
0.050003 -3.000000 -88.980287 
0.055003 -3.000000 -92.782695 
0.060003 -3.000000 -98.486308 
0.065003 -3.000000 -94.683899 
0.070003 -3.000000 -96.585103 
0.075003 -3.000000 -92.782695 
0.080004 -3.000000 -100.387512 
0.085004 -3.000000 -98.486308 
0.090004 -3.000000 -115.597145 
0.095004 -3.000000 -113.695941 
0.100005 -3.000000 -111.794737 
0.105005 -3.000000 -125.103166 
0.110005 -3.000000 -117.498349 
0.115009 -3.000000 -121.300757 
0.120010 -3.000000 -125.103166 
0.125010 -3.000000 -123.201962 
0.130010 -3.000000 -132.707982 
0.135010 -3.000000 -132.707982 
0.140010 -3.000000 -132.707982 
0.145017 -3.000000 -132.707982 
0.150027 -3.000000 -136.510391 
0.155028 -3.000000 -136.510391 
0.160028 -3.000000 -140.312799 
0.165028 -3.000000 -136.510391 
0.170028 -3.000000 -136.510391 
0.175028 -3.000000 -132.707982 
0.180028 -3.000000 -136.510391 
0.185028 -3.000000 -136.510391 
0.190028 -3.000000 -142.214003 
0.195029 -3.000000 -144.115207 
0.200029 -3.000000 -144.115207 
0.205029 -3.000000 -146.016411 
0.210029 -3.000000 -142.214003 
0.215029 -3.000000 -136.510391 
0.220029 -3.000000 -136.510391 
0.225029 -3.000000 -136.510391 
0.230029 -3.000000 -136.510391 
0.235029 -3.000000 -136.510391 
0.240029 -3.000000 -138.411595 
0.245029 -3.000000 -144.115207 
0.250030 -3.000000 -140.312799 
0.255030 -3.000000 -140.312799 
0.260030 -3.000000 -138.411595 
0.265030 -3.000000 -142.214003 
0.270030 -3.000000 -138.411595 
0.275030 -3.000000 -138.411595 
0.280030 -3.000000 -132.707982 
0.285030 -3.000000 -136.510391 
0.290031 -3.000000 -142.214003 
0.295031 -3.000000 -138.411595 
0.300031 -3.000000 -134.609187 
0.305031 -3.000000 -130.806778 
0.310031 -3.000000 -136.510391 
0.315031 -3.000000 -136.510391 
0.320031 -3.000000 -138.411595 
0.325032 -3.000000 -142.214003 
0.330032 -3.000000 -140.312799 
0.335032 -3.000000 -128.905574 
0.340032 -3.000000 -136.510391 
0.345032 -3.000000 -138.411595 
0.350032 -3.000000 -132.707982 
0.355033 -3.000000 -142.214003 
0.360033 -3.000000 -138.411595 
0.365033 -3.000000 -142.214003 
0.370033 -3.000000 -132.707982 
0.375033 -3.000000 -127.004370 
0.380033 -3.000000 -136.510391 
0.385033 -3.000000 -136.510391 
0.390033 -3.000000 -134.609187 
0.395034 -3.000000 -134.609187 
0.400034 -3.000000 -136.510391 
0.405034 -3.000000 -138.411595 
0.410034 -3.000000 -128.905574 
0.415034 -3.000000 -134.609187 
0.420034 -3.000000 -130.806778 
0.425034 -3.000000 -134.609187 
0.430034 -3.000000 -132.707982 
0.435035 -3.000000 -128.905574 
0.440035 -3.000000 -136.510391 
0.445035 -3.000000 -128.905574 
0.450035 -3.000000 -128.905574 
0.455035 -3.000000 -128.905574 
0.460035 -3.000000 -132.707982 
0.465035 -3.000000 -127.004370 
0.470035 -3.000000 -123.201962 
0.475036 -3.000000 -134.609187 
0.480036 -3.000000 -130.806778 
0.485036 -3.000000 -127.004370 
0.490036 -3.000000 -132.707982 
0.495036 -3.000000 -127.004370 
0.500036 -3.000000 -121.300757 
0.505036 -3.000000 -125.103166 
0.510036 -3.000000 -125.103166 
0.515037 -3.000000 -128.905574 
0.520037 -3.000000 -132.707982 
0.525037 -3.000000 -128.905574 
0.530037 -3.000000 -125.103166 
0.535037 -3.000000 -125.103166 
0.540037 -3.000000 -121.300757 
0.545037 -3.000000 -123.201962 
0.550038 -3.000000 -128.905574 
0.555038 -3.000000 -130.806778 
0.560038 -3.000000 -125.103166 
0.565038 -3.000000 -123.201962 
0.570038 -3.000000 -121.300757 
0.575038 -3.000000 -119.399553 
0.580038 -3.000000 -123.201962 
0.585051 -3.000000 -121.300757 
0.590051 -3.000000 -119.399553 
0.595051 -3.000000 -119.399553 
0.600052 -3.000000 -123.201962 
0.605052 -3.000000 -119.399553 
0.610052 -3.000000 -121.300757 
0.615052 -3.000000 -121.300757 
0.620052 -3.000000 -123.201962 
0.625052 -3.000000 -113.695941 
0.630052 -3.000000 -121.300757 
0.635052 -3.000000 -119.399553 
0.640052 -3.000000 -121.300757 
0.645053 -3.000000 -121.300757 
0.650053 -3.000000 -119.399553 
0.655053 -3.000000 -119.399553 
0.660053 -3.000000 -115.597145 
0.665053 -3.000000 -119.399553 
0.670053 -3.000000 -113.695941 
0.675053 -3.000000 -111.794737 
0.680054 -3.000000 -117.498349 
0.685054 -3.000000 -121.300757 
0.690054 -3.000000 -123.201962 
0.695054 -3.000000 -121.300757 
0.700054 -3.000000 -117.498349 
0.705054 -3.000000 -113.695941 
0.710055 -3.000000 -111.794737 
0.715055 -3.000000 -119.399553 
0.720055 -3.000000 -121.300757 
0.725055 -3.000000 -121.300757 
0.730055 -3.000000 -117.498349 
0.735055 -3.000000 -119.399553 
0.740056 -3.000000 -121.300757 
0.745056 -3.000000 -119.399553 
0.750056 -3.000000 -111.794737 
0.755057 -3.000000 -113.695941 
0.760057 -3.000000 -119.399553 
0.765057 -3.000000 -117.498349 
0.770057 -3.000000 -119.399553 
0.775058 -3.000000 -115.597145 
0.780058 -3.000000 -115.597145 
0.785059 -3.000000 -119.399553 
0.790059 -3.000000 -117.498349 
0.795060 -3.000000 -121.300757 
0.800060 -3.000000 -125.103166 
0.805060 -3.000000 -119.399553 
0.810061 -3.000000 -117.498349 
0.815061 -3.000000 -111.794737 
0.820061 -3.000000 -106.091124 
0.825061 -3.000000 -115.597145 
0.830061 -3.000000 -119.399553 
0.835061 -3.000000 -121.300757 
0.840061 -3.000000 -121.300757 
0.845062 -3.000000 -113.695941 
0.850062 -3.000000 -107.992328 
0.855062 -3.000000 -107.992328 
0.860062 -3.000000 -113.695941 
0.865062 -3.000000 -117.498349 
0.870062 -3.000000 -115.597145 
0.875062 -3.000000 -121.300757 
0.880062 -3.000000 -113.695941 
0.885063 -3.000000 -117.498349 
0.890063 -3.000000 -113.695941 
0.895063 -3.000000 -121.300757 
0.900063 -3.000000 -117.498349 
0.905063 -3.000000 -119.399553 
0.910063 -3.000000 -109.893533 
0.915064 -3.000000 -121.300757 
0.920064 -3.000000 -119.399553 
0.925064 -3.000000 -119.399553 
0.930064 -3.000000 -115.597145 
0.935064 -3.000000 -115.597145 
0.940065 -3.000000 -111.794737 
0.945065 -3.000000 -111.794737 
0.950065 -3.000000 -115.597145 
0.955066 -3.000000 -117.498349 
0.960066 -3.000000 -111.794737 
0.965066 -3.000000 -109.893533 
0.970066 -3.000000 -109.893533 
0.975066 -3.000000 -113.695941 
0.980067 -3.000000 -113.695941 
0.985067 -3.000000 -113.695941 
0.990067 -3.000000 -121.300757 
0.995067 -3.000000 -117.498349 
