0.000001 -0.800000 5.464533 
0.005001 -0.800000 5.464533 
0.010001 -0.800000 -5.942692 
0.015002 -0.800000 3.563329 
0.020002 -0.800000 -5.942692 
0.025002 -0.800000 -2.140283 
0.030002 -0.800000 -4.041488 
0.035003 -0.800000 -4.041488 
0.040003 -0.800000 1.662125 
0.045003 -0.800000 -2.140283 
0.050003 -0.800000 -4.041488 
0.055012 -0.800000 -9.745100 
0.060012 -0.800000 -7.843896 
0.065012 -0.800000 -24.954733 
0.070012 -0.800000 -28.757141 
0.075012 -0.800000 -36.361958 
0.080013 -0.800000 -34.460754 
0.085013 -0.800000 -38.263162 
0.090013 -0.800000 -30.658346 
0.095014 -0.800000 -34.460754 
0.100014 -0.800000 -36.361958 
0.105014 -0.800000 -36.361958 
0.110014 -0.800000 -28.757141 
0.115014 -0.800000 -36.361958 
0.120014 -0.800000 -28.757141 
0.125020 -0.800000 -32.559550 
0.130020 -0.800000 -36.361958 
0.135021 -0.800000 -38.263162 
0.140021 -0.800000 -43.966775 
0.145021 -0.800000 -40.164366 
0.150021 -0.800000 -47.769183 
0.155021 -0.800000 -43.966775 
0.160021 -0.800000 -43.966775 
0.165021 -0.800000 -42.065571 
0.170022 -0.800000 -36.361958 
0.175022 -0.800000 -40.164366 
0.180022 -0.800000 -43.966775 
0.185022 -0.800000 -40.164366 
0.190030 -0.800000 -40.164366 
0.195030 -0.800000 -43.966775 
0.200031 -0.800000 -36.361958 
0.205031 -0.800000 -45.867979 
0.210031 -0.800000 -36.361958 
0.215031 -0.800000 -45.867979 
0.220031 -0.800000 -43.966775 
0.225032 -0.800000 -45.867979 
0.230032 -0.800000 -49.670387 
0.235032 -0.800000 -40.164366 
0.240032 -0.800000 -51.571591 
0.245032 -0.800000 -45.867979 
0.250033 -0.800000 -45.867979 
0.255033 -0.800000 -49.670387 
0.260033 -0.800000 -43.966775 
0.265033 -0.800000 -45.867979 
0.270033 -0.800000 -43.966775 
0.275033 -0.800000 -42.065571 
0.280033 -0.800000 -47.769183 
0.285034 -0.800000 -40.164366 
0.290034 -0.800000 -42.065571 
0.295034 -0.800000 -45.867979 
0.300034 -0.800000 -45.867979 
0.305034 -0.800000 -51.571591 
0.310034 -0.800000 -42.065571 
0.315035 -0.800000 -51.571591 
0.320035 -0.800000 -43.966775 
0.325036 -0.800000 -45.867979 
0.330036 -0.800000 -47.769183 
0.335036 -0.800000 -42.065571 
0.340036 -0.800000 -47.769183 
0.345036 -0.800000 -45.867979 
0.350037 -0.800000 -42.065571 
0.355037 -0.800000 -43.966775 
0.360037 -0.800000 -47.769183 
0.365037 -0.800000 -40.164366 
0.370037 -0.800000 -45.867979 
0.375037 -0.800000 -42.065571 
0.380037 -0.800000 -43.966775 
0.385038 -0.800000 -40.164366 
0.390038 -0.800000 -43.966775 
0.395038 -0.800000 -42.065571 
0.400038 -0.800000 -47.769183 
0.405038 -0.800000 -47.769183 
0.410038 -0.800000 -43.966775 
0.415038 -0.800000 -42.065571 
0.420039 -0.800000 -40.164366 
0.425039 -0.800000 -43.966775 
0.430039 -0.800000 -36.361958 
0.435039 -0.800000 -36.361958 
0.440039 -0.800000 -40.164366 
0.445039 -0.800000 -40.164366 
0.450039 -0.800000 -42.065571 
0.455040 -0.800000 -34.460754 
0.460040 -0.800000 -43.966775 
0.465040 -0.800000 -34.460754 
0.470040 -0.800000 -43.966775 
0.475040 -0.800000 -40.164366 
0.480040 -0.800000 -42.065571 
0.485044 -0.800000 -45.867979 
0.490044 -0.800000 -36.361958 
0.495044 -0.800000 -40.164366 
0.500044 -0.800000 -40.164366 
0.505044 -0.800000 -40.164366 
0.510044 -0.800000 -45.867979 
0.515044 -0.800000 -40.164366 
0.520044 -0.800000 -40.164366 
0.525045 -0.800000 -36.361958 
0.530045 -0.800000 -42.065571 
0.535045 -0.800000 -36.361958 
0.540045 -0.800000 -38.263162 
0.545048 -0.800000 -36.361958 
0.550048 -0.800000 -32.559550 
0.555048 -0.800000 -40.164366 
0.560048 -0.800000 -32.559550 
0.565048 -0.800000 -36.361958 
0.570048 -0.800000 -40.164366 
0.575048 -0.800000 -38.263162 
0.580049 -0.800000 -42.065571 
0.585049 -0.800000 -34.460754 
0.590049 -0.800000 -40.164366 
0.595049 -0.800000 -38.263162 
0.600049 -0.800000 -36.361958 
0.605049 -0.800000 -36.361958 
0.610049 -0.800000 -36.361958 
0.615050 -0.800000 -36.361958 
0.620050 -0.800000 -32.559550 
0.625050 -0.800000 -30.658346 
0.630050 -0.800000 -32.559550 
0.635050 -0.800000 -32.559550 
0.640051 -0.800000 -34.460754 
0.645051 -0.800000 -32.559550 
0.650051 -0.800000 -28.757141 
0.655051 -0.800000 -40.164366 
0.660052 -0.800000 -32.559550 
0.665052 -0.800000 -38.263162 
0.670052 -0.800000 -30.658346 
0.675052 -0.800000 -30.658346 
0.680052 -0.800000 -38.263162 
0.685052 -0.800000 -32.559550 
0.690052 -0.800000 -30.658346 
0.695053 -0.800000 -36.361958 
0.700053 -0.800000 -28.757141 
0.705053 -0.800000 -32.559550 
0.710053 -0.800000 -32.559550 
0.715054 -0.800000 -32.559550 
0.720054 -0.800000 -32.559550 
0.725054 -0.800000 -30.658346 
0.730055 -0.800000 -26.855937 
0.735075 -0.800000 -30.658346 
0.740075 -0.800000 -32.559550 
0.745075 -0.800000 -32.559550 
0.750076 -0.800000 -36.361958 
0.755076 -0.800000 -24.954733 
0.760076 -0.800000 -24.954733 
0.765077 -0.800000 -28.757141 
0.770077 -0.800000 -28.757141 
0.775078 -0.800000 -30.658346 
0.780078 -0.800000 -24.954733 
0.785078 -0.800000 -34.460754 
0.790078 -0.800000 -32.559550 
0.795078 -0.800000 -30.658346 
0.800078 -0.800000 -38.263162 
0.805079 -0.800000 -32.559550 
0.810079 -0.800000 -26.855937 
0.815079 -0.800000 -30.658346 
0.820080 -0.800000 -26.855937 
0.825080 -0.800000 -26.855937 
0.830080 -0.800000 -36.361958 
0.835080 -0.800000 -30.658346 
0.840081 -0.800000 -36.361958 
0.845081 -0.800000 -24.954733 
0.850081 -0.800000 -28.757141 
0.855081 -0.800000 -28.757141 
0.860081 -0.800000 -28.757141 
0.865082 -0.800000 -28.757141 
0.870089 -0.800000 -23.053529 
0.875089 -0.800000 -26.855937 
0.880089 -0.800000 -28.757141 
0.885090 -0.800000 -32.559550 
0.890090 -0.800000 -23.053529 
0.895090 -0.800000 -23.053529 
0.900090 -0.800000 -30.658346 
0.905090 -0.800000 -24.954733 
0.910090 -0.800000 -23.053529 
0.915090 -0.800000 -30.658346 
0.920090 -0.800000 -26.855937 
0.925091 -0.800000 -32.559550 
0.930091 -0.800000 -23.053529 
0.935091 -0.800000 -32.559550 
0.940092 -0.800000 -28.757141 
0.945092 -0.800000 -26.855937 
0.950092 -0.800000 -26.855937 
0.955092 -0.800000 -23.053529 
0.960092 -0.800000 -32.559550 
0.965092 -0.800000 -28.757141 
0.970093 -0.800000 -32.559550 
0.975093 -0.800000 -32.559550 
0.980093 -0.800000 -30.658346 
0.985094 -0.800000 -32.559550 
0.990094 -0.800000 -23.053529 
0.995094 -0.800000 -26.855937 
