0.000001 -2.600000 -5.412233 
0.005001 -2.600000 -5.412233 
0.010001 -2.600000 -3.511029 
0.015001 -2.600000 0.291379 
0.020002 -2.600000 -7.313438 
0.025002 -2.600000 -9.214642 
0.030002 -2.600000 -20.621867 
0.035002 -2.600000 -43.436317 
0.040002 -2.600000 -52.942337 
0.045003 -2.600000 -68.151970 
0.050003 -2.600000 -79.559195 
0.055003 -2.600000 -83.361604 
0.060003 -2.600000 -79.559195 
0.065004 -2.600000 -87.164012 
0.070004 -2.600000 -85.262808 
0.075004 -2.600000 -89.065216 
0.080004 -2.600000 -87.164012 
0.085004 -2.600000 -89.065216 
0.090005 -2.600000 -94.768829 
0.095005 -2.600000 -108.077258 
0.100005 -2.600000 -96.670033 
0.105005 -2.600000 -104.274849 
0.110006 -2.600000 -100.472441 
0.115006 -2.600000 -111.879666 
0.120006 -2.600000 -113.780870 
0.125006 -2.600000 -109.978462 
0.130006 -2.600000 -109.978462 
0.135007 -2.600000 -113.780870 
0.140007 -2.600000 -117.583278 
0.145007 -2.600000 -113.780870 
0.150007 -2.600000 -125.188095 
0.155008 -2.600000 -115.682074 
0.160008 -2.600000 -121.385687 
0.165008 -2.600000 -123.286891 
0.170008 -2.600000 -119.484483 
0.175008 -2.600000 -128.990503 
0.180009 -2.600000 -121.385687 
0.185009 -2.600000 -121.385687 
0.190009 -2.600000 -121.385687 
0.195009 -2.600000 -119.484483 
0.200009 -2.600000 -125.188095 
0.205009 -2.600000 -123.286891 
0.210009 -2.600000 -119.484483 
0.215010 -2.600000 -123.286891 
0.220018 -2.600000 -125.188095 
0.225018 -2.600000 -125.188095 
0.230018 -2.600000 -130.891707 
0.235018 -2.600000 -132.792912 
0.240019 -2.600000 -121.385687 
0.245019 -2.600000 -121.385687 
0.250019 -2.600000 -117.583278 
0.255019 -2.600000 -123.286891 
0.260019 -2.600000 -121.385687 
0.265019 -2.600000 -127.089299 
0.270019 -2.600000 -123.286891 
0.275019 -2.600000 -127.089299 
0.280019 -2.600000 -123.286891 
0.285019 -2.600000 -130.891707 
0.290020 -2.600000 -125.188095 
0.295020 -2.600000 -121.385687 
0.300020 -2.600000 -123.286891 
0.305020 -2.600000 -121.385687 
0.310020 -2.600000 -128.990503 
0.315030 -2.600000 -123.286891 
0.320030 -2.600000 -127.089299 
0.325030 -2.600000 -123.286891 
0.330030 -2.600000 -119.484483 
0.335030 -2.600000 -119.484483 
0.340030 -2.600000 -125.188095 
0.345045 -2.600000 -121.385687 
0.350045 -2.600000 -121.385687 
0.355045 -2.600000 -121.385687 
0.360045 -2.600000 -121.385687 
0.365046 -2.600000 -125.188095 
0.370046 -2.600000 -115.682074 
0.375046 -2.600000 -117.583278 
0.380046 -2.600000 -117.583278 
0.385046 -2.600000 -115.682074 
0.390046 -2.600000 -121.385687 
0.395048 -2.600000 -117.583278 
0.400048 -2.600000 -115.682074 
0.405054 -2.600000 -119.484483 
0.410055 -2.600000 -117.583278 
0.415055 -2.600000 -125.188095 
0.420055 -2.600000 -119.484483 
0.425055 -2.600000 -121.385687 
0.430055 -2.600000 -113.780870 
0.435055 -2.600000 -115.682074 
0.440055 -2.600000 -121.385687 
0.445056 -2.600000 -111.879666 
0.450056 -2.600000 -109.978462 
0.455056 -2.600000 -119.484483 
0.460056 -2.600000 -111.879666 
0.465056 -2.600000 -113.780870 
0.470056 -2.600000 -115.682074 
0.475056 -2.600000 -108.077258 
0.480057 -2.600000 -111.879666 
0.485057 -2.600000 -113.780870 
0.490057 -2.600000 -115.682074 
0.495057 -2.600000 -113.780870 
0.500057 -2.600000 -113.780870 
0.505057 -2.600000 -113.780870 
0.510057 -2.600000 -119.484483 
0.515058 -2.600000 -119.484483 
0.520058 -2.600000 -108.077258 
0.525062 -2.600000 -109.978462 
0.530062 -2.600000 -109.978462 
0.535062 -2.600000 -109.978462 
0.540063 -2.600000 -108.077258 
0.545063 -2.600000 -111.879666 
0.550063 -2.600000 -104.274849 
0.555063 -2.600000 -102.373645 
0.560063 -2.600000 -111.879666 
0.565063 -2.600000 -102.373645 
0.570064 -2.600000 -102.373645 
0.575064 -2.600000 -104.274849 
0.580064 -2.600000 -104.274849 
0.585064 -2.600000 -106.176054 
0.590064 -2.600000 -104.274849 
0.595064 -2.600000 -104.274849 
0.600065 -2.600000 -109.978462 
0.605065 -2.600000 -100.472441 
0.610065 -2.600000 -108.077258 
0.615065 -2.600000 -108.077258 
0.620065 -2.600000 -100.472441 
0.625065 -2.600000 -102.373645 
0.630065 -2.600000 -96.670033 
0.635066 -2.600000 -96.670033 
0.640066 -2.600000 -108.077258 
0.645066 -2.600000 -102.373645 
0.650066 -2.600000 -104.274849 
0.655066 -2.600000 -102.373645 
0.660084 -2.600000 -98.571237 
0.665084 -2.600000 -104.274849 
0.670084 -2.600000 -100.472441 
0.675084 -2.600000 -100.472441 
0.680084 -2.600000 -104.274849 
0.685084 -2.600000 -104.274849 
0.690085 -2.600000 -94.768829 
0.695085 -2.600000 -102.373645 
0.700085 -2.600000 -109.978462 
0.705085 -2.600000 -98.571237 
0.710085 -2.600000 -98.571237 
0.715085 -2.600000 -96.670033 
0.720085 -2.600000 -98.571237 
0.725085 -2.600000 -96.670033 
0.730085 -2.600000 -100.472441 
0.735086 -2.600000 -98.571237 
0.740086 -2.600000 -92.867624 
0.745086 -2.600000 -104.274849 
0.750086 -2.600000 -92.867624 
0.755086 -2.600000 -102.373645 
0.760086 -2.600000 -98.571237 
0.765086 -2.600000 -102.373645 
0.770086 -2.600000 -92.867624 
0.775086 -2.600000 -100.472441 
0.780087 -2.600000 -96.670033 
0.785090 -2.600000 -98.571237 
0.790090 -2.600000 -98.571237 
0.795090 -2.600000 -90.966420 
0.800096 -2.600000 -102.373645 
0.805096 -2.600000 -90.966420 
0.810096 -2.600000 -96.670033 
0.815097 -2.600000 -90.966420 
0.820097 -2.600000 -94.768829 
0.825097 -2.600000 -102.373645 
0.830097 -2.600000 -92.867624 
0.835097 -2.600000 -90.966420 
0.840098 -2.600000 -90.966420 
0.845098 -2.600000 -100.472441 
0.850098 -2.600000 -96.670033 
0.855098 -2.600000 -94.768829 
0.860098 -2.600000 -96.670033 
0.865098 -2.600000 -94.768829 
0.870098 -2.600000 -90.966420 
0.875099 -2.600000 -98.571237 
0.880099 -2.600000 -92.867624 
0.885099 -2.600000 -92.867624 
0.890099 -2.600000 -94.768829 
0.895099 -2.600000 -94.768829 
0.900099 -2.600000 -98.571237 
0.905099 -2.600000 -89.065216 
0.910099 -2.600000 -90.966420 
0.915099 -2.600000 -92.867624 
0.920100 -2.600000 -89.065216 
0.925100 -2.600000 -96.670033 
0.930100 -2.600000 -96.670033 
0.935101 -2.600000 -90.966420 
0.940101 -2.600000 -102.373645 
0.945101 -2.600000 -90.966420 
0.950101 -2.600000 -94.768829 
0.955101 -2.600000 -92.867624 
0.960101 -2.600000 -85.262808 
0.965101 -2.600000 -98.571237 
0.970101 -2.600000 -90.966420 
0.975101 -2.600000 -94.768829 
0.980101 -2.600000 -92.867624 
0.985102 -2.600000 -94.768829 
0.990109 -2.600000 -100.472441 
0.995109 -2.600000 -90.966420 
