0.000000 -0.000000 -0.430870 
0.005001 -0.000000 -0.430870 
0.010001 -0.000000 5.272742 
0.015001 -0.000000 -6.134483 
0.020001 -0.000000 1.470334 
0.025001 -0.000000 -0.430870 
0.030001 -0.000000 -2.332075 
0.035001 -0.000000 -6.134483 
0.040001 -0.000000 1.470334 
0.045002 -0.000000 -6.134483 
0.050002 -0.000000 1.470334 
0.055002 -0.000000 3.371538 
0.060002 -0.000000 1.470334 
0.065002 -0.000000 -2.332075 
0.070003 -0.000000 -0.430870 
0.075003 -0.000000 1.470334 
0.080003 -0.000000 -6.134483 
0.085003 -0.000000 -2.332075 
0.090003 -0.000000 1.470334 
0.095003 -0.000000 -2.332075 
0.100003 -0.000000 -8.035687 
0.105004 -0.000000 3.371538 
0.110004 -0.000000 3.371538 
0.115004 -0.000000 -4.233279 
0.120004 -0.000000 -6.134483 
0.125004 -0.000000 -0.430870 
0.130004 -0.000000 -6.134483 
0.135004 -0.000000 -2.332075 
0.140005 -0.000000 -8.035687 
0.145005 -0.000000 -2.332075 
0.150005 -0.000000 -2.332075 
0.155005 -0.000000 -6.134483 
0.160005 -0.000000 -0.430870 
0.165006 -0.000000 -0.430870 
0.170006 -0.000000 1.470334 
0.175006 -0.000000 -4.233279 
0.180006 -0.000000 -2.332075 
0.185006 -0.000000 -6.134483 
0.190006 -0.000000 1.470334 
0.195007 -0.000000 -2.332075 
0.200007 -0.000000 1.470334 
0.205007 -0.000000 -2.332075 
0.210008 -0.000000 3.371538 
0.215008 -0.000000 -0.430870 
0.220008 -0.000000 -6.134483 
0.225008 -0.000000 -6.134483 
0.230008 -0.000000 -2.332075 
0.235009 -0.000000 1.470334 
0.240009 -0.000000 -2.332075 
0.245009 -0.000000 -0.430870 
0.250009 -0.000000 -4.233279 
0.255009 -0.000000 3.371538 
0.260023 -0.000000 -8.035687 
0.265023 -0.000000 -2.332075 
0.270023 -0.000000 -2.332075 
0.275024 -0.000000 -0.430870 
0.280024 -0.000000 -0.430870 
0.285024 -0.000000 -2.332075 
0.290024 -0.000000 -2.332075 
0.295024 -0.000000 1.470334 
0.300024 -0.000000 -2.332075 
0.305025 -0.000000 1.470334 
0.310025 -0.000000 -0.430870 
0.315025 -0.000000 -6.134483 
0.320025 -0.000000 -6.134483 
0.325025 -0.000000 -2.332075 
0.330025 -0.000000 1.470334 
0.335025 -0.000000 1.470334 
0.340026 -0.000000 -2.332075 
0.345026 -0.000000 -8.035687 
0.350026 -0.000000 -6.134483 
0.355026 -0.000000 -2.332075 
0.360026 -0.000000 3.371538 
0.365026 -0.000000 -2.332075 
0.370027 -0.000000 1.470334 
0.375027 -0.000000 -2.332075 
0.380027 -0.000000 3.371538 
0.385027 -0.000000 -0.430870 
0.390027 -0.000000 -6.134483 
0.395027 -0.000000 -0.430870 
0.400027 -0.000000 1.470334 
0.405028 -0.000000 -0.430870 
0.410028 -0.000000 -2.332075 
0.415028 -0.000000 -6.134483 
0.420028 -0.000000 -4.233279 
0.425028 -0.000000 1.470334 
0.430028 -0.000000 -2.332075 
0.435029 -0.000000 -6.134483 
0.440029 -0.000000 -8.035687 
0.445031 -0.000000 -2.332075 
0.450031 -0.000000 -0.430870 
0.455031 -0.000000 -2.332075 
0.460031 -0.000000 -6.134483 
0.465031 -0.000000 -6.134483 
0.470032 -0.000000 -4.233279 
0.475032 -0.000000 -2.332075 
0.480032 -0.000000 -2.332075 
0.485032 -0.000000 -4.233279 
0.490032 -0.000000 -2.332075 
0.495032 -0.000000 -6.134483 
0.500032 -0.000000 -0.430870 
0.505033 -0.000000 1.470334 
0.510033 -0.000000 -2.332075 
0.515033 -0.000000 -6.134483 
0.520033 -0.000000 1.470334 
0.525033 -0.000000 -6.134483 
0.530033 -0.000000 -2.332075 
0.535034 -0.000000 -0.430870 
0.540034 -0.000000 -2.332075 
0.545034 -0.000000 1.470334 
0.550034 -0.000000 -6.134483 
0.555034 -0.000000 1.470334 
0.560034 -0.000000 -2.332075 
0.565035 -0.000000 -2.332075 
0.570035 -0.000000 -4.233279 
0.575035 -0.000000 -0.430870 
0.580035 -0.000000 -0.430870 
0.585035 -0.000000 -0.430870 
0.590035 -0.000000 -6.134483 
0.595036 -0.000000 1.470334 
0.600036 -0.000000 -6.134483 
0.605036 -0.000000 -2.332075 
0.610036 -0.000000 -4.233279 
0.615037 -0.000000 -2.332075 
0.620037 -0.000000 -4.233279 
0.625037 -0.000000 -2.332075 
0.630037 -0.000000 3.371538 
0.635037 -0.000000 -2.332075 
0.640037 -0.000000 -2.332075 
0.645037 -0.000000 3.371538 
0.650038 -0.000000 -2.332075 
0.655038 -0.000000 -2.332075 
0.660038 -0.000000 -2.332075 
0.665038 -0.000000 1.470334 
0.670038 -0.000000 -0.430870 
0.675038 -0.000000 -2.332075 
0.680038 -0.000000 -2.332075 
0.685039 -0.000000 -0.430870 
0.690039 -0.000000 -2.332075 
0.695039 -0.000000 -2.332075 
0.700039 -0.000000 3.371538 
0.705040 -0.000000 -0.430870 
0.710040 -0.000000 -8.035687 
0.715040 -0.000000 -2.332075 
0.720042 -0.000000 3.371538 
0.725042 -0.000000 -0.430870 
0.730043 -0.000000 -2.332075 
0.735043 -0.000000 -0.430870 
0.740043 -0.000000 -2.332075 
0.745043 -0.000000 -8.035687 
0.750043 -0.000000 -0.430870 
0.755044 -0.000000 1.470334 
0.760044 -0.000000 -4.233279 
0.765044 -0.000000 -6.134483 
0.770045 -0.000000 -6.134483 
0.775045 -0.000000 -2.332075 
0.780046 -0.000000 -0.430870 
0.785046 -0.000000 1.470334 
0.790046 -0.000000 -0.430870 
0.795046 -0.000000 -6.134483 
0.800047 -0.000000 -4.233279 
0.805047 -0.000000 3.371538 
0.810047 -0.000000 -8.035687 
0.815048 -0.000000 -0.430870 
0.820048 -0.000000 -2.332075 
0.825048 -0.000000 -6.134483 
0.830048 -0.000000 -8.035687 
0.835049 -0.000000 -0.430870 
0.840049 -0.000000 -6.134483 
0.845050 -0.000000 -2.332075 
0.850050 -0.000000 -2.332075 
0.855050 -0.000000 -6.134483 
0.860051 -0.000000 -2.332075 
0.865051 -0.000000 -2.332075 
0.870051 -0.000000 3.371538 
0.875052 -0.000000 -0.430870 
0.880052 -0.000000 -2.332075 
0.885052 -0.000000 1.470334 
0.890053 -0.000000 -2.332075 
0.895053 -0.000000 -6.134483 
0.900053 -0.000000 -6.134483 
0.905054 -0.000000 -2.332075 
0.910054 -0.000000 1.470334 
0.915055 -0.000000 -6.134483 
0.920055 -0.000000 1.470334 
0.925055 -0.000000 -2.332075 
0.930055 -0.000000 3.371538 
0.935068 -0.000000 -0.430870 
0.940068 -0.000000 -2.332075 
0.945069 -0.000000 -6.134483 
0.950069 -0.000000 -6.134483 
0.955069 -0.000000 -0.430870 
0.960069 -0.000000 -2.332075 
0.965069 -0.000000 -0.430870 
0.970070 -0.000000 -0.430870 
0.975070 -0.000000 -6.134483 
0.980070 -0.000000 -6.134483 
0.985070 -0.000000 3.371538 
0.990070 -0.000000 -0.430870 
0.995071 -0.000000 -2.332075 
