0.000001 -3.900000 -1.448903 
0.005001 -3.900000 6.155914 
0.010001 -3.900000 4.254710 
0.015001 -3.900000 0.452302 
0.020001 -3.900000 -5.251311 
0.025002 -3.900000 -16.658536 
0.030002 -3.900000 -26.164557 
0.035002 -3.900000 -47.077802 
0.040002 -3.900000 -73.694660 
0.045002 -3.900000 -90.805498 
0.050003 -3.900000 -117.422356 
0.055003 -3.900000 -121.224764 
0.060003 -3.900000 -128.829581 
0.065003 -3.900000 -125.027172 
0.070003 -3.900000 -128.829581 
0.075004 -3.900000 -132.631989 
0.080004 -3.900000 -132.631989 
0.085004 -3.900000 -136.434397 
0.090004 -3.900000 -140.236806 
0.095005 -3.900000 -144.039214 
0.100005 -3.900000 -153.545235 
0.105005 -3.900000 -149.742826 
0.110016 -3.900000 -157.347643 
0.115016 -3.900000 -155.446439 
0.120016 -3.900000 -157.347643 
0.125016 -3.900000 -157.347643 
0.130016 -3.900000 -157.347643 
0.135016 -3.900000 -161.150051 
0.140017 -3.900000 -163.051255 
0.145017 -3.900000 -159.248847 
0.150017 -3.900000 -164.952460 
0.155017 -3.900000 -168.754868 
0.160017 -3.900000 -164.952460 
0.165018 -3.900000 -164.952460 
0.170018 -3.900000 -170.656072 
0.175018 -3.900000 -174.458480 
0.180018 -3.900000 -166.853664 
0.185018 -3.900000 -170.656072 
0.190018 -3.900000 -170.656072 
0.195018 -3.900000 -163.051255 
0.200019 -3.900000 -170.656072 
0.205019 -3.900000 -172.557276 
0.210019 -3.900000 -170.656072 
0.215019 -3.900000 -174.458480 
0.220019 -3.900000 -172.557276 
0.225019 -3.900000 -166.853664 
0.230020 -3.900000 -168.754868 
0.235020 -3.900000 -168.754868 
0.240020 -3.900000 -170.656072 
0.245021 -3.900000 -164.952460 
0.250021 -3.900000 -163.051255 
0.255021 -3.900000 -172.557276 
0.260021 -3.900000 -176.359685 
0.265021 -3.900000 -166.853664 
0.270022 -3.900000 -176.359685 
0.275022 -3.900000 -172.557276 
0.280022 -3.900000 -168.754868 
0.285022 -3.900000 -163.051255 
0.290022 -3.900000 -161.150051 
0.295022 -3.900000 -170.656072 
0.300022 -3.900000 -172.557276 
0.305023 -3.900000 -166.853664 
0.310023 -3.900000 -174.458480 
0.315023 -3.900000 -168.754868 
0.320023 -3.900000 -164.952460 
0.325023 -3.900000 -172.557276 
0.330023 -3.900000 -172.557276 
0.335024 -3.900000 -163.051255 
0.340024 -3.900000 -168.754868 
0.345024 -3.900000 -163.051255 
0.350024 -3.900000 -159.248847 
0.355024 -3.900000 -164.952460 
0.360024 -3.900000 -163.051255 
0.365024 -3.900000 -174.458480 
0.370024 -3.900000 -166.853664 
0.375024 -3.900000 -159.248847 
0.380025 -3.900000 -164.952460 
0.385025 -3.900000 -161.150051 
0.390025 -3.900000 -157.347643 
0.395025 -3.900000 -168.754868 
0.400025 -3.900000 -161.150051 
0.405025 -3.900000 -159.248847 
0.410025 -3.900000 -159.248847 
0.415026 -3.900000 -159.248847 
0.420026 -3.900000 -164.952460 
0.425026 -3.900000 -157.347643 
0.430026 -3.900000 -166.853664 
0.435026 -3.900000 -163.051255 
0.440027 -3.900000 -155.446439 
0.445027 -3.900000 -155.446439 
0.450027 -3.900000 -153.545235 
0.455027 -3.900000 -161.150051 
0.460027 -3.900000 -155.446439 
0.465027 -3.900000 -161.150051 
0.470028 -3.900000 -155.446439 
0.475028 -3.900000 -151.644031 
0.480028 -3.900000 -157.347643 
0.485028 -3.900000 -151.644031 
0.490028 -3.900000 -157.347643 
0.495028 -3.900000 -161.150051 
0.500028 -3.900000 -155.446439 
0.505029 -3.900000 -153.545235 
0.510029 -3.900000 -155.446439 
0.515029 -3.900000 -147.841622 
0.520029 -3.900000 -157.347643 
0.525029 -3.900000 -155.446439 
0.530029 -3.900000 -157.347643 
0.535029 -3.900000 -155.446439 
0.540030 -3.900000 -151.644031 
0.545030 -3.900000 -145.940418 
0.550030 -3.900000 -151.644031 
0.555030 -3.900000 -155.446439 
0.560030 -3.900000 -155.446439 
0.565030 -3.900000 -157.347643 
0.570031 -3.900000 -151.644031 
0.575031 -3.900000 -159.248847 
0.580031 -3.900000 -151.644031 
0.585031 -3.900000 -151.644031 
0.590031 -3.900000 -159.248847 
0.595031 -3.900000 -147.841622 
0.600112 -3.900000 -153.545235 
0.605112 -3.900000 -155.446439 
0.610112 -3.900000 -147.841622 
0.615113 -3.900000 -147.841622 
0.620113 -3.900000 -155.446439 
0.625113 -3.900000 -151.644031 
0.630114 -3.900000 -149.742826 
0.635114 -3.900000 -155.446439 
0.640114 -3.900000 -151.644031 
0.645114 -3.900000 -149.742826 
0.650114 -3.900000 -149.742826 
0.655115 -3.900000 -155.446439 
0.660115 -3.900000 -147.841622 
0.665115 -3.900000 -155.446439 
0.670115 -3.900000 -149.742826 
0.675115 -3.900000 -149.742826 
0.680115 -3.900000 -151.644031 
0.685116 -3.900000 -145.940418 
0.690116 -3.900000 -145.940418 
0.695116 -3.900000 -157.347643 
0.700116 -3.900000 -149.742826 
0.705116 -3.900000 -155.446439 
0.710117 -3.900000 -147.841622 
0.715117 -3.900000 -153.545235 
0.720117 -3.900000 -155.446439 
0.725117 -3.900000 -147.841622 
0.730117 -3.900000 -155.446439 
0.735117 -3.900000 -149.742826 
0.740117 -3.900000 -149.742826 
0.745118 -3.900000 -153.545235 
0.750118 -3.900000 -149.742826 
0.755118 -3.900000 -149.742826 
0.760118 -3.900000 -147.841622 
0.765118 -3.900000 -151.644031 
0.770118 -3.900000 -153.545235 
0.775118 -3.900000 -149.742826 
0.780118 -3.900000 -153.545235 
0.785118 -3.900000 -144.039214 
0.790119 -3.900000 -149.742826 
0.795119 -3.900000 -149.742826 
0.800119 -3.900000 -149.742826 
0.805119 -3.900000 -153.545235 
0.810119 -3.900000 -147.841622 
0.815119 -3.900000 -155.446439 
0.820119 -3.900000 -145.940418 
0.825119 -3.900000 -145.940418 
0.830120 -3.900000 -149.742826 
0.835120 -3.900000 -151.644031 
0.840120 -3.900000 -159.248847 
0.845120 -3.900000 -155.446439 
0.850120 -3.900000 -157.347643 
0.855120 -3.900000 -149.742826 
0.860120 -3.900000 -153.545235 
0.865120 -3.900000 -147.841622 
0.870123 -3.900000 -147.841622 
0.875123 -3.900000 -157.347643 
0.880123 -3.900000 -149.742826 
0.885123 -3.900000 -161.150051 
0.890123 -3.900000 -147.841622 
0.895123 -3.900000 -145.940418 
0.900123 -3.900000 -149.742826 
0.905123 -3.900000 -151.644031 
0.910124 -3.900000 -153.545235 
0.915124 -3.900000 -159.248847 
0.920124 -3.900000 -153.545235 
0.925136 -3.900000 -149.742826 
0.930136 -3.900000 -157.347643 
0.935136 -3.900000 -151.644031 
0.940136 -3.900000 -157.347643 
0.945146 -3.900000 -157.347643 
0.950152 -3.900000 -153.545235 
0.955152 -3.900000 -159.248847 
0.960152 -3.900000 -149.742826 
0.965152 -3.900000 -155.446439 
0.970153 -3.900000 -155.446439 
0.975166 -3.900000 -153.545235 
0.980166 -3.900000 -157.347643 
0.985166 -3.900000 -159.248847 
0.990166 -3.900000 -157.347643 
0.995167 -3.900000 -151.644031 
