0.000001 -4.400000 -1.196977 
0.005001 -4.400000 4.506635 
0.010001 -4.400000 4.506635 
0.015001 -4.400000 6.407839 
0.020002 -4.400000 -8.801794 
0.025002 -4.400000 -18.307815 
0.030002 -4.400000 -29.715040 
0.035003 -4.400000 -52.529489 
0.040003 -4.400000 -84.849960 
0.045003 -4.400000 -100.059593 
0.050003 -4.400000 -128.577656 
0.055003 -4.400000 -139.984880 
0.060004 -4.400000 -139.984880 
0.065004 -4.400000 -136.182472 
0.070013 -4.400000 -139.984880 
0.075013 -4.400000 -147.589697 
0.080013 -4.400000 -145.688493 
0.085013 -4.400000 -160.898126 
0.090014 -4.400000 -157.095718 
0.095014 -4.400000 -160.898126 
0.100014 -4.400000 -168.502943 
0.105014 -4.400000 -168.502943 
0.110015 -4.400000 -174.206555 
0.115015 -4.400000 -172.305351 
0.120015 -4.400000 -178.008963 
0.125015 -4.400000 -176.107759 
0.130015 -4.400000 -170.404147 
0.135016 -4.400000 -181.811372 
0.140016 -4.400000 -178.008963 
0.145016 -4.400000 -179.910168 
0.150016 -4.400000 -181.811372 
0.155016 -4.400000 -187.514984 
0.160016 -4.400000 -191.317393 
0.165016 -4.400000 -191.317393 
0.170016 -4.400000 -185.613780 
0.175016 -4.400000 -183.712576 
0.180017 -4.400000 -178.008963 
0.185017 -4.400000 -178.008963 
0.190017 -4.400000 -179.910168 
0.195017 -4.400000 -193.218597 
0.200017 -4.400000 -193.218597 
0.205017 -4.400000 -185.613780 
0.210017 -4.400000 -193.218597 
0.215018 -4.400000 -178.008963 
0.220018 -4.400000 -178.008963 
0.225018 -4.400000 -179.910168 
0.230018 -4.400000 -185.613780 
0.235018 -4.400000 -181.811372 
0.240018 -4.400000 -187.514984 
0.245018 -4.400000 -185.613780 
0.250019 -4.400000 -183.712576 
0.255019 -4.400000 -178.008963 
0.260019 -4.400000 -178.008963 
0.265021 -4.400000 -176.107759 
0.270021 -4.400000 -185.613780 
0.275021 -4.400000 -189.416188 
0.280021 -4.400000 -181.811372 
0.285021 -4.400000 -189.416188 
0.290022 -4.400000 -181.811372 
0.295022 -4.400000 -189.416188 
0.300022 -4.400000 -179.910168 
0.305022 -4.400000 -178.008963 
0.310023 -4.400000 -183.712576 
0.315023 -4.400000 -174.206555 
0.320023 -4.400000 -176.107759 
0.325023 -4.400000 -181.811372 
0.330023 -4.400000 -183.712576 
0.335024 -4.400000 -185.613780 
0.340024 -4.400000 -178.008963 
0.345024 -4.400000 -178.008963 
0.350024 -4.400000 -172.305351 
0.355024 -4.400000 -179.910168 
0.360024 -4.400000 -181.811372 
0.365024 -4.400000 -178.008963 
0.370024 -4.400000 -183.712576 
0.375025 -4.400000 -176.107759 
0.380025 -4.400000 -170.404147 
0.385025 -4.400000 -183.712576 
0.390025 -4.400000 -172.305351 
0.395041 -4.400000 -174.206555 
0.400041 -4.400000 -178.008963 
0.405041 -4.400000 -168.502943 
0.410041 -4.400000 -181.811372 
0.415041 -4.400000 -179.910168 
0.420042 -4.400000 -174.206555 
0.425042 -4.400000 -181.811372 
0.430042 -4.400000 -166.601739 
0.435042 -4.400000 -176.107759 
0.440042 -4.400000 -174.206555 
0.445042 -4.400000 -174.206555 
0.450042 -4.400000 -181.811372 
0.455042 -4.400000 -170.404147 
0.460043 -4.400000 -170.404147 
0.465043 -4.400000 -170.404147 
0.470043 -4.400000 -166.601739 
0.475043 -4.400000 -178.008963 
0.480043 -4.400000 -178.008963 
0.485043 -4.400000 -178.008963 
0.490043 -4.400000 -166.601739 
0.495043 -4.400000 -172.305351 
0.500043 -4.400000 -170.404147 
0.505044 -4.400000 -172.305351 
0.510044 -4.400000 -174.206555 
0.515044 -4.400000 -170.404147 
0.520044 -4.400000 -170.404147 
0.525044 -4.400000 -166.601739 
0.530044 -4.400000 -172.305351 
0.535044 -4.400000 -176.107759 
0.540045 -4.400000 -174.206555 
0.545045 -4.400000 -172.305351 
0.550045 -4.400000 -164.700534 
0.555045 -4.400000 -170.404147 
0.560045 -4.400000 -172.305351 
0.565045 -4.400000 -166.601739 
0.570045 -4.400000 -168.502943 
0.575045 -4.400000 -170.404147 
0.580045 -4.400000 -168.502943 
0.585046 -4.400000 -162.799330 
0.590046 -4.400000 -170.404147 
0.595056 -4.400000 -166.601739 
0.600057 -4.400000 -176.107759 
0.605057 -4.400000 -168.502943 
0.610057 -4.400000 -174.206555 
0.615057 -4.400000 -162.799330 
0.620057 -4.400000 -170.404147 
0.625057 -4.400000 -172.305351 
0.630057 -4.400000 -170.404147 
0.635057 -4.400000 -170.404147 
0.640057 -4.400000 -168.502943 
0.645058 -4.400000 -164.700534 
0.650058 -4.400000 -172.305351 
0.655058 -4.400000 -168.502943 
0.660058 -4.400000 -164.700534 
0.665058 -4.400000 -176.107759 
0.670058 -4.400000 -172.305351 
0.675058 -4.400000 -166.601739 
0.680059 -4.400000 -164.700534 
0.685059 -4.400000 -166.601739 
0.690059 -4.400000 -172.305351 
0.695059 -4.400000 -164.700534 
0.700059 -4.400000 -174.206555 
0.705059 -4.400000 -162.799330 
0.710059 -4.400000 -164.700534 
0.715059 -4.400000 -172.305351 
0.720060 -4.400000 -170.404147 
0.725060 -4.400000 -172.305351 
0.730060 -4.400000 -172.305351 
0.735060 -4.400000 -172.305351 
0.740060 -4.400000 -166.601739 
0.745061 -4.400000 -164.700534 
0.750061 -4.400000 -166.601739 
0.755062 -4.400000 -178.008963 
0.760062 -4.400000 -174.206555 
0.765062 -4.400000 -168.502943 
0.770062 -4.400000 -174.206555 
0.775062 -4.400000 -166.601739 
0.780062 -4.400000 -174.206555 
0.785062 -4.400000 -179.910168 
0.790062 -4.400000 -178.008963 
0.795062 -4.400000 -174.206555 
0.800063 -4.400000 -164.700534 
0.805063 -4.400000 -162.799330 
0.810063 -4.400000 -162.799330 
0.815063 -4.400000 -178.008963 
0.820063 -4.400000 -179.910168 
0.825063 -4.400000 -174.206555 
0.830063 -4.400000 -174.206555 
0.835063 -4.400000 -178.008963 
0.840063 -4.400000 -170.404147 
0.845064 -4.400000 -170.404147 
0.850064 -4.400000 -172.305351 
0.855064 -4.400000 -176.107759 
0.860064 -4.400000 -170.404147 
0.865074 -4.400000 -178.008963 
0.870075 -4.400000 -166.601739 
0.875075 -4.400000 -170.404147 
0.880075 -4.400000 -172.305351 
0.885075 -4.400000 -178.008963 
0.890075 -4.400000 -170.404147 
0.895075 -4.400000 -179.910168 
0.900075 -4.400000 -170.404147 
0.905076 -4.400000 -170.404147 
0.910076 -4.400000 -176.107759 
0.915076 -4.400000 -178.008963 
0.920076 -4.400000 -172.305351 
0.925076 -4.400000 -178.008963 
0.930076 -4.400000 -176.107759 
0.935076 -4.400000 -174.206555 
0.940077 -4.400000 -183.712576 
0.945077 -4.400000 -181.811372 
0.950077 -4.400000 -187.514984 
0.955077 -4.400000 -179.910168 
0.960077 -4.400000 -170.404147 
0.965077 -4.400000 -181.811372 
0.970077 -4.400000 -181.811372 
0.975078 -4.400000 -181.811372 
0.980078 -4.400000 -185.613780 
0.985078 -4.400000 -179.910168 
0.990078 -4.400000 -183.712576 
0.995078 -4.400000 -178.008963 
