0.000001 -1.100000 0.096059 
0.005001 -1.100000 -1.805145 
0.010001 -1.100000 0.096059 
0.015001 -1.100000 0.096059 
0.020001 -1.100000 1.997263 
0.025001 -1.100000 -3.706349 
0.030001 -1.100000 -3.706349 
0.035002 -1.100000 0.096059 
0.040002 -1.100000 -1.805145 
0.045002 -1.100000 -9.409962 
0.050002 -1.100000 -11.311166 
0.055002 -1.100000 -20.817187 
0.060002 -1.100000 -30.323208 
0.065003 -1.100000 -41.730432 
0.070003 -1.100000 -43.631637 
0.075003 -1.100000 -43.631637 
0.080003 -1.100000 -41.730432 
0.085004 -1.100000 -45.532841 
0.090004 -1.100000 -45.532841 
0.095004 -1.100000 -43.631637 
0.100004 -1.100000 -43.631637 
0.105004 -1.100000 -45.532841 
0.110005 -1.100000 -41.730432 
0.115005 -1.100000 -39.829228 
0.120005 -1.100000 -43.631637 
0.125005 -1.100000 -43.631637 
0.130005 -1.100000 -56.940066 
0.135006 -1.100000 -53.137657 
0.140006 -1.100000 -53.137657 
0.145006 -1.100000 -58.841270 
0.150006 -1.100000 -51.236453 
0.155007 -1.100000 -51.236453 
0.160007 -1.100000 -56.940066 
0.165007 -1.100000 -47.434045 
0.170007 -1.100000 -53.137657 
0.175007 -1.100000 -53.137657 
0.180008 -1.100000 -56.940066 
0.185008 -1.100000 -53.137657 
0.190008 -1.100000 -55.038861 
0.195008 -1.100000 -60.742474 
0.200008 -1.100000 -56.940066 
0.205009 -1.100000 -53.137657 
0.210009 -1.100000 -62.643678 
0.215009 -1.100000 -56.940066 
0.220009 -1.100000 -51.236453 
0.225009 -1.100000 -55.038861 
0.230009 -1.100000 -53.137657 
0.235010 -1.100000 -51.236453 
0.240010 -1.100000 -60.742474 
0.245010 -1.100000 -56.940066 
0.250011 -1.100000 -55.038861 
0.255011 -1.100000 -64.544882 
0.260011 -1.100000 -58.841270 
0.265011 -1.100000 -55.038861 
0.270011 -1.100000 -56.940066 
0.275012 -1.100000 -55.038861 
0.280012 -1.100000 -55.038861 
0.285012 -1.100000 -60.742474 
0.290012 -1.100000 -56.940066 
0.295013 -1.100000 -58.841270 
0.300013 -1.100000 -60.742474 
0.305013 -1.100000 -53.137657 
0.310014 -1.100000 -53.137657 
0.315014 -1.100000 -56.940066 
0.320014 -1.100000 -58.841270 
0.325014 -1.100000 -58.841270 
0.330014 -1.100000 -55.038861 
0.335014 -1.100000 -60.742474 
0.340015 -1.100000 -56.940066 
0.345015 -1.100000 -51.236453 
0.350015 -1.100000 -55.038861 
0.355015 -1.100000 -51.236453 
0.360015 -1.100000 -56.940066 
0.365015 -1.100000 -53.137657 
0.370015 -1.100000 -49.335249 
0.375015 -1.100000 -56.940066 
0.380016 -1.100000 -55.038861 
0.385016 -1.100000 -51.236453 
0.390016 -1.100000 -60.742474 
0.395016 -1.100000 -60.742474 
0.400017 -1.100000 -60.742474 
0.405017 -1.100000 -56.940066 
0.410017 -1.100000 -60.742474 
0.415017 -1.100000 -53.137657 
0.420017 -1.100000 -47.434045 
0.425017 -1.100000 -51.236453 
0.430017 -1.100000 -56.940066 
0.435018 -1.100000 -53.137657 
0.440018 -1.100000 -51.236453 
0.445018 -1.100000 -51.236453 
0.450018 -1.100000 -55.038861 
0.455018 -1.100000 -53.137657 
0.460018 -1.100000 -58.841270 
0.465018 -1.100000 -53.137657 
0.470019 -1.100000 -53.137657 
0.475019 -1.100000 -55.038861 
0.480019 -1.100000 -47.434045 
0.485019 -1.100000 -49.335249 
0.490019 -1.100000 -51.236453 
0.495019 -1.100000 -49.335249 
0.500019 -1.100000 -51.236453 
0.505020 -1.100000 -47.434045 
0.510020 -1.100000 -45.532841 
0.515020 -1.100000 -43.631637 
0.520020 -1.100000 -47.434045 
0.525020 -1.100000 -45.532841 
0.530020 -1.100000 -49.335249 
0.535020 -1.100000 -49.335249 
0.540021 -1.100000 -47.434045 
0.545021 -1.100000 -53.137657 
0.550021 -1.100000 -41.730432 
0.555021 -1.100000 -45.532841 
0.560021 -1.100000 -47.434045 
0.565022 -1.100000 -49.335249 
0.570022 -1.100000 -47.434045 
0.575022 -1.100000 -41.730432 
0.580022 -1.100000 -51.236453 
0.585022 -1.100000 -49.335249 
0.590022 -1.100000 -47.434045 
0.595022 -1.100000 -51.236453 
0.600023 -1.100000 -47.434045 
0.605023 -1.100000 -47.434045 
0.610023 -1.100000 -49.335249 
0.615023 -1.100000 -51.236453 
0.620024 -1.100000 -43.631637 
0.625024 -1.100000 -39.829228 
0.630024 -1.100000 -51.236453 
0.635024 -1.100000 -45.532841 
0.640024 -1.100000 -37.928024 
0.645025 -1.100000 -39.829228 
0.650025 -1.100000 -37.928024 
0.655025 -1.100000 -41.730432 
0.660026 -1.100000 -43.631637 
0.665026 -1.100000 -41.730432 
0.670026 -1.100000 -37.928024 
0.675026 -1.100000 -41.730432 
0.680026 -1.100000 -37.928024 
0.685026 -1.100000 -39.829228 
0.690026 -1.100000 -37.928024 
0.695027 -1.100000 -43.631637 
0.700027 -1.100000 -41.730432 
0.705027 -1.100000 -39.829228 
0.710027 -1.100000 -39.829228 
0.715027 -1.100000 -41.730432 
0.720027 -1.100000 -37.928024 
0.725027 -1.100000 -36.026820 
0.730028 -1.100000 -45.532841 
0.735028 -1.100000 -45.532841 
0.740054 -1.100000 -45.532841 
0.745054 -1.100000 -41.730432 
0.750055 -1.100000 -41.730432 
0.755055 -1.100000 -37.928024 
0.760055 -1.100000 -36.026820 
0.765055 -1.100000 -39.829228 
0.770059 -1.100000 -36.026820 
0.775059 -1.100000 -39.829228 
0.780059 -1.100000 -36.026820 
0.785059 -1.100000 -39.829228 
0.790059 -1.100000 -45.532841 
0.795059 -1.100000 -34.125616 
0.800059 -1.100000 -32.224412 
0.805059 -1.100000 -43.631637 
0.810069 -1.100000 -34.125616 
0.815069 -1.100000 -37.928024 
0.820070 -1.100000 -32.224412 
0.825070 -1.100000 -41.730432 
0.830070 -1.100000 -34.125616 
0.835070 -1.100000 -43.631637 
0.840070 -1.100000 -39.829228 
0.845070 -1.100000 -37.928024 
0.850070 -1.100000 -28.422003 
0.855070 -1.100000 -36.026820 
0.860078 -1.100000 -32.224412 
0.865078 -1.100000 -36.026820 
0.870078 -1.100000 -37.928024 
0.875078 -1.100000 -41.730432 
0.880078 -1.100000 -34.125616 
0.885078 -1.100000 -39.829228 
0.890085 -1.100000 -37.928024 
0.895086 -1.100000 -32.224412 
0.900086 -1.100000 -39.829228 
0.905086 -1.100000 -36.026820 
0.910086 -1.100000 -32.224412 
0.915086 -1.100000 -37.928024 
0.920086 -1.100000 -32.224412 
0.925086 -1.100000 -37.928024 
0.930086 -1.100000 -32.224412 
0.935087 -1.100000 -37.928024 
0.940087 -1.100000 -34.125616 
0.945087 -1.100000 -34.125616 
0.950087 -1.100000 -37.928024 
0.955087 -1.100000 -32.224412 
0.960087 -1.100000 -30.323208 
0.965087 -1.100000 -32.224412 
0.970087 -1.100000 -34.125616 
0.975087 -1.100000 -37.928024 
0.980088 -1.100000 -30.323208 
0.985088 -1.100000 -30.323208 
0.990088 -1.100000 -36.026820 
0.995098 -1.100000 -39.829228 
