0.000001 -1.500000 -1.970000 
0.005001 -1.500000 -0.068796 
0.010001 -1.500000 1.832408 
0.015001 -1.500000 -5.772408 
0.020002 -1.500000 -1.970000 
0.025002 -1.500000 -7.673613 
0.030007 -1.500000 -5.772408 
0.035007 -1.500000 -7.673613 
0.040007 -1.500000 -7.673613 
0.045007 -1.500000 -15.278429 
0.050008 -1.500000 -26.685654 
0.055008 -1.500000 -34.290471 
0.060008 -1.500000 -53.302512 
0.065008 -1.500000 -53.302512 
0.070009 -1.500000 -53.302512 
0.075009 -1.500000 -53.302512 
0.080009 -1.500000 -59.006125 
0.085009 -1.500000 -55.203716 
0.090010 -1.500000 -55.203716 
0.095010 -1.500000 -59.006125 
0.100010 -1.500000 -59.006125 
0.105010 -1.500000 -59.006125 
0.110011 -1.500000 -64.709737 
0.115011 -1.500000 -64.709737 
0.120011 -1.500000 -64.709737 
0.125011 -1.500000 -70.413350 
0.130029 -1.500000 -68.512145 
0.135029 -1.500000 -68.512145 
0.140029 -1.500000 -66.610941 
0.145029 -1.500000 -64.709737 
0.150030 -1.500000 -68.512145 
0.155030 -1.500000 -68.512145 
0.160030 -1.500000 -70.413350 
0.165030 -1.500000 -74.215758 
0.170030 -1.500000 -74.215758 
0.175031 -1.500000 -78.018166 
0.180031 -1.500000 -72.314554 
0.185031 -1.500000 -76.116962 
0.190032 -1.500000 -72.314554 
0.195032 -1.500000 -74.215758 
0.200034 -1.500000 -78.018166 
0.205034 -1.500000 -78.018166 
0.210034 -1.500000 -78.018166 
0.215035 -1.500000 -76.116962 
0.220035 -1.500000 -76.116962 
0.225035 -1.500000 -74.215758 
0.230035 -1.500000 -78.018166 
0.235036 -1.500000 -79.919370 
0.240036 -1.500000 -76.116962 
0.245037 -1.500000 -81.820575 
0.250037 -1.500000 -79.919370 
0.255037 -1.500000 -79.919370 
0.260037 -1.500000 -78.018166 
0.265038 -1.500000 -78.018166 
0.270038 -1.500000 -81.820575 
0.275038 -1.500000 -78.018166 
0.280038 -1.500000 -72.314554 
0.285038 -1.500000 -74.215758 
0.290039 -1.500000 -70.413350 
0.295039 -1.500000 -79.919370 
0.300039 -1.500000 -79.919370 
0.305040 -1.500000 -76.116962 
0.310040 -1.500000 -72.314554 
0.315040 -1.500000 -83.721779 
0.320040 -1.500000 -78.018166 
0.325041 -1.500000 -74.215758 
0.330041 -1.500000 -83.721779 
0.335041 -1.500000 -72.314554 
0.340041 -1.500000 -81.820575 
0.345041 -1.500000 -74.215758 
0.350041 -1.500000 -78.018166 
0.355042 -1.500000 -78.018166 
0.360042 -1.500000 -72.314554 
0.365042 -1.500000 -79.919370 
0.370042 -1.500000 -74.215758 
0.375043 -1.500000 -76.116962 
0.380043 -1.500000 -74.215758 
0.385043 -1.500000 -70.413350 
0.390043 -1.500000 -70.413350 
0.395043 -1.500000 -66.610941 
0.400044 -1.500000 -74.215758 
0.405044 -1.500000 -66.610941 
0.410044 -1.500000 -74.215758 
0.415044 -1.500000 -76.116962 
0.420044 -1.500000 -74.215758 
0.425044 -1.500000 -76.116962 
0.430045 -1.500000 -72.314554 
0.435045 -1.500000 -70.413350 
0.440045 -1.500000 -70.413350 
0.445045 -1.500000 -70.413350 
0.450045 -1.500000 -72.314554 
0.455045 -1.500000 -66.610941 
0.460046 -1.500000 -66.610941 
0.465046 -1.500000 -74.215758 
0.470046 -1.500000 -68.512145 
0.475046 -1.500000 -66.610941 
0.480046 -1.500000 -70.413350 
0.485046 -1.500000 -68.512145 
0.490047 -1.500000 -66.610941 
0.495047 -1.500000 -62.808533 
0.500047 -1.500000 -64.709737 
0.505047 -1.500000 -60.907329 
0.510047 -1.500000 -70.413350 
0.515047 -1.500000 -64.709737 
0.520047 -1.500000 -66.610941 
0.525047 -1.500000 -66.610941 
0.530047 -1.500000 -62.808533 
0.535048 -1.500000 -72.314554 
0.540048 -1.500000 -60.907329 
0.545048 -1.500000 -64.709737 
0.550048 -1.500000 -66.610941 
0.555048 -1.500000 -66.610941 
0.560048 -1.500000 -68.512145 
0.565049 -1.500000 -68.512145 
0.570062 -1.500000 -64.709737 
0.575062 -1.500000 -59.006125 
0.580062 -1.500000 -62.808533 
0.585062 -1.500000 -62.808533 
0.590062 -1.500000 -62.808533 
0.595063 -1.500000 -59.006125 
0.600063 -1.500000 -66.610941 
0.605074 -1.500000 -66.610941 
0.610075 -1.500000 -55.203716 
0.615077 -1.500000 -62.808533 
0.620077 -1.500000 -60.907329 
0.625077 -1.500000 -57.104921 
0.630077 -1.500000 -55.203716 
0.635077 -1.500000 -64.709737 
0.640078 -1.500000 -66.610941 
0.645078 -1.500000 -57.104921 
0.650078 -1.500000 -60.907329 
0.655078 -1.500000 -62.808533 
0.660079 -1.500000 -57.104921 
0.665079 -1.500000 -66.610941 
0.670079 -1.500000 -53.302512 
0.675079 -1.500000 -51.401308 
0.680079 -1.500000 -53.302512 
0.685080 -1.500000 -59.006125 
0.690080 -1.500000 -59.006125 
0.695080 -1.500000 -57.104921 
0.700080 -1.500000 -59.006125 
0.705080 -1.500000 -59.006125 
0.710080 -1.500000 -62.808533 
0.715080 -1.500000 -53.302512 
0.720080 -1.500000 -60.907329 
0.725081 -1.500000 -57.104921 
0.730081 -1.500000 -55.203716 
0.735081 -1.500000 -62.808533 
0.740081 -1.500000 -55.203716 
0.745081 -1.500000 -53.302512 
0.750082 -1.500000 -62.808533 
0.755082 -1.500000 -47.598900 
0.760082 -1.500000 -55.203716 
0.765083 -1.500000 -55.203716 
0.770083 -1.500000 -55.203716 
0.775083 -1.500000 -57.104921 
0.780083 -1.500000 -57.104921 
0.785083 -1.500000 -57.104921 
0.790084 -1.500000 -57.104921 
0.795084 -1.500000 -55.203716 
0.800084 -1.500000 -53.302512 
0.805084 -1.500000 -49.500104 
0.810094 -1.500000 -55.203716 
0.815094 -1.500000 -49.500104 
0.820094 -1.500000 -53.302512 
0.825094 -1.500000 -49.500104 
0.830094 -1.500000 -53.302512 
0.835094 -1.500000 -57.104921 
0.840094 -1.500000 -51.401308 
0.845107 -1.500000 -59.006125 
0.850107 -1.500000 -60.907329 
0.855107 -1.500000 -53.302512 
0.860108 -1.500000 -53.302512 
0.865108 -1.500000 -49.500104 
0.870108 -1.500000 -57.104921 
0.875108 -1.500000 -49.500104 
0.880108 -1.500000 -51.401308 
0.885108 -1.500000 -53.302512 
0.890109 -1.500000 -49.500104 
0.895109 -1.500000 -49.500104 
0.900109 -1.500000 -57.104921 
0.905117 -1.500000 -47.598900 
0.910117 -1.500000 -51.401308 
0.915117 -1.500000 -49.500104 
0.920117 -1.500000 -55.203716 
0.925117 -1.500000 -51.401308 
0.930117 -1.500000 -47.598900 
0.935117 -1.500000 -51.401308 
0.940117 -1.500000 -45.697696 
0.945118 -1.500000 -53.302512 
0.950118 -1.500000 -53.302512 
0.955118 -1.500000 -51.401308 
0.960118 -1.500000 -43.796492 
0.965118 -1.500000 -53.302512 
0.970118 -1.500000 -49.500104 
0.975118 -1.500000 -49.500104 
0.980119 -1.500000 -51.401308 
0.985119 -1.500000 -53.302512 
0.990119 -1.500000 -53.302512 
0.995119 -1.500000 -45.697696 
