0.000001 -0.900000 -7.892345 
0.005001 -0.900000 -7.892345 
0.010001 -0.900000 -2.188733 
0.015001 -0.900000 -4.089937 
0.020002 -0.900000 -5.991141 
0.025002 -0.900000 -4.089937 
0.030002 -0.900000 -5.991141 
0.035002 -0.900000 -2.188733 
0.040002 -0.900000 -2.188733 
0.045003 -0.900000 -5.991141 
0.050004 -0.900000 -7.892345 
0.055004 -0.900000 -15.497162 
0.060004 -0.900000 -23.101978 
0.065005 -0.900000 -36.410407 
0.070005 -0.900000 -36.410407 
0.075005 -0.900000 -42.114020 
0.080005 -0.900000 -40.212816 
0.085006 -0.900000 -38.311611 
0.090006 -0.900000 -42.114020 
0.095006 -0.900000 -49.718836 
0.100006 -0.900000 -38.311611 
0.105007 -0.900000 -45.916428 
0.110007 -0.900000 -42.114020 
0.115007 -0.900000 -40.212816 
0.120007 -0.900000 -40.212816 
0.125007 -0.900000 -47.817632 
0.130007 -0.900000 -40.212816 
0.135008 -0.900000 -47.817632 
0.140008 -0.900000 -51.620041 
0.145008 -0.900000 -47.817632 
0.150008 -0.900000 -51.620041 
0.155008 -0.900000 -57.323653 
0.160009 -0.900000 -47.817632 
0.165009 -0.900000 -49.718836 
0.170009 -0.900000 -49.718836 
0.175009 -0.900000 -51.620041 
0.180009 -0.900000 -51.620041 
0.185009 -0.900000 -44.015224 
0.190010 -0.900000 -51.620041 
0.195010 -0.900000 -49.718836 
0.200010 -0.900000 -47.817632 
0.205010 -0.900000 -51.620041 
0.210010 -0.900000 -49.718836 
0.215010 -0.900000 -53.521245 
0.220010 -0.900000 -47.817632 
0.225011 -0.900000 -55.422449 
0.230011 -0.900000 -53.521245 
0.235011 -0.900000 -51.620041 
0.240011 -0.900000 -57.323653 
0.245011 -0.900000 -47.817632 
0.250011 -0.900000 -57.323653 
0.255011 -0.900000 -49.718836 
0.260011 -0.900000 -49.718836 
0.265011 -0.900000 -51.620041 
0.270011 -0.900000 -51.620041 
0.275012 -0.900000 -59.224857 
0.280012 -0.900000 -53.521245 
0.285012 -0.900000 -55.422449 
0.290012 -0.900000 -53.521245 
0.295012 -0.900000 -53.521245 
0.300012 -0.900000 -47.817632 
0.305012 -0.900000 -57.323653 
0.310013 -0.900000 -51.620041 
0.315013 -0.900000 -51.620041 
0.320013 -0.900000 -57.323653 
0.325013 -0.900000 -53.521245 
0.330013 -0.900000 -49.718836 
0.335013 -0.900000 -51.620041 
0.340014 -0.900000 -51.620041 
0.345014 -0.900000 -51.620041 
0.350014 -0.900000 -51.620041 
0.355014 -0.900000 -49.718836 
0.360014 -0.900000 -55.422449 
0.365015 -0.900000 -55.422449 
0.370015 -0.900000 -55.422449 
0.375015 -0.900000 -47.817632 
0.380015 -0.900000 -49.718836 
0.385015 -0.900000 -51.620041 
0.390016 -0.900000 -49.718836 
0.395016 -0.900000 -45.916428 
0.400016 -0.900000 -51.620041 
0.405016 -0.900000 -53.521245 
0.410016 -0.900000 -49.718836 
0.415016 -0.900000 -47.817632 
0.420017 -0.900000 -49.718836 
0.425017 -0.900000 -44.015224 
0.430017 -0.900000 -53.521245 
0.435017 -0.900000 -45.916428 
0.440017 -0.900000 -49.718836 
0.445017 -0.900000 -51.620041 
0.450017 -0.900000 -47.817632 
0.455018 -0.900000 -47.817632 
0.460018 -0.900000 -55.422449 
0.465018 -0.900000 -47.817632 
0.470019 -0.900000 -53.521245 
0.475019 -0.900000 -44.015224 
0.480019 -0.900000 -53.521245 
0.485019 -0.900000 -51.620041 
0.490019 -0.900000 -45.916428 
0.495020 -0.900000 -49.718836 
0.500020 -0.900000 -45.916428 
0.505020 -0.900000 -47.817632 
0.510020 -0.900000 -45.916428 
0.515020 -0.900000 -47.817632 
0.520021 -0.900000 -42.114020 
0.525021 -0.900000 -45.916428 
0.530021 -0.900000 -47.817632 
0.535021 -0.900000 -49.718836 
0.540021 -0.900000 -45.916428 
0.545023 -0.900000 -49.718836 
0.550023 -0.900000 -40.212816 
0.555023 -0.900000 -47.817632 
0.560024 -0.900000 -47.817632 
0.565025 -0.900000 -47.817632 
0.570025 -0.900000 -47.817632 
0.575025 -0.900000 -44.015224 
0.580025 -0.900000 -44.015224 
0.585026 -0.900000 -45.916428 
0.590026 -0.900000 -38.311611 
0.595026 -0.900000 -47.817632 
0.600026 -0.900000 -40.212816 
0.605026 -0.900000 -42.114020 
0.610026 -0.900000 -44.015224 
0.615026 -0.900000 -38.311611 
0.620026 -0.900000 -42.114020 
0.625027 -0.900000 -44.015224 
0.630027 -0.900000 -44.015224 
0.635027 -0.900000 -42.114020 
0.640027 -0.900000 -40.212816 
0.645027 -0.900000 -42.114020 
0.650027 -0.900000 -40.212816 
0.655027 -0.900000 -40.212816 
0.660027 -0.900000 -49.718836 
0.665027 -0.900000 -42.114020 
0.670028 -0.900000 -42.114020 
0.675028 -0.900000 -40.212816 
0.680028 -0.900000 -34.509203 
0.685028 -0.900000 -45.916428 
0.690030 -0.900000 -34.509203 
0.695031 -0.900000 -44.015224 
0.700031 -0.900000 -34.509203 
0.705031 -0.900000 -44.015224 
0.710031 -0.900000 -44.015224 
0.715031 -0.900000 -34.509203 
0.720031 -0.900000 -40.212816 
0.725031 -0.900000 -44.015224 
0.730031 -0.900000 -42.114020 
0.735032 -0.900000 -40.212816 
0.740032 -0.900000 -40.212816 
0.745032 -0.900000 -40.212816 
0.750032 -0.900000 -45.916428 
0.755032 -0.900000 -34.509203 
0.760032 -0.900000 -36.410407 
0.765032 -0.900000 -36.410407 
0.770033 -0.900000 -32.607999 
0.775033 -0.900000 -32.607999 
0.780033 -0.900000 -34.509203 
0.785033 -0.900000 -42.114020 
0.790033 -0.900000 -40.212816 
0.795033 -0.900000 -36.410407 
0.800034 -0.900000 -30.706795 
0.805034 -0.900000 -34.509203 
0.810034 -0.900000 -30.706795 
0.815034 -0.900000 -40.212816 
0.820034 -0.900000 -32.607999 
0.825034 -0.900000 -34.509203 
0.830034 -0.900000 -36.410407 
0.835034 -0.900000 -36.410407 
0.840034 -0.900000 -44.015224 
0.845035 -0.900000 -32.607999 
0.850035 -0.900000 -40.212816 
0.855035 -0.900000 -36.410407 
0.860035 -0.900000 -30.706795 
0.865035 -0.900000 -34.509203 
0.870035 -0.900000 -30.706795 
0.875035 -0.900000 -36.410407 
0.880035 -0.900000 -36.410407 
0.885035 -0.900000 -40.212816 
0.890036 -0.900000 -30.706795 
0.895036 -0.900000 -40.212816 
0.900036 -0.900000 -34.509203 
0.905036 -0.900000 -32.607999 
0.910037 -0.900000 -30.706795 
0.915037 -0.900000 -40.212816 
0.920037 -0.900000 -32.607999 
0.925037 -0.900000 -38.311611 
0.930038 -0.900000 -30.706795 
0.935038 -0.900000 -34.509203 
0.940038 -0.900000 -36.410407 
0.945038 -0.900000 -34.509203 
0.950038 -0.900000 -42.114020 
0.955038 -0.900000 -28.805591 
0.960039 -0.900000 -28.805591 
0.965039 -0.900000 -36.410407 
0.970039 -0.900000 -30.706795 
0.975040 -0.900000 -38.311611 
0.980040 -0.900000 -25.003182 
0.985040 -0.900000 -32.607999 
0.990040 -0.900000 -32.607999 
0.995040 -0.900000 -36.410407 
