0.000000 -1.700000 -1.840574 
0.005001 -1.700000 0.060630 
0.010001 -1.700000 -1.840574 
0.015001 -1.700000 -1.840574 
0.020002 -1.700000 -3.741778 
0.025002 -1.700000 -7.544187 
0.030002 -1.700000 0.060630 
0.035003 -1.700000 -1.840574 
0.040003 -1.700000 -9.445391 
0.045003 -1.700000 -30.358636 
0.050003 -1.700000 -34.161045 
0.055003 -1.700000 -43.667065 
0.060004 -1.700000 -53.173086 
0.065004 -1.700000 -58.876699 
0.070004 -1.700000 -55.074290 
0.075005 -1.700000 -64.580311 
0.080005 -1.700000 -56.975494 
0.085005 -1.700000 -60.777903 
0.090005 -1.700000 -60.777903 
0.095006 -1.700000 -62.679107 
0.100006 -1.700000 -64.580311 
0.105006 -1.700000 -70.283924 
0.110006 -1.700000 -70.283924 
0.115006 -1.700000 -72.185128 
0.120007 -1.700000 -75.987536 
0.125007 -1.700000 -75.987536 
0.130007 -1.700000 -75.987536 
0.135007 -1.700000 -77.888740 
0.140007 -1.700000 -79.789944 
0.145007 -1.700000 -77.888740 
0.150008 -1.700000 -75.987536 
0.155008 -1.700000 -81.691148 
0.160008 -1.700000 -79.789944 
0.165008 -1.700000 -77.888740 
0.170008 -1.700000 -81.691148 
0.175009 -1.700000 -81.691148 
0.180009 -1.700000 -81.691148 
0.185009 -1.700000 -81.691148 
0.190010 -1.700000 -87.394761 
0.195010 -1.700000 -79.789944 
0.200010 -1.700000 -85.493557 
0.205010 -1.700000 -89.295965 
0.210011 -1.700000 -81.691148 
0.215011 -1.700000 -87.394761 
0.220011 -1.700000 -85.493557 
0.225011 -1.700000 -83.592353 
0.230011 -1.700000 -81.691148 
0.235011 -1.700000 -94.999577 
0.240012 -1.700000 -81.691148 
0.245012 -1.700000 -87.394761 
0.250012 -1.700000 -87.394761 
0.255012 -1.700000 -85.493557 
0.260012 -1.700000 -91.197169 
0.265013 -1.700000 -81.691148 
0.270013 -1.700000 -91.197169 
0.275013 -1.700000 -89.295965 
0.280013 -1.700000 -83.592353 
0.285013 -1.700000 -81.691148 
0.290013 -1.700000 -83.592353 
0.295013 -1.700000 -94.999577 
0.300013 -1.700000 -83.592353 
0.305014 -1.700000 -91.197169 
0.310014 -1.700000 -85.493557 
0.315015 -1.700000 -81.691148 
0.320015 -1.700000 -83.592353 
0.325015 -1.700000 -83.592353 
0.330015 -1.700000 -83.592353 
0.335015 -1.700000 -89.295965 
0.340015 -1.700000 -81.691148 
0.345016 -1.700000 -87.394761 
0.350016 -1.700000 -85.493557 
0.355016 -1.700000 -81.691148 
0.360016 -1.700000 -79.789944 
0.365016 -1.700000 -77.888740 
0.370016 -1.700000 -85.493557 
0.375016 -1.700000 -79.789944 
0.380017 -1.700000 -85.493557 
0.385017 -1.700000 -83.592353 
0.390017 -1.700000 -77.888740 
0.395017 -1.700000 -83.592353 
0.400017 -1.700000 -77.888740 
0.405017 -1.700000 -79.789944 
0.410017 -1.700000 -83.592353 
0.415017 -1.700000 -79.789944 
0.420018 -1.700000 -79.789944 
0.425018 -1.700000 -83.592353 
0.430018 -1.700000 -79.789944 
0.435018 -1.700000 -81.691148 
0.440018 -1.700000 -74.086332 
0.445018 -1.700000 -85.493557 
0.450018 -1.700000 -81.691148 
0.455019 -1.700000 -72.185128 
0.460019 -1.700000 -79.789944 
0.465019 -1.700000 -75.987536 
0.470019 -1.700000 -77.888740 
0.475019 -1.700000 -77.888740 
0.480019 -1.700000 -72.185128 
0.485019 -1.700000 -79.789944 
0.490019 -1.700000 -77.888740 
0.495020 -1.700000 -72.185128 
0.500020 -1.700000 -81.691148 
0.505020 -1.700000 -74.086332 
0.510037 -1.700000 -72.185128 
0.515037 -1.700000 -79.789944 
0.520037 -1.700000 -68.382719 
0.525037 -1.700000 -77.888740 
0.530037 -1.700000 -74.086332 
0.535037 -1.700000 -77.888740 
0.540038 -1.700000 -68.382719 
0.545038 -1.700000 -72.185128 
0.550038 -1.700000 -74.086332 
0.555053 -1.700000 -68.382719 
0.560053 -1.700000 -75.987536 
0.565053 -1.700000 -75.987536 
0.570053 -1.700000 -74.086332 
0.575054 -1.700000 -70.283924 
0.580054 -1.700000 -74.086332 
0.585054 -1.700000 -74.086332 
0.590054 -1.700000 -77.888740 
0.595054 -1.700000 -72.185128 
0.600054 -1.700000 -68.382719 
0.605054 -1.700000 -68.382719 
0.610054 -1.700000 -64.580311 
0.615055 -1.700000 -64.580311 
0.620055 -1.700000 -75.987536 
0.625055 -1.700000 -64.580311 
0.630062 -1.700000 -70.283924 
0.635062 -1.700000 -72.185128 
0.640063 -1.700000 -64.580311 
0.645063 -1.700000 -72.185128 
0.650063 -1.700000 -75.987536 
0.655063 -1.700000 -64.580311 
0.660063 -1.700000 -64.580311 
0.665063 -1.700000 -74.086332 
0.670063 -1.700000 -60.777903 
0.675070 -1.700000 -66.481515 
0.680070 -1.700000 -64.580311 
0.685070 -1.700000 -74.086332 
0.690070 -1.700000 -68.382719 
0.695070 -1.700000 -70.283924 
0.700070 -1.700000 -68.382719 
0.705070 -1.700000 -66.481515 
0.710070 -1.700000 -64.580311 
0.715070 -1.700000 -62.679107 
0.720070 -1.700000 -56.975494 
0.725071 -1.700000 -70.283924 
0.730071 -1.700000 -62.679107 
0.735071 -1.700000 -64.580311 
0.740071 -1.700000 -68.382719 
0.745071 -1.700000 -60.777903 
0.750076 -1.700000 -64.580311 
0.755077 -1.700000 -68.382719 
0.760077 -1.700000 -70.283924 
0.765077 -1.700000 -60.777903 
0.770077 -1.700000 -62.679107 
0.775077 -1.700000 -62.679107 
0.780077 -1.700000 -64.580311 
0.785077 -1.700000 -62.679107 
0.790077 -1.700000 -68.382719 
0.795078 -1.700000 -56.975494 
0.800078 -1.700000 -62.679107 
0.805078 -1.700000 -60.777903 
0.810078 -1.700000 -66.481515 
0.815078 -1.700000 -62.679107 
0.820078 -1.700000 -60.777903 
0.825078 -1.700000 -62.679107 
0.830078 -1.700000 -60.777903 
0.835079 -1.700000 -64.580311 
0.840079 -1.700000 -55.074290 
0.845079 -1.700000 -58.876699 
0.850079 -1.700000 -58.876699 
0.855079 -1.700000 -53.173086 
0.860079 -1.700000 -53.173086 
0.865080 -1.700000 -62.679107 
0.870107 -1.700000 -58.876699 
0.875108 -1.700000 -64.580311 
0.880108 -1.700000 -68.382719 
0.885108 -1.700000 -58.876699 
0.890108 -1.700000 -60.777903 
0.895108 -1.700000 -56.975494 
0.900108 -1.700000 -53.173086 
0.905112 -1.700000 -64.580311 
0.910112 -1.700000 -53.173086 
0.915112 -1.700000 -62.679107 
0.920112 -1.700000 -58.876699 
0.925112 -1.700000 -62.679107 
0.930112 -1.700000 -55.074290 
0.935112 -1.700000 -55.074290 
0.940112 -1.700000 -60.777903 
0.945112 -1.700000 -53.173086 
0.950113 -1.700000 -55.074290 
0.955113 -1.700000 -56.975494 
0.960113 -1.700000 -58.876699 
0.965113 -1.700000 -60.777903 
0.970113 -1.700000 -51.271882 
0.975113 -1.700000 -60.777903 
0.980113 -1.700000 -56.975494 
0.985114 -1.700000 -55.074290 
0.990114 -1.700000 -55.074290 
0.995114 -1.700000 -55.074290 
