0.000001 -4.800000 -0.311104 
0.005001 -4.800000 3.491304 
0.010001 -4.800000 -2.212308 
0.015001 -4.800000 -4.113512 
0.020001 -4.800000 -15.520737 
0.025001 -4.800000 -32.631574 
0.030002 -4.800000 -45.940004 
0.035002 -4.800000 -72.556862 
0.040002 -4.800000 -97.272516 
0.045002 -4.800000 -129.592986 
0.050002 -4.800000 -142.901415 
0.055003 -4.800000 -154.308640 
0.060003 -4.800000 -156.209844 
0.065003 -4.800000 -156.209844 
0.070003 -4.800000 -152.407436 
0.075003 -4.800000 -160.012253 
0.080003 -4.800000 -173.320682 
0.085003 -4.800000 -179.024294 
0.090003 -4.800000 -184.727907 
0.095004 -4.800000 -188.530315 
0.100004 -4.800000 -184.727907 
0.105004 -4.800000 -192.332723 
0.110004 -4.800000 -180.925498 
0.115004 -4.800000 -184.727907 
0.120004 -4.800000 -184.727907 
0.125004 -4.800000 -196.135131 
0.130004 -4.800000 -192.332723 
0.135005 -4.800000 -198.036336 
0.140005 -4.800000 -194.233927 
0.145005 -4.800000 -201.838744 
0.150005 -4.800000 -199.937540 
0.155005 -4.800000 -199.937540 
0.160005 -4.800000 -203.739948 
0.165006 -4.800000 -194.233927 
0.170006 -4.800000 -196.135131 
0.175006 -4.800000 -196.135131 
0.180006 -4.800000 -194.233927 
0.185007 -4.800000 -203.739948 
0.190007 -4.800000 -198.036336 
0.195007 -4.800000 -201.838744 
0.200007 -4.800000 -198.036336 
0.205007 -4.800000 -192.332723 
0.210007 -4.800000 -198.036336 
0.215008 -4.800000 -192.332723 
0.220008 -4.800000 -201.838744 
0.225008 -4.800000 -196.135131 
0.230008 -4.800000 -205.641152 
0.235008 -4.800000 -196.135131 
0.240008 -4.800000 -192.332723 
0.245013 -4.800000 -199.937540 
0.250014 -4.800000 -196.135131 
0.255014 -4.800000 -205.641152 
0.260014 -4.800000 -198.036336 
0.265014 -4.800000 -198.036336 
0.270014 -4.800000 -196.135131 
0.275014 -4.800000 -196.135131 
0.280014 -4.800000 -203.739948 
0.285015 -4.800000 -194.233927 
0.290015 -4.800000 -199.937540 
0.295015 -4.800000 -196.135131 
0.300015 -4.800000 -196.135131 
0.305015 -4.800000 -203.739948 
0.310015 -4.800000 -194.233927 
0.315016 -4.800000 -201.838744 
0.320016 -4.800000 -192.332723 
0.325016 -4.800000 -194.233927 
0.330016 -4.800000 -196.135131 
0.335016 -4.800000 -196.135131 
0.340016 -4.800000 -198.036336 
0.345016 -4.800000 -198.036336 
0.350017 -4.800000 -186.629111 
0.355017 -4.800000 -198.036336 
0.360017 -4.800000 -190.431519 
0.365022 -4.800000 -186.629111 
0.370022 -4.800000 -190.431519 
0.375022 -4.800000 -196.135131 
0.380022 -4.800000 -192.332723 
0.385023 -4.800000 -194.233927 
0.390023 -4.800000 -192.332723 
0.395023 -4.800000 -192.332723 
0.400023 -4.800000 -186.629111 
0.405023 -4.800000 -188.530315 
0.410024 -4.800000 -180.925498 
0.415024 -4.800000 -198.036336 
0.420024 -4.800000 -188.530315 
0.425024 -4.800000 -186.629111 
0.430024 -4.800000 -186.629111 
0.435024 -4.800000 -180.925498 
0.440024 -4.800000 -192.332723 
0.445024 -4.800000 -196.135131 
0.450025 -4.800000 -192.332723 
0.455025 -4.800000 -190.431519 
0.460025 -4.800000 -192.332723 
0.465025 -4.800000 -180.925498 
0.470025 -4.800000 -186.629111 
0.475025 -4.800000 -182.826702 
0.480025 -4.800000 -188.530315 
0.485026 -4.800000 -182.826702 
0.490026 -4.800000 -192.332723 
0.495026 -4.800000 -182.826702 
0.500026 -4.800000 -186.629111 
0.505026 -4.800000 -186.629111 
0.510026 -4.800000 -192.332723 
0.515026 -4.800000 -188.530315 
0.520027 -4.800000 -184.727907 
0.525027 -4.800000 -188.530315 
0.530027 -4.800000 -188.530315 
0.535027 -4.800000 -188.530315 
0.540027 -4.800000 -188.530315 
0.545028 -4.800000 -179.024294 
0.550028 -4.800000 -182.826702 
0.555028 -4.800000 -192.332723 
0.560028 -4.800000 -190.431519 
0.565028 -4.800000 -186.629111 
0.570029 -4.800000 -184.727907 
0.575029 -4.800000 -177.123090 
0.580029 -4.800000 -180.925498 
0.585029 -4.800000 -188.530315 
0.590029 -4.800000 -188.530315 
0.595030 -4.800000 -184.727907 
0.600030 -4.800000 -186.629111 
0.605032 -4.800000 -180.925498 
0.610032 -4.800000 -188.530315 
0.615032 -4.800000 -182.826702 
0.620032 -4.800000 -188.530315 
0.625032 -4.800000 -184.727907 
0.630042 -4.800000 -182.826702 
0.635042 -4.800000 -180.925498 
0.640042 -4.800000 -184.727907 
0.645042 -4.800000 -186.629111 
0.650042 -4.800000 -188.530315 
0.655042 -4.800000 -180.925498 
0.660042 -4.800000 -182.826702 
0.665043 -4.800000 -180.925498 
0.670043 -4.800000 -184.727907 
0.675043 -4.800000 -182.826702 
0.680043 -4.800000 -194.233927 
0.685043 -4.800000 -186.629111 
0.690043 -4.800000 -184.727907 
0.695044 -4.800000 -180.925498 
0.700044 -4.800000 -184.727907 
0.705044 -4.800000 -196.135131 
0.710044 -4.800000 -194.233927 
0.715045 -4.800000 -190.431519 
0.720045 -4.800000 -180.925498 
0.725045 -4.800000 -180.925498 
0.730045 -4.800000 -192.332723 
0.735045 -4.800000 -188.530315 
0.740045 -4.800000 -194.233927 
0.745045 -4.800000 -192.332723 
0.750046 -4.800000 -180.925498 
0.755046 -4.800000 -188.530315 
0.760046 -4.800000 -180.925498 
0.765046 -4.800000 -192.332723 
0.770046 -4.800000 -190.431519 
0.775047 -4.800000 -196.135131 
0.780047 -4.800000 -186.629111 
0.785047 -4.800000 -186.629111 
0.790047 -4.800000 -188.530315 
0.795047 -4.800000 -184.727907 
0.800047 -4.800000 -194.233927 
0.805048 -4.800000 -186.629111 
0.810048 -4.800000 -188.530315 
0.815049 -4.800000 -182.826702 
0.820049 -4.800000 -184.727907 
0.825049 -4.800000 -198.036336 
0.830049 -4.800000 -190.431519 
0.835049 -4.800000 -186.629111 
0.840049 -4.800000 -196.135131 
0.845049 -4.800000 -184.727907 
0.850049 -4.800000 -194.233927 
0.855049 -4.800000 -190.431519 
0.860049 -4.800000 -196.135131 
0.865050 -4.800000 -198.036336 
0.870050 -4.800000 -186.629111 
0.875050 -4.800000 -194.233927 
0.880050 -4.800000 -190.431519 
0.885050 -4.800000 -192.332723 
0.890050 -4.800000 -196.135131 
0.895050 -4.800000 -192.332723 
0.900051 -4.800000 -201.838744 
0.905051 -4.800000 -196.135131 
0.910051 -4.800000 -203.739948 
0.915051 -4.800000 -194.233927 
0.920051 -4.800000 -201.838744 
0.925051 -4.800000 -198.036336 
0.930051 -4.800000 -196.135131 
0.935052 -4.800000 -203.739948 
0.940052 -4.800000 -196.135131 
0.945052 -4.800000 -205.641152 
0.950052 -4.800000 -201.838744 
0.955052 -4.800000 -201.838744 
0.960052 -4.800000 -198.036336 
0.965052 -4.800000 -201.838744 
0.970053 -4.800000 -198.036336 
0.975053 -4.800000 -198.036336 
0.980053 -4.800000 -205.641152 
0.985053 -4.800000 -209.443561 
0.990053 -4.800000 -209.443561 
0.995053 -4.800000 -201.838744 
