0.000001 -3.800000 0.520969 
0.005001 -3.800000 -1.380235 
0.010001 -3.800000 -8.985051 
0.015001 -3.800000 -10.886256 
0.020001 -3.800000 -3.281439 
0.025001 -3.800000 -20.392276 
0.030002 -3.800000 -35.601910 
0.035002 -3.800000 -43.206726 
0.040002 -3.800000 -71.724788 
0.045003 -3.800000 -92.638034 
0.050003 -3.800000 -111.650076 
0.055003 -3.800000 -121.156096 
0.060004 -3.800000 -128.760913 
0.065004 -3.800000 -124.958505 
0.070004 -3.800000 -136.365730 
0.075004 -3.800000 -132.563321 
0.080005 -3.800000 -136.365730 
0.085005 -3.800000 -136.365730 
0.090005 -3.800000 -143.970546 
0.095005 -3.800000 -149.674159 
0.100005 -3.800000 -147.772954 
0.105006 -3.800000 -147.772954 
0.110006 -3.800000 -153.476567 
0.115006 -3.800000 -157.278975 
0.120006 -3.800000 -159.180179 
0.125006 -3.800000 -161.081383 
0.130006 -3.800000 -155.377771 
0.135007 -3.800000 -155.377771 
0.140007 -3.800000 -157.278975 
0.145007 -3.800000 -166.784996 
0.150007 -3.800000 -164.883792 
0.155007 -3.800000 -164.883792 
0.160008 -3.800000 -166.784996 
0.165008 -3.800000 -161.081383 
0.170008 -3.800000 -172.488608 
0.175009 -3.800000 -170.587404 
0.180009 -3.800000 -166.784996 
0.185009 -3.800000 -174.389813 
0.190009 -3.800000 -168.686200 
0.195010 -3.800000 -162.982588 
0.200010 -3.800000 -161.081383 
0.205010 -3.800000 -166.784996 
0.210010 -3.800000 -170.587404 
0.215010 -3.800000 -166.784996 
0.220010 -3.800000 -172.488608 
0.225010 -3.800000 -174.389813 
0.230010 -3.800000 -178.192221 
0.235011 -3.800000 -164.883792 
0.240011 -3.800000 -166.784996 
0.245011 -3.800000 -162.982588 
0.250011 -3.800000 -162.982588 
0.255011 -3.800000 -164.883792 
0.260011 -3.800000 -166.784996 
0.265012 -3.800000 -172.488608 
0.270012 -3.800000 -166.784996 
0.275012 -3.800000 -166.784996 
0.280012 -3.800000 -168.686200 
0.285013 -3.800000 -166.784996 
0.290013 -3.800000 -168.686200 
0.295013 -3.800000 -159.180179 
0.300013 -3.800000 -161.081383 
0.305013 -3.800000 -166.784996 
0.310013 -3.800000 -170.587404 
0.315013 -3.800000 -168.686200 
0.320014 -3.800000 -166.784996 
0.325014 -3.800000 -168.686200 
0.330014 -3.800000 -166.784996 
0.335014 -3.800000 -166.784996 
0.340014 -3.800000 -176.291017 
0.345015 -3.800000 -162.982588 
0.350015 -3.800000 -168.686200 
0.355015 -3.800000 -162.982588 
0.360015 -3.800000 -161.081383 
0.365015 -3.800000 -166.784996 
0.370016 -3.800000 -162.982588 
0.375016 -3.800000 -168.686200 
0.380016 -3.800000 -161.081383 
0.385016 -3.800000 -162.982588 
0.390016 -3.800000 -159.180179 
0.395016 -3.800000 -155.377771 
0.400017 -3.800000 -161.081383 
0.405017 -3.800000 -162.982588 
0.410017 -3.800000 -164.883792 
0.415017 -3.800000 -164.883792 
0.420017 -3.800000 -153.476567 
0.425017 -3.800000 -161.081383 
0.430017 -3.800000 -155.377771 
0.435017 -3.800000 -161.081383 
0.440018 -3.800000 -161.081383 
0.445018 -3.800000 -159.180179 
0.450018 -3.800000 -161.081383 
0.455018 -3.800000 -155.377771 
0.460018 -3.800000 -162.982588 
0.465019 -3.800000 -162.982588 
0.470019 -3.800000 -155.377771 
0.475019 -3.800000 -157.278975 
0.480019 -3.800000 -161.081383 
0.485019 -3.800000 -149.674159 
0.490019 -3.800000 -159.180179 
0.495019 -3.800000 -153.476567 
0.500019 -3.800000 -151.575363 
0.505020 -3.800000 -161.081383 
0.510020 -3.800000 -161.081383 
0.515020 -3.800000 -159.180179 
0.520021 -3.800000 -145.871750 
0.525021 -3.800000 -155.377771 
0.530021 -3.800000 -151.575363 
0.535021 -3.800000 -157.278975 
0.540021 -3.800000 -159.180179 
0.545021 -3.800000 -155.377771 
0.550021 -3.800000 -151.575363 
0.555021 -3.800000 -149.674159 
0.560021 -3.800000 -151.575363 
0.565022 -3.800000 -155.377771 
0.570022 -3.800000 -149.674159 
0.575022 -3.800000 -161.081383 
0.580022 -3.800000 -153.476567 
0.585022 -3.800000 -145.871750 
0.590022 -3.800000 -151.575363 
0.595022 -3.800000 -153.476567 
0.600023 -3.800000 -153.476567 
0.605023 -3.800000 -153.476567 
0.610023 -3.800000 -155.377771 
0.615023 -3.800000 -147.772954 
0.620023 -3.800000 -149.674159 
0.625023 -3.800000 -153.476567 
0.630023 -3.800000 -151.575363 
0.635023 -3.800000 -149.674159 
0.640023 -3.800000 -153.476567 
0.645024 -3.800000 -151.575363 
0.650024 -3.800000 -145.871750 
0.655024 -3.800000 -151.575363 
0.660024 -3.800000 -149.674159 
0.665024 -3.800000 -147.772954 
0.670024 -3.800000 -143.970546 
0.675024 -3.800000 -151.575363 
0.680024 -3.800000 -153.476567 
0.685025 -3.800000 -153.476567 
0.690025 -3.800000 -153.476567 
0.695025 -3.800000 -143.970546 
0.700026 -3.800000 -143.970546 
0.705026 -3.800000 -155.377771 
0.710027 -3.800000 -149.674159 
0.715027 -3.800000 -149.674159 
0.720027 -3.800000 -149.674159 
0.725028 -3.800000 -153.476567 
0.730028 -3.800000 -145.871750 
0.735028 -3.800000 -149.674159 
0.740028 -3.800000 -149.674159 
0.745028 -3.800000 -143.970546 
0.750028 -3.800000 -153.476567 
0.755028 -3.800000 -143.970546 
0.760029 -3.800000 -157.278975 
0.765029 -3.800000 -153.476567 
0.770030 -3.800000 -147.772954 
0.775035 -3.800000 -151.575363 
0.780035 -3.800000 -149.674159 
0.785035 -3.800000 -147.772954 
0.790036 -3.800000 -149.674159 
0.795036 -3.800000 -151.575363 
0.800114 -3.800000 -149.674159 
0.805114 -3.800000 -143.970546 
0.810114 -3.800000 -149.674159 
0.815114 -3.800000 -149.674159 
0.820115 -3.800000 -151.575363 
0.825115 -3.800000 -155.377771 
0.830115 -3.800000 -153.476567 
0.835115 -3.800000 -153.476567 
0.840115 -3.800000 -151.575363 
0.845115 -3.800000 -147.772954 
0.850115 -3.800000 -151.575363 
0.855116 -3.800000 -147.772954 
0.860116 -3.800000 -149.674159 
0.865116 -3.800000 -161.081383 
0.870116 -3.800000 -159.180179 
0.875116 -3.800000 -153.476567 
0.880117 -3.800000 -151.575363 
0.885117 -3.800000 -153.476567 
0.890117 -3.800000 -149.674159 
0.895117 -3.800000 -151.575363 
0.900117 -3.800000 -157.278975 
0.905118 -3.800000 -153.476567 
0.910118 -3.800000 -159.180179 
0.915118 -3.800000 -147.772954 
0.920118 -3.800000 -145.871750 
0.925127 -3.800000 -151.575363 
0.930127 -3.800000 -153.476567 
0.935127 -3.800000 -153.476567 
0.940128 -3.800000 -161.081383 
0.945128 -3.800000 -149.674159 
0.950128 -3.800000 -153.476567 
0.955128 -3.800000 -153.476567 
0.960128 -3.800000 -155.377771 
0.965128 -3.800000 -153.476567 
0.970129 -3.800000 -153.476567 
0.975129 -3.800000 -151.575363 
0.980129 -3.800000 -157.278975 
0.985129 -3.800000 -155.377771 
0.990129 -3.800000 -147.772954 
0.995129 -3.800000 -161.081383 
