0.000001 -1.600000 7.031197 
0.005001 -1.600000 5.129993 
0.010001 -1.600000 -0.573620 
0.015001 -1.600000 1.327585 
0.020001 -1.600000 1.327585 
0.025002 -1.600000 -4.376028 
0.030002 -1.600000 3.228789 
0.035002 -1.600000 -8.178436 
0.040002 -1.600000 -11.980844 
0.045003 -1.600000 -13.882049 
0.050003 -1.600000 -30.992886 
0.055003 -1.600000 -38.597703 
0.060003 -1.600000 -50.004927 
0.065003 -1.600000 -48.103723 
0.070004 -1.600000 -55.708540 
0.075004 -1.600000 -53.807336 
0.080004 -1.600000 -57.609744 
0.085004 -1.600000 -50.004927 
0.090004 -1.600000 -55.708540 
0.095005 -1.600000 -57.609744 
0.100005 -1.600000 -55.708540 
0.105005 -1.600000 -67.115765 
0.110005 -1.600000 -61.412152 
0.115006 -1.600000 -72.819377 
0.120006 -1.600000 -61.412152 
0.125007 -1.600000 -70.918173 
0.130007 -1.600000 -63.313357 
0.135007 -1.600000 -72.819377 
0.140007 -1.600000 -67.115765 
0.145007 -1.600000 -74.720581 
0.150007 -1.600000 -69.016969 
0.155007 -1.600000 -76.621786 
0.160007 -1.600000 -76.621786 
0.165008 -1.600000 -76.621786 
0.170008 -1.600000 -74.720581 
0.175008 -1.600000 -70.918173 
0.180008 -1.600000 -78.522990 
0.185008 -1.600000 -70.918173 
0.190009 -1.600000 -76.621786 
0.195009 -1.600000 -72.819377 
0.200009 -1.600000 -78.522990 
0.205035 -1.600000 -80.424194 
0.210035 -1.600000 -78.522990 
0.215036 -1.600000 -76.621786 
0.220036 -1.600000 -74.720581 
0.225037 -1.600000 -84.226602 
0.230037 -1.600000 -80.424194 
0.235037 -1.600000 -74.720581 
0.240037 -1.600000 -78.522990 
0.245038 -1.600000 -78.522990 
0.250038 -1.600000 -78.522990 
0.255038 -1.600000 -74.720581 
0.260038 -1.600000 -84.226602 
0.265039 -1.600000 -82.325398 
0.270039 -1.600000 -74.720581 
0.275039 -1.600000 -78.522990 
0.280039 -1.600000 -76.621786 
0.285040 -1.600000 -76.621786 
0.290040 -1.600000 -82.325398 
0.295040 -1.600000 -74.720581 
0.300040 -1.600000 -84.226602 
0.305040 -1.600000 -86.127806 
0.310041 -1.600000 -80.424194 
0.315041 -1.600000 -86.127806 
0.320041 -1.600000 -72.819377 
0.325041 -1.600000 -76.621786 
0.330041 -1.600000 -74.720581 
0.335041 -1.600000 -69.016969 
0.340041 -1.600000 -74.720581 
0.345042 -1.600000 -72.819377 
0.350042 -1.600000 -78.522990 
0.355042 -1.600000 -72.819377 
0.360042 -1.600000 -76.621786 
0.365042 -1.600000 -72.819377 
0.370043 -1.600000 -74.720581 
0.375043 -1.600000 -74.720581 
0.380043 -1.600000 -69.016969 
0.385043 -1.600000 -74.720581 
0.390046 -1.600000 -78.522990 
0.395046 -1.600000 -74.720581 
0.400046 -1.600000 -80.424194 
0.405047 -1.600000 -72.819377 
0.410047 -1.600000 -76.621786 
0.415047 -1.600000 -65.214561 
0.420047 -1.600000 -70.918173 
0.425047 -1.600000 -67.115765 
0.430047 -1.600000 -72.819377 
0.435047 -1.600000 -69.016969 
0.440048 -1.600000 -72.819377 
0.445048 -1.600000 -70.918173 
0.450048 -1.600000 -70.918173 
0.455049 -1.600000 -72.819377 
0.460049 -1.600000 -74.720581 
0.465049 -1.600000 -65.214561 
0.470049 -1.600000 -70.918173 
0.475049 -1.600000 -65.214561 
0.480049 -1.600000 -69.016969 
0.485050 -1.600000 -67.115765 
0.490050 -1.600000 -70.918173 
0.495050 -1.600000 -72.819377 
0.500050 -1.600000 -69.016969 
0.505050 -1.600000 -67.115765 
0.510051 -1.600000 -67.115765 
0.515051 -1.600000 -69.016969 
0.520051 -1.600000 -67.115765 
0.525051 -1.600000 -69.016969 
0.530051 -1.600000 -65.214561 
0.535052 -1.600000 -65.214561 
0.540052 -1.600000 -67.115765 
0.545052 -1.600000 -67.115765 
0.550052 -1.600000 -72.819377 
0.555052 -1.600000 -61.412152 
0.560053 -1.600000 -63.313357 
0.565053 -1.600000 -65.214561 
0.570053 -1.600000 -61.412152 
0.575053 -1.600000 -59.510948 
0.580053 -1.600000 -67.115765 
0.585059 -1.600000 -59.510948 
0.590059 -1.600000 -59.510948 
0.595059 -1.600000 -63.313357 
0.600059 -1.600000 -57.609744 
0.605059 -1.600000 -57.609744 
0.610060 -1.600000 -67.115765 
0.615060 -1.600000 -61.412152 
0.620060 -1.600000 -69.016969 
0.625060 -1.600000 -69.016969 
0.630061 -1.600000 -61.412152 
0.635061 -1.600000 -61.412152 
0.640061 -1.600000 -65.214561 
0.645062 -1.600000 -57.609744 
0.650062 -1.600000 -59.510948 
0.655062 -1.600000 -59.510948 
0.660062 -1.600000 -65.214561 
0.665063 -1.600000 -57.609744 
0.670063 -1.600000 -59.510948 
0.675063 -1.600000 -59.510948 
0.680063 -1.600000 -59.510948 
0.685063 -1.600000 -67.115765 
0.690063 -1.600000 -63.313357 
0.695063 -1.600000 -63.313357 
0.700063 -1.600000 -55.708540 
0.705063 -1.600000 -63.313357 
0.710064 -1.600000 -55.708540 
0.715064 -1.600000 -55.708540 
0.720064 -1.600000 -57.609744 
0.725064 -1.600000 -61.412152 
0.730064 -1.600000 -57.609744 
0.735064 -1.600000 -57.609744 
0.740064 -1.600000 -59.510948 
0.745064 -1.600000 -53.807336 
0.750064 -1.600000 -61.412152 
0.755065 -1.600000 -51.906132 
0.760065 -1.600000 -57.609744 
0.765065 -1.600000 -55.708540 
0.770065 -1.600000 -55.708540 
0.775065 -1.600000 -59.510948 
0.780065 -1.600000 -51.906132 
0.785065 -1.600000 -61.412152 
0.790066 -1.600000 -59.510948 
0.795066 -1.600000 -63.313357 
0.800066 -1.600000 -61.412152 
0.805066 -1.600000 -55.708540 
0.810066 -1.600000 -55.708540 
0.815066 -1.600000 -55.708540 
0.820067 -1.600000 -57.609744 
0.825067 -1.600000 -53.807336 
0.830067 -1.600000 -55.708540 
0.835067 -1.600000 -48.103723 
0.840067 -1.600000 -59.510948 
0.845067 -1.600000 -53.807336 
0.850067 -1.600000 -48.103723 
0.855068 -1.600000 -51.906132 
0.860068 -1.600000 -48.103723 
0.865068 -1.600000 -51.906132 
0.870068 -1.600000 -53.807336 
0.875068 -1.600000 -59.510948 
0.880068 -1.600000 -53.807336 
0.885068 -1.600000 -55.708540 
0.890068 -1.600000 -50.004927 
0.895069 -1.600000 -46.202519 
0.900069 -1.600000 -55.708540 
0.905069 -1.600000 -46.202519 
0.910069 -1.600000 -50.004927 
0.915069 -1.600000 -50.004927 
0.920069 -1.600000 -44.301315 
0.925069 -1.600000 -50.004927 
0.930069 -1.600000 -50.004927 
0.935069 -1.600000 -50.004927 
0.940070 -1.600000 -53.807336 
0.945070 -1.600000 -48.103723 
0.950070 -1.600000 -50.004927 
0.955070 -1.600000 -50.004927 
0.960070 -1.600000 -48.103723 
0.965070 -1.600000 -53.807336 
0.970070 -1.600000 -48.103723 
0.975071 -1.600000 -50.004927 
0.980071 -1.600000 -50.004927 
0.985071 -1.600000 -42.400111 
0.990071 -1.600000 -53.807336 
0.995071 -1.600000 -48.103723 
