0.000001 -2.800000 4.471616 
0.005001 -2.800000 -1.231997 
0.010001 -2.800000 4.471616 
0.015001 -2.800000 0.669207 
0.020001 -2.800000 -8.836813 
0.025001 -2.800000 -16.441630 
0.030001 -2.800000 -29.750059 
0.035002 -2.800000 -44.959692 
0.040002 -2.800000 -60.169326 
0.045002 -2.800000 -81.082571 
0.050002 -2.800000 -81.082571 
0.055002 -2.800000 -88.687388 
0.060003 -2.800000 -86.786184 
0.065003 -2.800000 -84.884980 
0.070003 -2.800000 -90.588592 
0.075003 -2.800000 -94.391000 
0.080004 -2.800000 -100.094613 
0.085004 -2.800000 -100.094613 
0.090004 -2.800000 -103.897021 
0.095004 -2.800000 -103.897021 
0.100005 -2.800000 -105.798225 
0.105005 -2.800000 -111.501838 
0.110005 -2.800000 -103.897021 
0.115005 -2.800000 -117.205450 
0.120005 -2.800000 -117.205450 
0.125005 -2.800000 -115.304246 
0.130005 -2.800000 -117.205450 
0.135006 -2.800000 -115.304246 
0.140006 -2.800000 -121.007858 
0.145006 -2.800000 -122.909063 
0.150010 -2.800000 -121.007858 
0.155011 -2.800000 -130.513879 
0.160011 -2.800000 -119.106654 
0.165011 -2.800000 -122.909063 
0.170011 -2.800000 -128.612675 
0.175011 -2.800000 -122.909063 
0.180011 -2.800000 -126.711471 
0.185011 -2.800000 -124.810267 
0.190012 -2.800000 -124.810267 
0.195012 -2.800000 -119.106654 
0.200012 -2.800000 -124.810267 
0.205012 -2.800000 -126.711471 
0.210012 -2.800000 -130.513879 
0.215012 -2.800000 -128.612675 
0.220012 -2.800000 -140.019900 
0.225013 -2.800000 -132.415083 
0.230013 -2.800000 -132.415083 
0.235013 -2.800000 -128.612675 
0.240013 -2.800000 -126.711471 
0.245013 -2.800000 -119.106654 
0.250014 -2.800000 -121.007858 
0.255014 -2.800000 -128.612675 
0.260014 -2.800000 -132.415083 
0.265027 -2.800000 -132.415083 
0.270027 -2.800000 -126.711471 
0.275027 -2.800000 -134.316287 
0.280027 -2.800000 -124.810267 
0.285027 -2.800000 -121.007858 
0.290028 -2.800000 -130.513879 
0.295028 -2.800000 -128.612675 
0.300028 -2.800000 -132.415083 
0.305028 -2.800000 -126.711471 
0.310029 -2.800000 -130.513879 
0.315029 -2.800000 -126.711471 
0.320029 -2.800000 -124.810267 
0.325041 -2.800000 -126.711471 
0.330041 -2.800000 -128.612675 
0.335041 -2.800000 -124.810267 
0.340041 -2.800000 -126.711471 
0.345042 -2.800000 -122.909063 
0.350042 -2.800000 -124.810267 
0.355043 -2.800000 -121.007858 
0.360044 -2.800000 -119.106654 
0.365044 -2.800000 -124.810267 
0.370044 -2.800000 -117.205450 
0.375045 -2.800000 -126.711471 
0.380045 -2.800000 -117.205450 
0.385046 -2.800000 -124.810267 
0.390046 -2.800000 -117.205450 
0.395047 -2.800000 -122.909063 
0.400047 -2.800000 -121.007858 
0.405047 -2.800000 -117.205450 
0.410047 -2.800000 -119.106654 
0.415048 -2.800000 -124.810267 
0.420048 -2.800000 -122.909063 
0.425049 -2.800000 -124.810267 
0.430049 -2.800000 -126.711471 
0.435049 -2.800000 -115.304246 
0.440050 -2.800000 -117.205450 
0.445050 -2.800000 -109.600633 
0.450051 -2.800000 -117.205450 
0.455051 -2.800000 -122.909063 
0.460051 -2.800000 -121.007858 
0.465052 -2.800000 -122.909063 
0.470052 -2.800000 -117.205450 
0.475052 -2.800000 -122.909063 
0.480053 -2.800000 -113.403042 
0.485053 -2.800000 -113.403042 
0.490054 -2.800000 -117.205450 
0.495054 -2.800000 -113.403042 
0.500055 -2.800000 -117.205450 
0.505055 -2.800000 -109.600633 
0.510056 -2.800000 -121.007858 
0.515056 -2.800000 -117.205450 
0.520057 -2.800000 -119.106654 
0.525057 -2.800000 -117.205450 
0.530057 -2.800000 -111.501838 
0.535058 -2.800000 -107.699429 
0.540058 -2.800000 -109.600633 
0.545058 -2.800000 -113.403042 
0.550059 -2.800000 -115.304246 
0.555060 -2.800000 -109.600633 
0.560060 -2.800000 -117.205450 
0.565061 -2.800000 -103.897021 
0.570061 -2.800000 -107.699429 
0.575061 -2.800000 -105.798225 
0.580062 -2.800000 -109.600633 
0.585062 -2.800000 -109.600633 
0.590062 -2.800000 -115.304246 
0.595062 -2.800000 -103.897021 
0.600063 -2.800000 -109.600633 
0.605063 -2.800000 -111.501838 
0.610063 -2.800000 -109.600633 
0.615063 -2.800000 -111.501838 
0.620063 -2.800000 -113.403042 
0.625063 -2.800000 -103.897021 
0.630063 -2.800000 -107.699429 
0.635063 -2.800000 -105.798225 
0.640064 -2.800000 -105.798225 
0.645064 -2.800000 -111.501838 
0.650065 -2.800000 -105.798225 
0.655066 -2.800000 -113.403042 
0.660066 -2.800000 -101.995817 
0.665066 -2.800000 -107.699429 
0.670067 -2.800000 -105.798225 
0.675067 -2.800000 -103.897021 
0.680068 -2.800000 -111.501838 
0.685069 -2.800000 -103.897021 
0.690069 -2.800000 -105.798225 
0.695069 -2.800000 -105.798225 
0.700070 -2.800000 -109.600633 
0.705070 -2.800000 -105.798225 
0.710071 -2.800000 -111.501838 
0.715071 -2.800000 -111.501838 
0.720072 -2.800000 -105.798225 
0.725072 -2.800000 -101.995817 
0.730073 -2.800000 -103.897021 
0.735073 -2.800000 -105.798225 
0.740073 -2.800000 -96.292204 
0.745074 -2.800000 -100.094613 
0.750074 -2.800000 -96.292204 
0.755075 -2.800000 -107.699429 
0.760075 -2.800000 -105.798225 
0.765075 -2.800000 -96.292204 
0.770076 -2.800000 -96.292204 
0.775076 -2.800000 -103.897021 
0.780077 -2.800000 -96.292204 
0.785077 -2.800000 -107.699429 
0.790078 -2.800000 -103.897021 
0.795078 -2.800000 -96.292204 
0.800079 -2.800000 -103.897021 
0.805079 -2.800000 -98.193409 
0.810080 -2.800000 -100.094613 
0.815080 -2.800000 -94.391000 
0.820080 -2.800000 -105.798225 
0.825081 -2.800000 -96.292204 
0.830081 -2.800000 -100.094613 
0.835082 -2.800000 -107.699429 
0.840085 -2.800000 -96.292204 
0.845086 -2.800000 -98.193409 
0.850086 -2.800000 -100.094613 
0.855086 -2.800000 -107.699429 
0.860087 -2.800000 -109.600633 
0.865087 -2.800000 -94.391000 
0.870088 -2.800000 -105.798225 
0.875088 -2.800000 -94.391000 
0.880089 -2.800000 -103.897021 
0.885089 -2.800000 -92.489796 
0.890089 -2.800000 -96.292204 
0.895090 -2.800000 -100.094613 
0.900090 -2.800000 -94.391000 
0.905090 -2.800000 -94.391000 
0.910091 -2.800000 -94.391000 
0.915091 -2.800000 -100.094613 
0.920092 -2.800000 -94.391000 
0.925092 -2.800000 -92.489796 
0.930093 -2.800000 -94.391000 
0.935094 -2.800000 -94.391000 
0.940094 -2.800000 -105.798225 
0.945094 -2.800000 -100.094613 
0.950095 -2.800000 -94.391000 
0.955095 -2.800000 -94.391000 
0.960096 -2.800000 -105.798225 
0.965096 -2.800000 -98.193409 
0.970096 -2.800000 -96.292204 
0.975097 -2.800000 -96.292204 
0.980097 -2.800000 -105.798225 
0.985098 -2.800000 -105.798225 
0.990099 -2.800000 -94.391000 
0.995099 -2.800000 -100.094613 
