0.000000 -4.300000 0.334758 
0.005001 -4.300000 6.038371 
0.010001 -4.300000 2.235963 
0.015001 -4.300000 2.235963 
0.020001 -4.300000 -1.566446 
0.025001 -4.300000 -22.479691 
0.030001 -4.300000 -35.788120 
0.035001 -4.300000 -66.207387 
0.040002 -4.300000 -89.021837 
0.045002 -4.300000 -106.132674 
0.050002 -4.300000 -130.848328 
0.055002 -4.300000 -136.551940 
0.060002 -4.300000 -144.156757 
0.065002 -4.300000 -138.453145 
0.070002 -4.300000 -142.255553 
0.075003 -4.300000 -146.057961 
0.080003 -4.300000 -142.255553 
0.085003 -4.300000 -153.662778 
0.090003 -4.300000 -165.070003 
0.095004 -4.300000 -168.872411 
0.100004 -4.300000 -166.971207 
0.105004 -4.300000 -174.576023 
0.110004 -4.300000 -174.576023 
0.115004 -4.300000 -170.773615 
0.120004 -4.300000 -180.279636 
0.125004 -4.300000 -172.674819 
0.130005 -4.300000 -174.576023 
0.135005 -4.300000 -170.773615 
0.140005 -4.300000 -180.279636 
0.145005 -4.300000 -178.378432 
0.150005 -4.300000 -187.884453 
0.155005 -4.300000 -180.279636 
0.160005 -4.300000 -187.884453 
0.165005 -4.300000 -185.983248 
0.170006 -4.300000 -180.279636 
0.175006 -4.300000 -184.082044 
0.180006 -4.300000 -184.082044 
0.185006 -4.300000 -172.674819 
0.190006 -4.300000 -185.983248 
0.195007 -4.300000 -185.983248 
0.200007 -4.300000 -193.588065 
0.205007 -4.300000 -189.785657 
0.210007 -4.300000 -185.983248 
0.215007 -4.300000 -187.884453 
0.220007 -4.300000 -180.279636 
0.225007 -4.300000 -172.674819 
0.230008 -4.300000 -178.378432 
0.235008 -4.300000 -182.180840 
0.240008 -4.300000 -185.983248 
0.245008 -4.300000 -182.180840 
0.250008 -4.300000 -191.686861 
0.255008 -4.300000 -182.180840 
0.260008 -4.300000 -180.279636 
0.265009 -4.300000 -180.279636 
0.270009 -4.300000 -180.279636 
0.275009 -4.300000 -182.180840 
0.280009 -4.300000 -185.983248 
0.285010 -4.300000 -184.082044 
0.290010 -4.300000 -180.279636 
0.295010 -4.300000 -178.378432 
0.300010 -4.300000 -184.082044 
0.305010 -4.300000 -187.884453 
0.310011 -4.300000 -182.180840 
0.315011 -4.300000 -182.180840 
0.320013 -4.300000 -174.576023 
0.325013 -4.300000 -180.279636 
0.330013 -4.300000 -185.983248 
0.335013 -4.300000 -189.785657 
0.340013 -4.300000 -180.279636 
0.345013 -4.300000 -180.279636 
0.350014 -4.300000 -174.576023 
0.355014 -4.300000 -176.477228 
0.360014 -4.300000 -182.180840 
0.365014 -4.300000 -176.477228 
0.370014 -4.300000 -180.279636 
0.375015 -4.300000 -176.477228 
0.380015 -4.300000 -176.477228 
0.385015 -4.300000 -180.279636 
0.390015 -4.300000 -176.477228 
0.395016 -4.300000 -178.378432 
0.400016 -4.300000 -172.674819 
0.405016 -4.300000 -168.872411 
0.410016 -4.300000 -174.576023 
0.415016 -4.300000 -172.674819 
0.420017 -4.300000 -178.378432 
0.425017 -4.300000 -180.279636 
0.430017 -4.300000 -176.477228 
0.435017 -4.300000 -172.674819 
0.440017 -4.300000 -165.070003 
0.445017 -4.300000 -168.872411 
0.450018 -4.300000 -168.872411 
0.455018 -4.300000 -182.180840 
0.460018 -4.300000 -176.477228 
0.465018 -4.300000 -174.576023 
0.470018 -4.300000 -168.872411 
0.475018 -4.300000 -172.674819 
0.480019 -4.300000 -170.773615 
0.485019 -4.300000 -176.477228 
0.490019 -4.300000 -174.576023 
0.495019 -4.300000 -170.773615 
0.500019 -4.300000 -174.576023 
0.505019 -4.300000 -170.773615 
0.510019 -4.300000 -168.872411 
0.515020 -4.300000 -178.378432 
0.520020 -4.300000 -168.872411 
0.525020 -4.300000 -174.576023 
0.530020 -4.300000 -172.674819 
0.535020 -4.300000 -163.168799 
0.540020 -4.300000 -168.872411 
0.545020 -4.300000 -174.576023 
0.550021 -4.300000 -168.872411 
0.555021 -4.300000 -174.576023 
0.560021 -4.300000 -168.872411 
0.565021 -4.300000 -172.674819 
0.570021 -4.300000 -170.773615 
0.575021 -4.300000 -170.773615 
0.580021 -4.300000 -176.477228 
0.585021 -4.300000 -170.773615 
0.590021 -4.300000 -161.267594 
0.595022 -4.300000 -165.070003 
0.600022 -4.300000 -170.773615 
0.605022 -4.300000 -168.872411 
0.610022 -4.300000 -172.674819 
0.615022 -4.300000 -174.576023 
0.620022 -4.300000 -166.971207 
0.625026 -4.300000 -170.773615 
0.630026 -4.300000 -165.070003 
0.635026 -4.300000 -174.576023 
0.640026 -4.300000 -165.070003 
0.645026 -4.300000 -166.971207 
0.650026 -4.300000 -166.971207 
0.655026 -4.300000 -168.872411 
0.660027 -4.300000 -163.168799 
0.665027 -4.300000 -165.070003 
0.670027 -4.300000 -170.773615 
0.675036 -4.300000 -168.872411 
0.680036 -4.300000 -170.773615 
0.685037 -4.300000 -165.070003 
0.690037 -4.300000 -165.070003 
0.695037 -4.300000 -174.576023 
0.700037 -4.300000 -166.971207 
0.705037 -4.300000 -168.872411 
0.710037 -4.300000 -168.872411 
0.715037 -4.300000 -172.674819 
0.720038 -4.300000 -163.168799 
0.725038 -4.300000 -159.366390 
0.730038 -4.300000 -165.070003 
0.735038 -4.300000 -172.674819 
0.740038 -4.300000 -170.773615 
0.745039 -4.300000 -168.872411 
0.750039 -4.300000 -172.674819 
0.755039 -4.300000 -157.465186 
0.760039 -4.300000 -165.070003 
0.765039 -4.300000 -174.576023 
0.770039 -4.300000 -170.773615 
0.775039 -4.300000 -178.378432 
0.780039 -4.300000 -165.070003 
0.785039 -4.300000 -163.168799 
0.790039 -4.300000 -166.971207 
0.795040 -4.300000 -168.872411 
0.800040 -4.300000 -172.674819 
0.805040 -4.300000 -172.674819 
0.810040 -4.300000 -170.773615 
0.815040 -4.300000 -174.576023 
0.820040 -4.300000 -165.070003 
0.825040 -4.300000 -170.773615 
0.830040 -4.300000 -165.070003 
0.835041 -4.300000 -172.674819 
0.840041 -4.300000 -178.378432 
0.845041 -4.300000 -168.872411 
0.850041 -4.300000 -166.971207 
0.855041 -4.300000 -168.872411 
0.860041 -4.300000 -165.070003 
0.865041 -4.300000 -178.378432 
0.870047 -4.300000 -174.576023 
0.875047 -4.300000 -166.971207 
0.880047 -4.300000 -170.773615 
0.885047 -4.300000 -165.070003 
0.890047 -4.300000 -174.576023 
0.895047 -4.300000 -168.872411 
0.900057 -4.300000 -174.576023 
0.905057 -4.300000 -174.576023 
0.910057 -4.300000 -174.576023 
0.915058 -4.300000 -172.674819 
0.920059 -4.300000 -178.378432 
0.925059 -4.300000 -170.773615 
0.930059 -4.300000 -178.378432 
0.935059 -4.300000 -178.378432 
0.940059 -4.300000 -172.674819 
0.945060 -4.300000 -168.872411 
0.950060 -4.300000 -170.773615 
0.955060 -4.300000 -182.180840 
0.960063 -4.300000 -180.279636 
0.965063 -4.300000 -182.180840 
0.970063 -4.300000 -178.378432 
0.975063 -4.300000 -176.477228 
0.980063 -4.300000 -174.576023 
0.985064 -4.300000 -180.279636 
0.990064 -4.300000 -178.378432 
0.995064 -4.300000 -187.884453 
