0.000001 -3.200000 3.613881 
0.005001 -3.200000 3.613881 
0.010001 -3.200000 -3.990935 
0.015001 -3.200000 3.613881 
0.020001 -3.200000 -15.398160 
0.025002 -3.200000 -21.101773 
0.030002 -3.200000 -38.212610 
0.035002 -3.200000 -59.125856 
0.040002 -3.200000 -68.631876 
0.045002 -3.200000 -89.545122 
0.050003 -3.200000 -100.952347 
0.055007 -3.200000 -100.952347 
0.060007 -3.200000 -100.952347 
0.065007 -3.200000 -108.557164 
0.070007 -3.200000 -106.655960 
0.075007 -3.200000 -110.458368 
0.080008 -3.200000 -114.260776 
0.085008 -3.200000 -112.359572 
0.090008 -3.200000 -127.569205 
0.095008 -3.200000 -125.668001 
0.100008 -3.200000 -129.470409 
0.105008 -3.200000 -129.470409 
0.110008 -3.200000 -127.569205 
0.115009 -3.200000 -131.371613 
0.120009 -3.200000 -137.075226 
0.125009 -3.200000 -135.174022 
0.130009 -3.200000 -140.877634 
0.135009 -3.200000 -135.174022 
0.140009 -3.200000 -144.680043 
0.145009 -3.200000 -142.778838 
0.150009 -3.200000 -142.778838 
0.155010 -3.200000 -148.482451 
0.160010 -3.200000 -146.581247 
0.165010 -3.200000 -142.778838 
0.170010 -3.200000 -146.581247 
0.175010 -3.200000 -144.680043 
0.180011 -3.200000 -144.680043 
0.185011 -3.200000 -148.482451 
0.190011 -3.200000 -146.581247 
0.195011 -3.200000 -150.383655 
0.200011 -3.200000 -148.482451 
0.205011 -3.200000 -148.482451 
0.210011 -3.200000 -146.581247 
0.215012 -3.200000 -144.680043 
0.220012 -3.200000 -140.877634 
0.225012 -3.200000 -144.680043 
0.230012 -3.200000 -150.383655 
0.235012 -3.200000 -148.482451 
0.240012 -3.200000 -152.284859 
0.245013 -3.200000 -146.581247 
0.250013 -3.200000 -150.383655 
0.255013 -3.200000 -146.581247 
0.260013 -3.200000 -146.581247 
0.265013 -3.200000 -148.482451 
0.270013 -3.200000 -150.383655 
0.275013 -3.200000 -146.581247 
0.280014 -3.200000 -140.877634 
0.285014 -3.200000 -150.383655 
0.290014 -3.200000 -142.778838 
0.295014 -3.200000 -150.383655 
0.300014 -3.200000 -148.482451 
0.305014 -3.200000 -146.581247 
0.310014 -3.200000 -140.877634 
0.315015 -3.200000 -148.482451 
0.320015 -3.200000 -135.174022 
0.325015 -3.200000 -140.877634 
0.330015 -3.200000 -142.778838 
0.335015 -3.200000 -146.581247 
0.340015 -3.200000 -152.284859 
0.345015 -3.200000 -140.877634 
0.350015 -3.200000 -148.482451 
0.355015 -3.200000 -146.581247 
0.360015 -3.200000 -135.174022 
0.365015 -3.200000 -148.482451 
0.370016 -3.200000 -142.778838 
0.375016 -3.200000 -144.680043 
0.380016 -3.200000 -142.778838 
0.385016 -3.200000 -135.174022 
0.390016 -3.200000 -144.680043 
0.395016 -3.200000 -137.075226 
0.400017 -3.200000 -137.075226 
0.405017 -3.200000 -144.680043 
0.410017 -3.200000 -146.581247 
0.415017 -3.200000 -137.075226 
0.420017 -3.200000 -138.976430 
0.425017 -3.200000 -135.174022 
0.430017 -3.200000 -140.877634 
0.435018 -3.200000 -138.976430 
0.440018 -3.200000 -140.877634 
0.445018 -3.200000 -137.075226 
0.450018 -3.200000 -137.075226 
0.455018 -3.200000 -140.877634 
0.460018 -3.200000 -133.272818 
0.465018 -3.200000 -140.877634 
0.470019 -3.200000 -129.470409 
0.475019 -3.200000 -137.075226 
0.480019 -3.200000 -135.174022 
0.485019 -3.200000 -135.174022 
0.490019 -3.200000 -137.075226 
0.495019 -3.200000 -129.470409 
0.500019 -3.200000 -137.075226 
0.505019 -3.200000 -129.470409 
0.510020 -3.200000 -133.272818 
0.515020 -3.200000 -138.976430 
0.520020 -3.200000 -129.470409 
0.525020 -3.200000 -135.174022 
0.530020 -3.200000 -133.272818 
0.535020 -3.200000 -129.470409 
0.540020 -3.200000 -127.569205 
0.545021 -3.200000 -135.174022 
0.550021 -3.200000 -121.865593 
0.555021 -3.200000 -131.371613 
0.560021 -3.200000 -131.371613 
0.565021 -3.200000 -127.569205 
0.570026 -3.200000 -135.174022 
0.575026 -3.200000 -131.371613 
0.580027 -3.200000 -129.470409 
0.585027 -3.200000 -129.470409 
0.590027 -3.200000 -127.569205 
0.595027 -3.200000 -121.865593 
0.600027 -3.200000 -133.272818 
0.605027 -3.200000 -123.766797 
0.610028 -3.200000 -129.470409 
0.615028 -3.200000 -129.470409 
0.620028 -3.200000 -127.569205 
0.625029 -3.200000 -131.371613 
0.630029 -3.200000 -121.865593 
0.635029 -3.200000 -133.272818 
0.640029 -3.200000 -125.668001 
0.645029 -3.200000 -125.668001 
0.650030 -3.200000 -125.668001 
0.655030 -3.200000 -133.272818 
0.660030 -3.200000 -121.865593 
0.665030 -3.200000 -131.371613 
0.670030 -3.200000 -123.766797 
0.675030 -3.200000 -125.668001 
0.680034 -3.200000 -123.766797 
0.685034 -3.200000 -131.371613 
0.690034 -3.200000 -127.569205 
0.695034 -3.200000 -131.371613 
0.700034 -3.200000 -121.865593 
0.705034 -3.200000 -129.470409 
0.710034 -3.200000 -123.766797 
0.715043 -3.200000 -127.569205 
0.720043 -3.200000 -119.964389 
0.725043 -3.200000 -125.668001 
0.730043 -3.200000 -119.964389 
0.735052 -3.200000 -123.766797 
0.740058 -3.200000 -121.865593 
0.745058 -3.200000 -131.371613 
0.750058 -3.200000 -123.766797 
0.755059 -3.200000 -123.766797 
0.760059 -3.200000 -121.865593 
0.765059 -3.200000 -119.964389 
0.770059 -3.200000 -127.569205 
0.775059 -3.200000 -127.569205 
0.780059 -3.200000 -125.668001 
0.785060 -3.200000 -123.766797 
0.790060 -3.200000 -123.766797 
0.795060 -3.200000 -119.964389 
0.800060 -3.200000 -123.766797 
0.805060 -3.200000 -123.766797 
0.810060 -3.200000 -123.766797 
0.815060 -3.200000 -119.964389 
0.820061 -3.200000 -125.668001 
0.825061 -3.200000 -121.865593 
0.830061 -3.200000 -127.569205 
0.835061 -3.200000 -123.766797 
0.840061 -3.200000 -123.766797 
0.845079 -3.200000 -125.668001 
0.850079 -3.200000 -123.766797 
0.855079 -3.200000 -123.766797 
0.860080 -3.200000 -119.964389 
0.865080 -3.200000 -127.569205 
0.870080 -3.200000 -127.569205 
0.875080 -3.200000 -123.766797 
0.880080 -3.200000 -129.470409 
0.885080 -3.200000 -116.161980 
0.890080 -3.200000 -121.865593 
0.895080 -3.200000 -127.569205 
0.900081 -3.200000 -123.766797 
0.905081 -3.200000 -127.569205 
0.910081 -3.200000 -121.865593 
0.915081 -3.200000 -119.964389 
0.920081 -3.200000 -125.668001 
0.925081 -3.200000 -127.569205 
0.930081 -3.200000 -123.766797 
0.935081 -3.200000 -118.063184 
0.940082 -3.200000 -123.766797 
0.945082 -3.200000 -121.865593 
0.950082 -3.200000 -118.063184 
0.955083 -3.200000 -123.766797 
0.960084 -3.200000 -123.766797 
0.965084 -3.200000 -129.470409 
0.970084 -3.200000 -121.865593 
0.975084 -3.200000 -121.865593 
0.980084 -3.200000 -123.766797 
0.985084 -3.200000 -121.865593 
0.990084 -3.200000 -123.766797 
0.995084 -3.200000 -119.964389 
