0.000001 -3.600000 -0.362153 
0.005001 -3.600000 7.242664 
0.010001 -3.600000 -0.362153 
0.015002 -3.600000 -4.164561 
0.020002 -3.600000 -4.164561 
0.025002 -3.600000 -21.275399 
0.030002 -3.600000 -28.880215 
0.035002 -3.600000 -44.089848 
0.040003 -3.600000 -57.398277 
0.045003 -3.600000 -80.212727 
0.050003 -3.600000 -97.323565 
0.055003 -3.600000 -114.434402 
0.060003 -3.600000 -120.138014 
0.065003 -3.600000 -123.940423 
0.070003 -3.600000 -120.138014 
0.075004 -3.600000 -125.841627 
0.080004 -3.600000 -120.138014 
0.085004 -3.600000 -129.644035 
0.090004 -3.600000 -131.545239 
0.095004 -3.600000 -142.952464 
0.100004 -3.600000 -142.952464 
0.105004 -3.600000 -144.853668 
0.110005 -3.600000 -146.754873 
0.115005 -3.600000 -146.754873 
0.120005 -3.600000 -144.853668 
0.125005 -3.600000 -152.458485 
0.130005 -3.600000 -152.458485 
0.135005 -3.600000 -158.162097 
0.140005 -3.600000 -150.557281 
0.145006 -3.600000 -158.162097 
0.150006 -3.600000 -156.260893 
0.155006 -3.600000 -158.162097 
0.160006 -3.600000 -163.865710 
0.165006 -3.600000 -156.260893 
0.170006 -3.600000 -158.162097 
0.175006 -3.600000 -158.162097 
0.180007 -3.600000 -161.964506 
0.185007 -3.600000 -163.865710 
0.190007 -3.600000 -167.668118 
0.195007 -3.600000 -163.865710 
0.200007 -3.600000 -161.964506 
0.205007 -3.600000 -158.162097 
0.210008 -3.600000 -161.964506 
0.215008 -3.600000 -158.162097 
0.220008 -3.600000 -156.260893 
0.225008 -3.600000 -161.964506 
0.230008 -3.600000 -161.964506 
0.235008 -3.600000 -165.766914 
0.240008 -3.600000 -161.964506 
0.245009 -3.600000 -163.865710 
0.250009 -3.600000 -158.162097 
0.255009 -3.600000 -161.964506 
0.260009 -3.600000 -163.865710 
0.265009 -3.600000 -156.260893 
0.270009 -3.600000 -163.865710 
0.275009 -3.600000 -154.359689 
0.280009 -3.600000 -169.569322 
0.285009 -3.600000 -163.865710 
0.290010 -3.600000 -160.063302 
0.295010 -3.600000 -165.766914 
0.300010 -3.600000 -158.162097 
0.305010 -3.600000 -152.458485 
0.310010 -3.600000 -158.162097 
0.315010 -3.600000 -158.162097 
0.320010 -3.600000 -160.063302 
0.325010 -3.600000 -158.162097 
0.330010 -3.600000 -165.766914 
0.335010 -3.600000 -160.063302 
0.340011 -3.600000 -154.359689 
0.345011 -3.600000 -160.063302 
0.350011 -3.600000 -158.162097 
0.355011 -3.600000 -163.865710 
0.360011 -3.600000 -161.964506 
0.365011 -3.600000 -154.359689 
0.370011 -3.600000 -160.063302 
0.375011 -3.600000 -152.458485 
0.380011 -3.600000 -158.162097 
0.385012 -3.600000 -163.865710 
0.390012 -3.600000 -154.359689 
0.395012 -3.600000 -158.162097 
0.400012 -3.600000 -158.162097 
0.405029 -3.600000 -154.359689 
0.410029 -3.600000 -152.458485 
0.415029 -3.600000 -152.458485 
0.420029 -3.600000 -156.260893 
0.425030 -3.600000 -150.557281 
0.430030 -3.600000 -152.458485 
0.435030 -3.600000 -148.656077 
0.440030 -3.600000 -142.952464 
0.445030 -3.600000 -152.458485 
0.450030 -3.600000 -158.162097 
0.455030 -3.600000 -156.260893 
0.460030 -3.600000 -154.359689 
0.465030 -3.600000 -150.557281 
0.470031 -3.600000 -142.952464 
0.475031 -3.600000 -144.853668 
0.480031 -3.600000 -152.458485 
0.485031 -3.600000 -154.359689 
0.490031 -3.600000 -152.458485 
0.495031 -3.600000 -148.656077 
0.500031 -3.600000 -150.557281 
0.505031 -3.600000 -144.853668 
0.510031 -3.600000 -144.853668 
0.515031 -3.600000 -142.952464 
0.520032 -3.600000 -152.458485 
0.525032 -3.600000 -142.952464 
0.530032 -3.600000 -148.656077 
0.535032 -3.600000 -154.359689 
0.540032 -3.600000 -148.656077 
0.545032 -3.600000 -152.458485 
0.550033 -3.600000 -141.051260 
0.555033 -3.600000 -142.952464 
0.560033 -3.600000 -141.051260 
0.565033 -3.600000 -146.754873 
0.570033 -3.600000 -144.853668 
0.575034 -3.600000 -141.051260 
0.580043 -3.600000 -148.656077 
0.585043 -3.600000 -137.248852 
0.590044 -3.600000 -142.952464 
0.595044 -3.600000 -146.754873 
0.600044 -3.600000 -142.952464 
0.605044 -3.600000 -139.150056 
0.610044 -3.600000 -142.952464 
0.615044 -3.600000 -142.952464 
0.620045 -3.600000 -144.853668 
0.625045 -3.600000 -141.051260 
0.630045 -3.600000 -142.952464 
0.635045 -3.600000 -148.656077 
0.640045 -3.600000 -142.952464 
0.645045 -3.600000 -139.150056 
0.650046 -3.600000 -137.248852 
0.655046 -3.600000 -142.952464 
0.660046 -3.600000 -144.853668 
0.665046 -3.600000 -148.656077 
0.670047 -3.600000 -142.952464 
0.675047 -3.600000 -141.051260 
0.680048 -3.600000 -142.952464 
0.685048 -3.600000 -146.754873 
0.690048 -3.600000 -139.150056 
0.695048 -3.600000 -139.150056 
0.700048 -3.600000 -142.952464 
0.705048 -3.600000 -141.051260 
0.710048 -3.600000 -137.248852 
0.715048 -3.600000 -141.051260 
0.720049 -3.600000 -146.754873 
0.725049 -3.600000 -141.051260 
0.730049 -3.600000 -133.446444 
0.735049 -3.600000 -142.952464 
0.740049 -3.600000 -135.347648 
0.745049 -3.600000 -141.051260 
0.750050 -3.600000 -142.952464 
0.755050 -3.600000 -137.248852 
0.760050 -3.600000 -139.150056 
0.765050 -3.600000 -137.248852 
0.770050 -3.600000 -144.853668 
0.775050 -3.600000 -142.952464 
0.780050 -3.600000 -139.150056 
0.785051 -3.600000 -142.952464 
0.790051 -3.600000 -135.347648 
0.795051 -3.600000 -144.853668 
0.800051 -3.600000 -148.656077 
0.805051 -3.600000 -144.853668 
0.810051 -3.600000 -141.051260 
0.815052 -3.600000 -139.150056 
0.820052 -3.600000 -137.248852 
0.825052 -3.600000 -142.952464 
0.830052 -3.600000 -135.347648 
0.835052 -3.600000 -137.248852 
0.840052 -3.600000 -139.150056 
0.845052 -3.600000 -133.446444 
0.850052 -3.600000 -139.150056 
0.855053 -3.600000 -131.545239 
0.860053 -3.600000 -135.347648 
0.865053 -3.600000 -141.051260 
0.870053 -3.600000 -142.952464 
0.875053 -3.600000 -144.853668 
0.880053 -3.600000 -139.150056 
0.885054 -3.600000 -142.952464 
0.890054 -3.600000 -142.952464 
0.895064 -3.600000 -137.248852 
0.900064 -3.600000 -146.754873 
0.905065 -3.600000 -135.347648 
0.910065 -3.600000 -144.853668 
0.915065 -3.600000 -142.952464 
0.920065 -3.600000 -139.150056 
0.925065 -3.600000 -142.952464 
0.930065 -3.600000 -141.051260 
0.935065 -3.600000 -139.150056 
0.940065 -3.600000 -142.952464 
0.945065 -3.600000 -144.853668 
0.950065 -3.600000 -142.952464 
0.955066 -3.600000 -141.051260 
0.960066 -3.600000 -142.952464 
0.965066 -3.600000 -144.853668 
0.970066 -3.600000 -142.952464 
0.975067 -3.600000 -142.952464 
0.980067 -3.600000 -146.754873 
0.985067 -3.600000 -144.853668 
0.990067 -3.600000 -146.754873 
0.995067 -3.600000 -142.952464 
