0.000001 -3.300000 0.269577 
0.005001 -3.300000 -7.335240 
0.010001 -3.300000 2.170781 
0.015001 -3.300000 -1.631627 
0.020001 -3.300000 -3.532832 
0.025001 -3.300000 -13.038852 
0.030001 -3.300000 -26.347281 
0.035002 -3.300000 -43.458119 
0.040002 -3.300000 -60.568956 
0.045002 -3.300000 -79.580998 
0.050002 -3.300000 -92.889427 
0.055002 -3.300000 -100.494243 
0.060003 -3.300000 -108.099060 
0.065003 -3.300000 -110.000264 
0.070003 -3.300000 -108.099060 
0.075003 -3.300000 -111.901468 
0.080004 -3.300000 -113.802672 
0.085004 -3.300000 -117.605081 
0.090004 -3.300000 -119.506285 
0.095004 -3.300000 -123.308693 
0.100004 -3.300000 -130.913510 
0.105005 -3.300000 -129.012306 
0.110005 -3.300000 -142.320735 
0.115005 -3.300000 -132.814714 
0.120005 -3.300000 -138.518326 
0.125005 -3.300000 -138.518326 
0.130005 -3.300000 -146.123143 
0.135006 -3.300000 -146.123143 
0.140006 -3.300000 -146.123143 
0.145006 -3.300000 -144.221939 
0.150006 -3.300000 -144.221939 
0.155006 -3.300000 -151.826755 
0.160006 -3.300000 -155.629164 
0.165006 -3.300000 -155.629164 
0.170006 -3.300000 -148.024347 
0.175006 -3.300000 -151.826755 
0.180007 -3.300000 -148.024347 
0.185007 -3.300000 -144.221939 
0.190007 -3.300000 -149.925551 
0.195007 -3.300000 -151.826755 
0.200007 -3.300000 -159.431572 
0.205007 -3.300000 -161.332776 
0.210007 -3.300000 -161.332776 
0.215007 -3.300000 -155.629164 
0.220007 -3.300000 -151.826755 
0.225008 -3.300000 -148.024347 
0.230008 -3.300000 -151.826755 
0.235008 -3.300000 -151.826755 
0.240008 -3.300000 -157.530368 
0.245008 -3.300000 -153.727960 
0.250008 -3.300000 -159.431572 
0.255008 -3.300000 -161.332776 
0.260009 -3.300000 -151.826755 
0.265009 -3.300000 -151.826755 
0.270009 -3.300000 -151.826755 
0.275009 -3.300000 -157.530368 
0.280009 -3.300000 -157.530368 
0.285009 -3.300000 -146.123143 
0.290009 -3.300000 -151.826755 
0.295009 -3.300000 -151.826755 
0.300010 -3.300000 -149.925551 
0.305010 -3.300000 -157.530368 
0.310010 -3.300000 -155.629164 
0.315010 -3.300000 -153.727960 
0.320011 -3.300000 -149.925551 
0.325011 -3.300000 -151.826755 
0.330011 -3.300000 -140.419530 
0.335011 -3.300000 -144.221939 
0.340011 -3.300000 -146.123143 
0.345011 -3.300000 -144.221939 
0.350012 -3.300000 -155.629164 
0.355012 -3.300000 -146.123143 
0.360012 -3.300000 -153.727960 
0.365012 -3.300000 -146.123143 
0.370012 -3.300000 -148.024347 
0.375012 -3.300000 -151.826755 
0.380012 -3.300000 -142.320735 
0.385012 -3.300000 -149.925551 
0.390013 -3.300000 -146.123143 
0.395013 -3.300000 -146.123143 
0.400013 -3.300000 -144.221939 
0.405013 -3.300000 -149.925551 
0.410013 -3.300000 -144.221939 
0.415013 -3.300000 -146.123143 
0.420013 -3.300000 -151.826755 
0.425013 -3.300000 -144.221939 
0.430013 -3.300000 -144.221939 
0.435014 -3.300000 -138.518326 
0.440014 -3.300000 -148.024347 
0.445014 -3.300000 -140.419530 
0.450014 -3.300000 -144.221939 
0.455014 -3.300000 -138.518326 
0.460014 -3.300000 -142.320735 
0.465014 -3.300000 -146.123143 
0.470015 -3.300000 -136.617122 
0.475015 -3.300000 -140.419530 
0.480015 -3.300000 -138.518326 
0.485015 -3.300000 -140.419530 
0.490015 -3.300000 -140.419530 
0.495015 -3.300000 -146.123143 
0.500015 -3.300000 -136.617122 
0.505015 -3.300000 -138.518326 
0.510015 -3.300000 -136.617122 
0.515015 -3.300000 -138.518326 
0.520016 -3.300000 -138.518326 
0.525016 -3.300000 -138.518326 
0.530016 -3.300000 -144.221939 
0.535016 -3.300000 -136.617122 
0.540016 -3.300000 -142.320735 
0.545016 -3.300000 -132.814714 
0.550016 -3.300000 -130.913510 
0.555016 -3.300000 -140.419530 
0.560016 -3.300000 -132.814714 
0.565017 -3.300000 -130.913510 
0.570017 -3.300000 -136.617122 
0.575017 -3.300000 -140.419530 
0.580017 -3.300000 -140.419530 
0.585017 -3.300000 -134.715918 
0.590017 -3.300000 -132.814714 
0.595017 -3.300000 -127.111101 
0.600017 -3.300000 -130.913510 
0.605017 -3.300000 -134.715918 
0.610018 -3.300000 -136.617122 
0.615018 -3.300000 -134.715918 
0.620018 -3.300000 -138.518326 
0.625018 -3.300000 -140.419530 
0.630018 -3.300000 -127.111101 
0.635018 -3.300000 -132.814714 
0.640019 -3.300000 -130.913510 
0.645019 -3.300000 -132.814714 
0.650019 -3.300000 -132.814714 
0.655019 -3.300000 -138.518326 
0.660019 -3.300000 -138.518326 
0.665019 -3.300000 -130.913510 
0.670019 -3.300000 -130.913510 
0.675019 -3.300000 -130.913510 
0.680019 -3.300000 -132.814714 
0.685028 -3.300000 -136.617122 
0.690028 -3.300000 -130.913510 
0.695029 -3.300000 -138.518326 
0.700029 -3.300000 -129.012306 
0.705029 -3.300000 -132.814714 
0.710029 -3.300000 -129.012306 
0.715029 -3.300000 -130.913510 
0.720029 -3.300000 -127.111101 
0.725029 -3.300000 -129.012306 
0.730029 -3.300000 -134.715918 
0.735030 -3.300000 -132.814714 
0.740030 -3.300000 -134.715918 
0.745030 -3.300000 -129.012306 
0.750030 -3.300000 -130.913510 
0.755030 -3.300000 -129.012306 
0.760031 -3.300000 -125.209897 
0.765031 -3.300000 -130.913510 
0.770042 -3.300000 -129.012306 
0.775042 -3.300000 -132.814714 
0.780042 -3.300000 -129.012306 
0.785042 -3.300000 -134.715918 
0.790042 -3.300000 -129.012306 
0.795042 -3.300000 -127.111101 
0.800042 -3.300000 -134.715918 
0.805043 -3.300000 -130.913510 
0.810043 -3.300000 -130.913510 
0.815043 -3.300000 -134.715918 
0.820043 -3.300000 -129.012306 
0.825043 -3.300000 -132.814714 
0.830043 -3.300000 -130.913510 
0.835043 -3.300000 -130.913510 
0.840043 -3.300000 -136.617122 
0.845044 -3.300000 -123.308693 
0.850044 -3.300000 -127.111101 
0.855044 -3.300000 -121.407489 
0.860044 -3.300000 -129.012306 
0.865044 -3.300000 -132.814714 
0.870044 -3.300000 -127.111101 
0.875044 -3.300000 -136.617122 
0.880044 -3.300000 -123.308693 
0.885045 -3.300000 -125.209897 
0.890045 -3.300000 -129.012306 
0.895045 -3.300000 -125.209897 
0.900045 -3.300000 -125.209897 
0.905045 -3.300000 -136.617122 
0.910045 -3.300000 -130.913510 
0.915045 -3.300000 -129.012306 
0.920045 -3.300000 -127.111101 
0.925045 -3.300000 -129.012306 
0.930045 -3.300000 -123.308693 
0.935046 -3.300000 -123.308693 
0.940046 -3.300000 -132.814714 
0.945046 -3.300000 -125.209897 
0.950046 -3.300000 -127.111101 
0.955046 -3.300000 -125.209897 
0.960047 -3.300000 -132.814714 
0.965047 -3.300000 -132.814714 
0.970055 -3.300000 -132.814714 
0.975055 -3.300000 -127.111101 
0.980056 -3.300000 -121.407489 
0.985056 -3.300000 -130.913510 
0.990056 -3.300000 -129.012306 
0.995056 -3.300000 -138.518326 
