0.000000 -0.300000 -3.348109 
0.005001 -0.300000 0.454299 
0.010001 -0.300000 0.454299 
0.015001 -0.300000 -3.348109 
0.020001 -0.300000 -9.051722 
0.025001 -0.300000 0.454299 
0.030002 -0.300000 -7.150518 
0.035002 -0.300000 -3.348109 
0.040002 -0.300000 -1.446905 
0.045002 -0.300000 2.355503 
0.050002 -0.300000 -1.446905 
0.055002 -0.300000 -3.348109 
0.060006 -0.300000 -9.051722 
0.065007 -0.300000 -9.051722 
0.070009 -0.300000 2.355503 
0.075009 -0.300000 -7.150518 
0.080009 -0.300000 -7.150518 
0.085010 -0.300000 -3.348109 
0.090010 -0.300000 0.454299 
0.095010 -0.300000 -7.150518 
0.100010 -0.300000 0.454299 
0.105010 -0.300000 -7.150518 
0.110010 -0.300000 0.454299 
0.115011 -0.300000 -1.446905 
0.120011 -0.300000 -7.150518 
0.125011 -0.300000 0.454299 
0.130019 -0.300000 -7.150518 
0.135019 -0.300000 -3.348109 
0.140029 -0.300000 0.454299 
0.145029 -0.300000 -3.348109 
0.150030 -0.300000 -7.150518 
0.155030 -0.300000 -1.446905 
0.160030 -0.300000 0.454299 
0.165030 -0.300000 -9.051722 
0.170030 -0.300000 -7.150518 
0.175031 -0.300000 -1.446905 
0.180031 -0.300000 2.355503 
0.185031 -0.300000 2.355503 
0.190031 -0.300000 -5.249313 
0.195031 -0.300000 -7.150518 
0.200032 -0.300000 -7.150518 
0.205032 -0.300000 -3.348109 
0.210032 -0.300000 0.454299 
0.215032 -0.300000 -1.446905 
0.220032 -0.300000 -1.446905 
0.225033 -0.300000 -3.348109 
0.230033 -0.300000 2.355503 
0.235033 -0.300000 2.355503 
0.240033 -0.300000 2.355503 
0.245033 -0.300000 -1.446905 
0.250034 -0.300000 -5.249313 
0.255034 -0.300000 0.454299 
0.260034 -0.300000 -3.348109 
0.265034 -0.300000 -3.348109 
0.270034 -0.300000 -1.446905 
0.275035 -0.300000 -9.051722 
0.280035 -0.300000 0.454299 
0.285035 -0.300000 -9.051722 
0.290035 -0.300000 -5.249313 
0.295035 -0.300000 -3.348109 
0.300035 -0.300000 -1.446905 
0.305036 -0.300000 -7.150518 
0.310036 -0.300000 -1.446905 
0.315036 -0.300000 2.355503 
0.320036 -0.300000 -9.051722 
0.325037 -0.300000 -1.446905 
0.330045 -0.300000 -7.150518 
0.335045 -0.300000 -3.348109 
0.340045 -0.300000 -1.446905 
0.345046 -0.300000 -1.446905 
0.350046 -0.300000 -3.348109 
0.355046 -0.300000 -3.348109 
0.360046 -0.300000 2.355503 
0.365046 -0.300000 -1.446905 
0.370047 -0.300000 0.454299 
0.375047 -0.300000 -3.348109 
0.380047 -0.300000 -1.446905 
0.385047 -0.300000 -1.446905 
0.390047 -0.300000 -5.249313 
0.395048 -0.300000 -3.348109 
0.400048 -0.300000 0.454299 
0.405048 -0.300000 -1.446905 
0.410049 -0.300000 -3.348109 
0.415049 -0.300000 -7.150518 
0.420049 -0.300000 -9.051722 
0.425049 -0.300000 -3.348109 
0.430050 -0.300000 -9.051722 
0.435050 -0.300000 -3.348109 
0.440050 -0.300000 -5.249313 
0.445051 -0.300000 -9.051722 
0.450051 -0.300000 0.454299 
0.455051 -0.300000 -7.150518 
0.460051 -0.300000 -7.150518 
0.465051 -0.300000 0.454299 
0.470051 -0.300000 -3.348109 
0.475052 -0.300000 -7.150518 
0.480052 -0.300000 2.355503 
0.485052 -0.300000 -3.348109 
0.490052 -0.300000 -3.348109 
0.495052 -0.300000 -9.051722 
0.500053 -0.300000 0.454299 
0.505053 -0.300000 -3.348109 
0.510053 -0.300000 -7.150518 
0.515060 -0.300000 -9.051722 
0.520060 -0.300000 -3.348109 
0.525060 -0.300000 -3.348109 
0.530060 -0.300000 -1.446905 
0.535060 -0.300000 -1.446905 
0.540060 -0.300000 -7.150518 
0.545061 -0.300000 0.454299 
0.550061 -0.300000 -3.348109 
0.555061 -0.300000 -5.249313 
0.560061 -0.300000 -1.446905 
0.565061 -0.300000 -7.150518 
0.570061 -0.300000 -1.446905 
0.575061 -0.300000 -3.348109 
0.580061 -0.300000 -9.051722 
0.585062 -0.300000 2.355503 
0.590062 -0.300000 -3.348109 
0.595062 -0.300000 2.355503 
0.600062 -0.300000 -1.446905 
0.605062 -0.300000 0.454299 
0.610062 -0.300000 -7.150518 
0.615062 -0.300000 0.454299 
0.620063 -0.300000 -3.348109 
0.625063 -0.300000 -5.249313 
0.630063 -0.300000 -3.348109 
0.635063 -0.300000 0.454299 
0.640064 -0.300000 0.454299 
0.645064 -0.300000 0.454299 
0.650064 -0.300000 -1.446905 
0.655064 -0.300000 -3.348109 
0.660064 -0.300000 -3.348109 
0.665065 -0.300000 -1.446905 
0.670065 -0.300000 -1.446905 
0.675065 -0.300000 -7.150518 
0.680065 -0.300000 -3.348109 
0.685065 -0.300000 -3.348109 
0.690065 -0.300000 -3.348109 
0.695065 -0.300000 -1.446905 
0.700083 -0.300000 -1.446905 
0.705094 -0.300000 -3.348109 
0.710094 -0.300000 -1.446905 
0.715095 -0.300000 0.454299 
0.720095 -0.300000 -3.348109 
0.725095 -0.300000 2.355503 
0.730096 -0.300000 -5.249313 
0.735096 -0.300000 -9.051722 
0.740096 -0.300000 -7.150518 
0.745096 -0.300000 0.454299 
0.750096 -0.300000 -7.150518 
0.755096 -0.300000 -3.348109 
0.760103 -0.300000 -7.150518 
0.765103 -0.300000 -1.446905 
0.770103 -0.300000 -1.446905 
0.775103 -0.300000 -1.446905 
0.780104 -0.300000 -7.150518 
0.785104 -0.300000 -3.348109 
0.790104 -0.300000 -7.150518 
0.795104 -0.300000 -3.348109 
0.800104 -0.300000 -1.446905 
0.805104 -0.300000 0.454299 
0.810105 -0.300000 -7.150518 
0.815105 -0.300000 -1.446905 
0.820105 -0.300000 0.454299 
0.825105 -0.300000 -7.150518 
0.830122 -0.300000 -7.150518 
0.835122 -0.300000 -7.150518 
0.840122 -0.300000 -3.348109 
0.845123 -0.300000 -1.446905 
0.850123 -0.300000 0.454299 
0.855123 -0.300000 -7.150518 
0.860123 -0.300000 -3.348109 
0.865123 -0.300000 -1.446905 
0.870123 -0.300000 -3.348109 
0.875123 -0.300000 -1.446905 
0.880123 -0.300000 0.454299 
0.885123 -0.300000 -7.150518 
0.890124 -0.300000 -1.446905 
0.895124 -0.300000 -3.348109 
0.900124 -0.300000 0.454299 
0.905124 -0.300000 -3.348109 
0.910124 -0.300000 -3.348109 
0.915124 -0.300000 -3.348109 
0.920124 -0.300000 -3.348109 
0.925124 -0.300000 -1.446905 
0.930125 -0.300000 -1.446905 
0.935125 -0.300000 2.355503 
0.940125 -0.300000 -3.348109 
0.945125 -0.300000 -3.348109 
0.950125 -0.300000 -9.051722 
0.955125 -0.300000 -3.348109 
0.960125 -0.300000 -7.150518 
0.965126 -0.300000 2.355503 
0.970126 -0.300000 -5.249313 
0.975126 -0.300000 -3.348109 
0.980126 -0.300000 -1.446905 
0.985126 -0.300000 -3.348109 
0.990126 -0.300000 -3.348109 
0.995126 -0.300000 -7.150518 
