0.000001 -1.000000 -5.906549 
0.005001 -1.000000 -5.906549 
0.010001 -1.000000 1.698268 
0.015001 -1.000000 -0.202936 
0.020001 -1.000000 1.698268 
0.025001 -1.000000 -2.104140 
0.030001 -1.000000 -7.807753 
0.035001 -1.000000 -2.104140 
0.040002 -1.000000 -7.807753 
0.045002 -1.000000 -2.104140 
0.050002 -1.000000 -13.511365 
0.055002 -1.000000 -11.610161 
0.060002 -1.000000 -23.017386 
0.065002 -1.000000 -32.523407 
0.070003 -1.000000 -38.227019 
0.075003 -1.000000 -40.128223 
0.080003 -1.000000 -45.831836 
0.085003 -1.000000 -36.325815 
0.090003 -1.000000 -40.128223 
0.095004 -1.000000 -42.029428 
0.100004 -1.000000 -36.325815 
0.105004 -1.000000 -43.930632 
0.110004 -1.000000 -38.227019 
0.115004 -1.000000 -36.325815 
0.120004 -1.000000 -40.128223 
0.125005 -1.000000 -38.227019 
0.130005 -1.000000 -47.733040 
0.135005 -1.000000 -51.535448 
0.140005 -1.000000 -55.337857 
0.145005 -1.000000 -45.831836 
0.150005 -1.000000 -51.535448 
0.155005 -1.000000 -47.733040 
0.160006 -1.000000 -49.634244 
0.165006 -1.000000 -51.535448 
0.170006 -1.000000 -43.930632 
0.175006 -1.000000 -53.436652 
0.180006 -1.000000 -42.029428 
0.185007 -1.000000 -53.436652 
0.190007 -1.000000 -47.733040 
0.195007 -1.000000 -51.535448 
0.200007 -1.000000 -57.239061 
0.205007 -1.000000 -51.535448 
0.210007 -1.000000 -57.239061 
0.215007 -1.000000 -59.140265 
0.220008 -1.000000 -49.634244 
0.225008 -1.000000 -53.436652 
0.230008 -1.000000 -51.535448 
0.235008 -1.000000 -51.535448 
0.240008 -1.000000 -51.535448 
0.245008 -1.000000 -49.634244 
0.250008 -1.000000 -47.733040 
0.255008 -1.000000 -53.436652 
0.260009 -1.000000 -57.239061 
0.265009 -1.000000 -57.239061 
0.270009 -1.000000 -59.140265 
0.275009 -1.000000 -51.535448 
0.280009 -1.000000 -59.140265 
0.285009 -1.000000 -53.436652 
0.290009 -1.000000 -57.239061 
0.295010 -1.000000 -51.535448 
0.300010 -1.000000 -53.436652 
0.305010 -1.000000 -53.436652 
0.310010 -1.000000 -51.535448 
0.315010 -1.000000 -53.436652 
0.320010 -1.000000 -53.436652 
0.325010 -1.000000 -53.436652 
0.330011 -1.000000 -57.239061 
0.335011 -1.000000 -47.733040 
0.340011 -1.000000 -55.337857 
0.345011 -1.000000 -49.634244 
0.350011 -1.000000 -57.239061 
0.355011 -1.000000 -49.634244 
0.360011 -1.000000 -51.535448 
0.365012 -1.000000 -51.535448 
0.370012 -1.000000 -45.831836 
0.375012 -1.000000 -55.337857 
0.380012 -1.000000 -49.634244 
0.385013 -1.000000 -53.436652 
0.390013 -1.000000 -45.831836 
0.395013 -1.000000 -49.634244 
0.400027 -1.000000 -45.831836 
0.405028 -1.000000 -57.239061 
0.410028 -1.000000 -57.239061 
0.415028 -1.000000 -51.535448 
0.420028 -1.000000 -51.535448 
0.425028 -1.000000 -51.535448 
0.430028 -1.000000 -45.831836 
0.435028 -1.000000 -55.337857 
0.440028 -1.000000 -45.831836 
0.445028 -1.000000 -49.634244 
0.450029 -1.000000 -49.634244 
0.455029 -1.000000 -47.733040 
0.460029 -1.000000 -45.831836 
0.465029 -1.000000 -51.535448 
0.470029 -1.000000 -45.831836 
0.475029 -1.000000 -51.535448 
0.480029 -1.000000 -47.733040 
0.485030 -1.000000 -42.029428 
0.490030 -1.000000 -49.634244 
0.495030 -1.000000 -47.733040 
0.500030 -1.000000 -49.634244 
0.505030 -1.000000 -53.436652 
0.510030 -1.000000 -40.128223 
0.515030 -1.000000 -49.634244 
0.520031 -1.000000 -43.930632 
0.525031 -1.000000 -42.029428 
0.530031 -1.000000 -43.930632 
0.535031 -1.000000 -40.128223 
0.540031 -1.000000 -49.634244 
0.545031 -1.000000 -40.128223 
0.550031 -1.000000 -42.029428 
0.555032 -1.000000 -43.930632 
0.560032 -1.000000 -42.029428 
0.565032 -1.000000 -47.733040 
0.570032 -1.000000 -40.128223 
0.575032 -1.000000 -49.634244 
0.580032 -1.000000 -43.930632 
0.585032 -1.000000 -43.930632 
0.590032 -1.000000 -47.733040 
0.595033 -1.000000 -40.128223 
0.600033 -1.000000 -42.029428 
0.605033 -1.000000 -42.029428 
0.610033 -1.000000 -36.325815 
0.615033 -1.000000 -42.029428 
0.620033 -1.000000 -42.029428 
0.625033 -1.000000 -42.029428 
0.630034 -1.000000 -43.930632 
0.635034 -1.000000 -40.128223 
0.640034 -1.000000 -45.831836 
0.645034 -1.000000 -45.831836 
0.650034 -1.000000 -42.029428 
0.655034 -1.000000 -40.128223 
0.660034 -1.000000 -42.029428 
0.665034 -1.000000 -43.930632 
0.670034 -1.000000 -45.831836 
0.675035 -1.000000 -40.128223 
0.680035 -1.000000 -42.029428 
0.685035 -1.000000 -40.128223 
0.690035 -1.000000 -32.523407 
0.695035 -1.000000 -40.128223 
0.700035 -1.000000 -42.029428 
0.705035 -1.000000 -32.523407 
0.710035 -1.000000 -36.325815 
0.715035 -1.000000 -36.325815 
0.720036 -1.000000 -38.227019 
0.725036 -1.000000 -38.227019 
0.730036 -1.000000 -40.128223 
0.735036 -1.000000 -36.325815 
0.740036 -1.000000 -40.128223 
0.745036 -1.000000 -36.325815 
0.750036 -1.000000 -36.325815 
0.755036 -1.000000 -32.523407 
0.760037 -1.000000 -38.227019 
0.765037 -1.000000 -42.029428 
0.770037 -1.000000 -36.325815 
0.775037 -1.000000 -36.325815 
0.780037 -1.000000 -34.424611 
0.785037 -1.000000 -38.227019 
0.790037 -1.000000 -36.325815 
0.795037 -1.000000 -34.424611 
0.800037 -1.000000 -40.128223 
0.805037 -1.000000 -32.523407 
0.810037 -1.000000 -36.325815 
0.815038 -1.000000 -32.523407 
0.820038 -1.000000 -38.227019 
0.825038 -1.000000 -34.424611 
0.830038 -1.000000 -30.622203 
0.835038 -1.000000 -36.325815 
0.840038 -1.000000 -30.622203 
0.845038 -1.000000 -36.325815 
0.850039 -1.000000 -40.128223 
0.855039 -1.000000 -36.325815 
0.860039 -1.000000 -42.029428 
0.865039 -1.000000 -32.523407 
0.870039 -1.000000 -38.227019 
0.875039 -1.000000 -30.622203 
0.880039 -1.000000 -32.523407 
0.885039 -1.000000 -30.622203 
0.890040 -1.000000 -38.227019 
0.895040 -1.000000 -32.523407 
0.900040 -1.000000 -40.128223 
0.905040 -1.000000 -28.720998 
0.910040 -1.000000 -32.523407 
0.915040 -1.000000 -36.325815 
0.920040 -1.000000 -28.720998 
0.925040 -1.000000 -24.918590 
0.930041 -1.000000 -30.622203 
0.935056 -1.000000 -30.622203 
0.940057 -1.000000 -30.622203 
0.945057 -1.000000 -34.424611 
0.950057 -1.000000 -28.720998 
0.955057 -1.000000 -30.622203 
0.960057 -1.000000 -26.819794 
0.965057 -1.000000 -36.325815 
0.970057 -1.000000 -32.523407 
0.975058 -1.000000 -30.622203 
0.980058 -1.000000 -28.720998 
0.985058 -1.000000 -40.128223 
0.990058 -1.000000 -30.622203 
0.995058 -1.000000 -32.523407 
