0.000001 -4.100000 3.939082 
0.005002 -4.100000 3.939082 
0.010002 -4.100000 0.136673 
0.015002 -4.100000 -3.665735 
0.020002 -4.100000 -5.566939 
0.025002 -4.100000 -18.875368 
0.030002 -4.100000 -26.480185 
0.035003 -4.100000 -53.097043 
0.040003 -4.100000 -75.911493 
0.045003 -4.100000 -104.429555 
0.050003 -4.100000 -121.540392 
0.055003 -4.100000 -127.244005 
0.060004 -4.100000 -140.552434 
0.065004 -4.100000 -129.145209 
0.070004 -4.100000 -129.145209 
0.075004 -4.100000 -132.947617 
0.080004 -4.100000 -142.453638 
0.085004 -4.100000 -144.354842 
0.090012 -4.100000 -151.959659 
0.095012 -4.100000 -155.762067 
0.100012 -4.100000 -161.465680 
0.105012 -4.100000 -161.465680 
0.110013 -4.100000 -161.465680 
0.115013 -4.100000 -165.268088 
0.120013 -4.100000 -169.070496 
0.125013 -4.100000 -163.366884 
0.130013 -4.100000 -170.971700 
0.135013 -4.100000 -163.366884 
0.140014 -4.100000 -170.971700 
0.145014 -4.100000 -169.070496 
0.150014 -4.100000 -172.872904 
0.155014 -4.100000 -170.971700 
0.160014 -4.100000 -182.378925 
0.165014 -4.100000 -176.675313 
0.170015 -4.100000 -178.576517 
0.175015 -4.100000 -176.675313 
0.180015 -4.100000 -169.070496 
0.185015 -4.100000 -176.675313 
0.190015 -4.100000 -167.169292 
0.195015 -4.100000 -172.872904 
0.200019 -4.100000 -178.576517 
0.205020 -4.100000 -178.576517 
0.210020 -4.100000 -176.675313 
0.215020 -4.100000 -178.576517 
0.220020 -4.100000 -172.872904 
0.225020 -4.100000 -172.872904 
0.230021 -4.100000 -169.070496 
0.235021 -4.100000 -170.971700 
0.240021 -4.100000 -174.774109 
0.245021 -4.100000 -184.280129 
0.250021 -4.100000 -174.774109 
0.255022 -4.100000 -186.181333 
0.260022 -4.100000 -178.576517 
0.265022 -4.100000 -180.477721 
0.270022 -4.100000 -170.971700 
0.275022 -4.100000 -167.169292 
0.280022 -4.100000 -178.576517 
0.285024 -4.100000 -178.576517 
0.290024 -4.100000 -172.872904 
0.295024 -4.100000 -174.774109 
0.300024 -4.100000 -172.872904 
0.305025 -4.100000 -167.169292 
0.310025 -4.100000 -172.872904 
0.315025 -4.100000 -176.675313 
0.320025 -4.100000 -172.872904 
0.325025 -4.100000 -174.774109 
0.330025 -4.100000 -170.971700 
0.335026 -4.100000 -170.971700 
0.340026 -4.100000 -167.169292 
0.345026 -4.100000 -178.576517 
0.350026 -4.100000 -180.477721 
0.355026 -4.100000 -169.070496 
0.360026 -4.100000 -174.774109 
0.365027 -4.100000 -163.366884 
0.370027 -4.100000 -167.169292 
0.375027 -4.100000 -169.070496 
0.380027 -4.100000 -172.872904 
0.385027 -4.100000 -170.971700 
0.390028 -4.100000 -165.268088 
0.395028 -4.100000 -167.169292 
0.400028 -4.100000 -163.366884 
0.405029 -4.100000 -169.070496 
0.410029 -4.100000 -167.169292 
0.415029 -4.100000 -167.169292 
0.420029 -4.100000 -165.268088 
0.425029 -4.100000 -167.169292 
0.430030 -4.100000 -165.268088 
0.435030 -4.100000 -169.070496 
0.440030 -4.100000 -170.971700 
0.445030 -4.100000 -163.366884 
0.450031 -4.100000 -163.366884 
0.455031 -4.100000 -159.564475 
0.460031 -4.100000 -157.663271 
0.465031 -4.100000 -167.169292 
0.470031 -4.100000 -163.366884 
0.475031 -4.100000 -167.169292 
0.480031 -4.100000 -163.366884 
0.485032 -4.100000 -155.762067 
0.490032 -4.100000 -157.663271 
0.495032 -4.100000 -159.564475 
0.500032 -4.100000 -170.971700 
0.505032 -4.100000 -172.872904 
0.510033 -4.100000 -159.564475 
0.515033 -4.100000 -161.465680 
0.520033 -4.100000 -163.366884 
0.525033 -4.100000 -153.860863 
0.530033 -4.100000 -169.070496 
0.535033 -4.100000 -165.268088 
0.540071 -4.100000 -163.366884 
0.545072 -4.100000 -165.268088 
0.550072 -4.100000 -155.762067 
0.555072 -4.100000 -159.564475 
0.560072 -4.100000 -163.366884 
0.565072 -4.100000 -163.366884 
0.570072 -4.100000 -163.366884 
0.575073 -4.100000 -161.465680 
0.580073 -4.100000 -157.663271 
0.585073 -4.100000 -163.366884 
0.590073 -4.100000 -159.564475 
0.595073 -4.100000 -159.564475 
0.600074 -4.100000 -165.268088 
0.605074 -4.100000 -163.366884 
0.610074 -4.100000 -157.663271 
0.615074 -4.100000 -151.959659 
0.620074 -4.100000 -155.762067 
0.625074 -4.100000 -157.663271 
0.630074 -4.100000 -157.663271 
0.635074 -4.100000 -163.366884 
0.640075 -4.100000 -163.366884 
0.645075 -4.100000 -151.959659 
0.650075 -4.100000 -155.762067 
0.655075 -4.100000 -163.366884 
0.660075 -4.100000 -161.465680 
0.665075 -4.100000 -165.268088 
0.670075 -4.100000 -153.860863 
0.675076 -4.100000 -161.465680 
0.680076 -4.100000 -155.762067 
0.685083 -4.100000 -159.564475 
0.690083 -4.100000 -165.268088 
0.695083 -4.100000 -159.564475 
0.700084 -4.100000 -163.366884 
0.705084 -4.100000 -157.663271 
0.710084 -4.100000 -161.465680 
0.715084 -4.100000 -153.860863 
0.720084 -4.100000 -161.465680 
0.725085 -4.100000 -159.564475 
0.730085 -4.100000 -157.663271 
0.735085 -4.100000 -163.366884 
0.740085 -4.100000 -155.762067 
0.745085 -4.100000 -155.762067 
0.750085 -4.100000 -151.959659 
0.755085 -4.100000 -161.465680 
0.760086 -4.100000 -159.564475 
0.765086 -4.100000 -157.663271 
0.770086 -4.100000 -155.762067 
0.775086 -4.100000 -159.564475 
0.780086 -4.100000 -163.366884 
0.785086 -4.100000 -159.564475 
0.790086 -4.100000 -151.959659 
0.795087 -4.100000 -161.465680 
0.800087 -4.100000 -157.663271 
0.805087 -4.100000 -167.169292 
0.810087 -4.100000 -159.564475 
0.815087 -4.100000 -163.366884 
0.820092 -4.100000 -157.663271 
0.825092 -4.100000 -163.366884 
0.830092 -4.100000 -161.465680 
0.835092 -4.100000 -163.366884 
0.840092 -4.100000 -157.663271 
0.845092 -4.100000 -157.663271 
0.850093 -4.100000 -165.268088 
0.855093 -4.100000 -159.564475 
0.860093 -4.100000 -155.762067 
0.865093 -4.100000 -165.268088 
0.870095 -4.100000 -163.366884 
0.875095 -4.100000 -165.268088 
0.880095 -4.100000 -163.366884 
0.885095 -4.100000 -163.366884 
0.890095 -4.100000 -159.564475 
0.895095 -4.100000 -165.268088 
0.900096 -4.100000 -169.070496 
0.905096 -4.100000 -159.564475 
0.910096 -4.100000 -169.070496 
0.915096 -4.100000 -161.465680 
0.920097 -4.100000 -157.663271 
0.925097 -4.100000 -163.366884 
0.930097 -4.100000 -165.268088 
0.935098 -4.100000 -167.169292 
0.940098 -4.100000 -170.971700 
0.945098 -4.100000 -163.366884 
0.950098 -4.100000 -167.169292 
0.955098 -4.100000 -163.366884 
0.960098 -4.100000 -167.169292 
0.965098 -4.100000 -172.872904 
0.970098 -4.100000 -165.268088 
0.975099 -4.100000 -167.169292 
0.980099 -4.100000 -163.366884 
0.985099 -4.100000 -170.971700 
0.990099 -4.100000 -167.169292 
0.995099 -4.100000 -170.971700 
