0.000000 -4.600000 -2.764497 
0.005000 -4.600000 -4.665701 
0.010001 -4.600000 6.741524 
0.015011 -4.600000 -0.863293 
0.020012 -4.600000 -14.171722 
0.025012 -4.600000 -35.084968 
0.030012 -4.600000 -57.899417 
0.035012 -4.600000 -82.615071 
0.040012 -4.600000 -114.935542 
0.045013 -4.600000 -137.749992 
0.050013 -4.600000 -143.453604 
0.055013 -4.600000 -143.453604 
0.060014 -4.600000 -151.058421 
0.065014 -4.600000 -143.453604 
0.070014 -4.600000 -151.058421 
0.075014 -4.600000 -156.762033 
0.080014 -4.600000 -160.564442 
0.085014 -4.600000 -179.576483 
0.090014 -4.600000 -173.872871 
0.095015 -4.600000 -171.971667 
0.100015 -4.600000 -177.675279 
0.105015 -4.600000 -177.675279 
0.110015 -4.600000 -179.576483 
0.115015 -4.600000 -185.280096 
0.120016 -4.600000 -183.378891 
0.125016 -4.600000 -183.378891 
0.130016 -4.600000 -185.280096 
0.135016 -4.600000 -187.181300 
0.140016 -4.600000 -194.786116 
0.145016 -4.600000 -198.588525 
0.150016 -4.600000 -192.884912 
0.155017 -4.600000 -196.687320 
0.160017 -4.600000 -196.687320 
0.165017 -4.600000 -192.884912 
0.170017 -4.600000 -192.884912 
0.175017 -4.600000 -183.378891 
0.180017 -4.600000 -189.082504 
0.185017 -4.600000 -190.983708 
0.190018 -4.600000 -198.588525 
0.195018 -4.600000 -196.687320 
0.200018 -4.600000 -194.786116 
0.205018 -4.600000 -194.786116 
0.210018 -4.600000 -189.082504 
0.215018 -4.600000 -185.280096 
0.220030 -4.600000 -189.082504 
0.225030 -4.600000 -198.588525 
0.230030 -4.600000 -194.786116 
0.235030 -4.600000 -202.390933 
0.240030 -4.600000 -192.884912 
0.245030 -4.600000 -189.082504 
0.250031 -4.600000 -183.378891 
0.255031 -4.600000 -196.687320 
0.260031 -4.600000 -189.082504 
0.265031 -4.600000 -196.687320 
0.270031 -4.600000 -194.786116 
0.275031 -4.600000 -190.983708 
0.280031 -4.600000 -192.884912 
0.285032 -4.600000 -189.082504 
0.290032 -4.600000 -187.181300 
0.295032 -4.600000 -192.884912 
0.300032 -4.600000 -187.181300 
0.305032 -4.600000 -189.082504 
0.310032 -4.600000 -190.983708 
0.315033 -4.600000 -196.687320 
0.320033 -4.600000 -194.786116 
0.325038 -4.600000 -192.884912 
0.330039 -4.600000 -183.378891 
0.335039 -4.600000 -183.378891 
0.340039 -4.600000 -192.884912 
0.345039 -4.600000 -183.378891 
0.350039 -4.600000 -183.378891 
0.355039 -4.600000 -190.983708 
0.360039 -4.600000 -183.378891 
0.365039 -4.600000 -189.082504 
0.370039 -4.600000 -187.181300 
0.375040 -4.600000 -183.378891 
0.380040 -4.600000 -190.983708 
0.385040 -4.600000 -177.675279 
0.390040 -4.600000 -187.181300 
0.395040 -4.600000 -185.280096 
0.400040 -4.600000 -185.280096 
0.405040 -4.600000 -187.181300 
0.410040 -4.600000 -177.675279 
0.415040 -4.600000 -185.280096 
0.420041 -4.600000 -175.774075 
0.425041 -4.600000 -183.378891 
0.430042 -4.600000 -190.983708 
0.435042 -4.600000 -185.280096 
0.440042 -4.600000 -177.675279 
0.445043 -4.600000 -177.675279 
0.450043 -4.600000 -181.477687 
0.455043 -4.600000 -183.378891 
0.460043 -4.600000 -183.378891 
0.465043 -4.600000 -179.576483 
0.470043 -4.600000 -185.280096 
0.475044 -4.600000 -183.378891 
0.480044 -4.600000 -177.675279 
0.485044 -4.600000 -181.477687 
0.490044 -4.600000 -179.576483 
0.495044 -4.600000 -189.082504 
0.500045 -4.600000 -181.477687 
0.505045 -4.600000 -179.576483 
0.510046 -4.600000 -177.675279 
0.515046 -4.600000 -177.675279 
0.520046 -4.600000 -185.280096 
0.525046 -4.600000 -175.774075 
0.530047 -4.600000 -173.872871 
0.535047 -4.600000 -189.082504 
0.540047 -4.600000 -181.477687 
0.545047 -4.600000 -177.675279 
0.550047 -4.600000 -181.477687 
0.555047 -4.600000 -179.576483 
0.560047 -4.600000 -177.675279 
0.565048 -4.600000 -177.675279 
0.570048 -4.600000 -179.576483 
0.575048 -4.600000 -181.477687 
0.580048 -4.600000 -183.378891 
0.585048 -4.600000 -175.774075 
0.590048 -4.600000 -179.576483 
0.595048 -4.600000 -171.971667 
0.600048 -4.600000 -177.675279 
0.605048 -4.600000 -179.576483 
0.610049 -4.600000 -179.576483 
0.615049 -4.600000 -177.675279 
0.620050 -4.600000 -175.774075 
0.625050 -4.600000 -175.774075 
0.630050 -4.600000 -177.675279 
0.635051 -4.600000 -177.675279 
0.640051 -4.600000 -179.576483 
0.645051 -4.600000 -179.576483 
0.650051 -4.600000 -171.971667 
0.655051 -4.600000 -171.971667 
0.660052 -4.600000 -179.576483 
0.665052 -4.600000 -181.477687 
0.670052 -4.600000 -185.280096 
0.675052 -4.600000 -171.971667 
0.680052 -4.600000 -177.675279 
0.685052 -4.600000 -171.971667 
0.690053 -4.600000 -175.774075 
0.695053 -4.600000 -181.477687 
0.700053 -4.600000 -177.675279 
0.705053 -4.600000 -185.280096 
0.710053 -4.600000 -170.070462 
0.715054 -4.600000 -175.774075 
0.720054 -4.600000 -179.576483 
0.725054 -4.600000 -177.675279 
0.730054 -4.600000 -183.378891 
0.735055 -4.600000 -177.675279 
0.740055 -4.600000 -177.675279 
0.745055 -4.600000 -179.576483 
0.750055 -4.600000 -173.872871 
0.755055 -4.600000 -185.280096 
0.760055 -4.600000 -185.280096 
0.765056 -4.600000 -181.477687 
0.770056 -4.600000 -183.378891 
0.775056 -4.600000 -173.872871 
0.780056 -4.600000 -185.280096 
0.785056 -4.600000 -177.675279 
0.790056 -4.600000 -185.280096 
0.795056 -4.600000 -181.477687 
0.800056 -4.600000 -179.576483 
0.805057 -4.600000 -177.675279 
0.810057 -4.600000 -171.971667 
0.815057 -4.600000 -185.280096 
0.820057 -4.600000 -183.378891 
0.825057 -4.600000 -183.378891 
0.830057 -4.600000 -181.477687 
0.835057 -4.600000 -173.872871 
0.840060 -4.600000 -185.280096 
0.845060 -4.600000 -179.576483 
0.850061 -4.600000 -177.675279 
0.855061 -4.600000 -190.983708 
0.860065 -4.600000 -185.280096 
0.865066 -4.600000 -175.774075 
0.870066 -4.600000 -187.181300 
0.875074 -4.600000 -189.082504 
0.880075 -4.600000 -192.884912 
0.885075 -4.600000 -185.280096 
0.890075 -4.600000 -187.181300 
0.895075 -4.600000 -187.181300 
0.900075 -4.600000 -183.378891 
0.905076 -4.600000 -187.181300 
0.910076 -4.600000 -190.983708 
0.915076 -4.600000 -189.082504 
0.920076 -4.600000 -185.280096 
0.925076 -4.600000 -179.576483 
0.930076 -4.600000 -194.786116 
0.935077 -4.600000 -189.082504 
0.940077 -4.600000 -187.181300 
0.945077 -4.600000 -194.786116 
0.950077 -4.600000 -187.181300 
0.955078 -4.600000 -194.786116 
0.960078 -4.600000 -183.378891 
0.965078 -4.600000 -194.786116 
0.970078 -4.600000 -196.687320 
0.975078 -4.600000 -192.884912 
0.980078 -4.600000 -192.884912 
0.985079 -4.600000 -194.786116 
0.990079 -4.600000 -194.786116 
0.995079 -4.600000 -192.884912 
