0.000001 -4.700000 0.647273 
0.005001 -4.700000 6.350885 
0.010001 -4.700000 4.449681 
0.015001 -4.700000 -1.253932 
0.020001 -4.700000 -16.463565 
0.025002 -4.700000 -31.673198 
0.030002 -4.700000 -37.376810 
0.035002 -4.700000 -73.499689 
0.040015 -4.700000 -96.314139 
0.045015 -4.700000 -124.832201 
0.050016 -4.700000 -136.239426 
0.055016 -4.700000 -145.745447 
0.060016 -4.700000 -151.449060 
0.065016 -4.700000 -147.646651 
0.070016 -4.700000 -151.449060 
0.075016 -4.700000 -149.547855 
0.080017 -4.700000 -164.757489 
0.085017 -4.700000 -170.461101 
0.090017 -4.700000 -174.263509 
0.095017 -4.700000 -178.065918 
0.100017 -4.700000 -179.967122 
0.105017 -4.700000 -179.967122 
0.110017 -4.700000 -183.769530 
0.115018 -4.700000 -181.868326 
0.120026 -4.700000 -187.571938 
0.125026 -4.700000 -191.374347 
0.130026 -4.700000 -191.374347 
0.135026 -4.700000 -193.275551 
0.140026 -4.700000 -193.275551 
0.145026 -4.700000 -193.275551 
0.150026 -4.700000 -193.275551 
0.155026 -4.700000 -193.275551 
0.160026 -4.700000 -193.275551 
0.165044 -4.700000 -189.473143 
0.170044 -4.700000 -189.473143 
0.175044 -4.700000 -193.275551 
0.180044 -4.700000 -189.473143 
0.185045 -4.700000 -195.176755 
0.190045 -4.700000 -193.275551 
0.195045 -4.700000 -197.077959 
0.200045 -4.700000 -197.077959 
0.205045 -4.700000 -195.176755 
0.210045 -4.700000 -185.670734 
0.215045 -4.700000 -193.275551 
0.220045 -4.700000 -193.275551 
0.225046 -4.700000 -197.077959 
0.230046 -4.700000 -197.077959 
0.235046 -4.700000 -191.374347 
0.240046 -4.700000 -189.473143 
0.245046 -4.700000 -187.571938 
0.250046 -4.700000 -193.275551 
0.255046 -4.700000 -198.979163 
0.260047 -4.700000 -197.077959 
0.265047 -4.700000 -195.176755 
0.270047 -4.700000 -193.275551 
0.275047 -4.700000 -185.670734 
0.280047 -4.700000 -197.077959 
0.285047 -4.700000 -193.275551 
0.290047 -4.700000 -197.077959 
0.295048 -4.700000 -191.374347 
0.300048 -4.700000 -189.473143 
0.305048 -4.700000 -189.473143 
0.310048 -4.700000 -197.077959 
0.315048 -4.700000 -187.571938 
0.320048 -4.700000 -185.670734 
0.325048 -4.700000 -185.670734 
0.330049 -4.700000 -187.571938 
0.335049 -4.700000 -185.670734 
0.340049 -4.700000 -193.275551 
0.345049 -4.700000 -183.769530 
0.350049 -4.700000 -187.571938 
0.355049 -4.700000 -185.670734 
0.360049 -4.700000 -191.374347 
0.365050 -4.700000 -189.473143 
0.370050 -4.700000 -185.670734 
0.375050 -4.700000 -187.571938 
0.380050 -4.700000 -179.967122 
0.385050 -4.700000 -179.967122 
0.390051 -4.700000 -183.769530 
0.395051 -4.700000 -187.571938 
0.400051 -4.700000 -187.571938 
0.405051 -4.700000 -181.868326 
0.410052 -4.700000 -181.868326 
0.415052 -4.700000 -183.769530 
0.420052 -4.700000 -185.670734 
0.425052 -4.700000 -191.374347 
0.430052 -4.700000 -183.769530 
0.435052 -4.700000 -179.967122 
0.440053 -4.700000 -174.263509 
0.445053 -4.700000 -178.065918 
0.450053 -4.700000 -181.868326 
0.455053 -4.700000 -185.670734 
0.460054 -4.700000 -185.670734 
0.465054 -4.700000 -181.868326 
0.470054 -4.700000 -181.868326 
0.475054 -4.700000 -176.164714 
0.480054 -4.700000 -183.769530 
0.485054 -4.700000 -183.769530 
0.490055 -4.700000 -189.473143 
0.495055 -4.700000 -178.065918 
0.500055 -4.700000 -179.967122 
0.505055 -4.700000 -178.065918 
0.510055 -4.700000 -183.769530 
0.515055 -4.700000 -183.769530 
0.520055 -4.700000 -181.868326 
0.525055 -4.700000 -181.868326 
0.530055 -4.700000 -178.065918 
0.535056 -4.700000 -179.967122 
0.540056 -4.700000 -179.967122 
0.545056 -4.700000 -181.868326 
0.550056 -4.700000 -178.065918 
0.555056 -4.700000 -183.769530 
0.560057 -4.700000 -174.263509 
0.565057 -4.700000 -187.571938 
0.570057 -4.700000 -181.868326 
0.575057 -4.700000 -181.868326 
0.580057 -4.700000 -179.967122 
0.585057 -4.700000 -172.362305 
0.590057 -4.700000 -185.670734 
0.595058 -4.700000 -178.065918 
0.600058 -4.700000 -189.473143 
0.605058 -4.700000 -176.164714 
0.610058 -4.700000 -181.868326 
0.615058 -4.700000 -178.065918 
0.620059 -4.700000 -176.164714 
0.625059 -4.700000 -181.868326 
0.630059 -4.700000 -178.065918 
0.635059 -4.700000 -181.868326 
0.640059 -4.700000 -178.065918 
0.645059 -4.700000 -176.164714 
0.650060 -4.700000 -178.065918 
0.655060 -4.700000 -178.065918 
0.660060 -4.700000 -185.670734 
0.665060 -4.700000 -183.769530 
0.670060 -4.700000 -172.362305 
0.675070 -4.700000 -179.967122 
0.680070 -4.700000 -174.263509 
0.685070 -4.700000 -183.769530 
0.690070 -4.700000 -185.670734 
0.695071 -4.700000 -178.065918 
0.700071 -4.700000 -179.967122 
0.705071 -4.700000 -174.263509 
0.710077 -4.700000 -183.769530 
0.715077 -4.700000 -181.868326 
0.720077 -4.700000 -181.868326 
0.725077 -4.700000 -178.065918 
0.730077 -4.700000 -179.967122 
0.735077 -4.700000 -176.164714 
0.740078 -4.700000 -181.868326 
0.745078 -4.700000 -187.571938 
0.750078 -4.700000 -178.065918 
0.755078 -4.700000 -179.967122 
0.760078 -4.700000 -176.164714 
0.765078 -4.700000 -183.769530 
0.770078 -4.700000 -178.065918 
0.775078 -4.700000 -185.670734 
0.780079 -4.700000 -185.670734 
0.785079 -4.700000 -181.868326 
0.790079 -4.700000 -176.164714 
0.795079 -4.700000 -178.065918 
0.800079 -4.700000 -179.967122 
0.805079 -4.700000 -189.473143 
0.810079 -4.700000 -181.868326 
0.815079 -4.700000 -189.473143 
0.820079 -4.700000 -185.670734 
0.825080 -4.700000 -185.670734 
0.830080 -4.700000 -181.868326 
0.835080 -4.700000 -187.571938 
0.840080 -4.700000 -181.868326 
0.845080 -4.700000 -181.868326 
0.850080 -4.700000 -189.473143 
0.855080 -4.700000 -179.967122 
0.860081 -4.700000 -185.670734 
0.865081 -4.700000 -189.473143 
0.870081 -4.700000 -185.670734 
0.875081 -4.700000 -187.571938 
0.880081 -4.700000 -183.769530 
0.885081 -4.700000 -191.374347 
0.890082 -4.700000 -191.374347 
0.895082 -4.700000 -191.374347 
0.900082 -4.700000 -191.374347 
0.905082 -4.700000 -187.571938 
0.910082 -4.700000 -187.571938 
0.915082 -4.700000 -191.374347 
0.920083 -4.700000 -189.473143 
0.925083 -4.700000 -189.473143 
0.930083 -4.700000 -195.176755 
0.935083 -4.700000 -195.176755 
0.940083 -4.700000 -191.374347 
0.945083 -4.700000 -189.473143 
0.950083 -4.700000 -193.275551 
0.955084 -4.700000 -193.275551 
0.960084 -4.700000 -195.176755 
0.965084 -4.700000 -200.880367 
0.970084 -4.700000 -197.077959 
0.975084 -4.700000 -195.176755 
0.980084 -4.700000 -191.374347 
0.985084 -4.700000 -198.979163 
0.990085 -4.700000 -193.275551 
0.995085 -4.700000 -200.880367 
