0.000001 -2.100000 4.846772 
0.005001 -2.100000 2.945568 
0.010001 -2.100000 1.044364 
0.015001 -2.100000 -2.758044 
0.020002 -2.100000 1.044364 
0.025002 -2.100000 -4.659249 
0.030002 -2.100000 -4.659249 
0.035002 -2.100000 -14.165269 
0.040002 -2.100000 -17.967678 
0.045003 -2.100000 -38.880923 
0.050003 -2.100000 -48.386944 
0.055003 -2.100000 -59.794169 
0.060003 -2.100000 -69.300190 
0.065004 -2.100000 -69.300190 
0.070004 -2.100000 -73.102598 
0.075005 -2.100000 -67.398986 
0.080005 -2.100000 -75.003802 
0.085005 -2.100000 -71.201394 
0.090005 -2.100000 -78.806210 
0.095005 -2.100000 -71.201394 
0.100006 -2.100000 -82.608619 
0.105006 -2.100000 -86.411027 
0.110006 -2.100000 -92.114639 
0.115006 -2.100000 -88.312231 
0.120006 -2.100000 -92.114639 
0.125006 -2.100000 -88.312231 
0.130007 -2.100000 -94.015844 
0.135007 -2.100000 -86.411027 
0.140007 -2.100000 -90.213435 
0.145007 -2.100000 -92.114639 
0.150007 -2.100000 -99.719456 
0.155007 -2.100000 -92.114639 
0.160008 -2.100000 -97.818252 
0.165008 -2.100000 -97.818252 
0.170008 -2.100000 -99.719456 
0.175008 -2.100000 -105.423069 
0.180008 -2.100000 -94.015844 
0.185008 -2.100000 -101.620660 
0.190008 -2.100000 -99.719456 
0.195009 -2.100000 -103.521864 
0.200009 -2.100000 -95.917048 
0.205009 -2.100000 -109.225477 
0.210009 -2.100000 -99.719456 
0.215009 -2.100000 -99.719456 
0.220009 -2.100000 -107.324273 
0.225009 -2.100000 -95.917048 
0.230010 -2.100000 -101.620660 
0.235010 -2.100000 -109.225477 
0.240010 -2.100000 -95.917048 
0.245010 -2.100000 -109.225477 
0.250010 -2.100000 -103.521864 
0.255010 -2.100000 -113.027885 
0.260012 -2.100000 -103.521864 
0.265012 -2.100000 -103.521864 
0.270012 -2.100000 -99.719456 
0.275012 -2.100000 -109.225477 
0.280012 -2.100000 -99.719456 
0.285012 -2.100000 -107.324273 
0.290012 -2.100000 -97.818252 
0.295012 -2.100000 -101.620660 
0.300012 -2.100000 -101.620660 
0.305013 -2.100000 -101.620660 
0.310013 -2.100000 -107.324273 
0.315013 -2.100000 -99.719456 
0.320013 -2.100000 -99.719456 
0.325013 -2.100000 -103.521864 
0.330013 -2.100000 -95.917048 
0.335014 -2.100000 -95.917048 
0.340014 -2.100000 -97.818252 
0.345014 -2.100000 -107.324273 
0.350014 -2.100000 -99.719456 
0.355014 -2.100000 -99.719456 
0.360014 -2.100000 -95.917048 
0.365014 -2.100000 -92.114639 
0.370014 -2.100000 -97.818252 
0.375014 -2.100000 -95.917048 
0.380015 -2.100000 -95.917048 
0.385015 -2.100000 -94.015844 
0.390015 -2.100000 -90.213435 
0.395015 -2.100000 -103.521864 
0.400016 -2.100000 -92.114639 
0.405017 -2.100000 -94.015844 
0.410017 -2.100000 -97.818252 
0.415017 -2.100000 -97.818252 
0.420017 -2.100000 -95.917048 
0.425017 -2.100000 -99.719456 
0.430017 -2.100000 -90.213435 
0.435017 -2.100000 -92.114639 
0.440018 -2.100000 -99.719456 
0.445018 -2.100000 -94.015844 
0.450018 -2.100000 -90.213435 
0.455018 -2.100000 -86.411027 
0.460018 -2.100000 -92.114639 
0.465018 -2.100000 -92.114639 
0.470018 -2.100000 -95.917048 
0.475018 -2.100000 -90.213435 
0.480029 -2.100000 -97.818252 
0.485029 -2.100000 -94.015844 
0.490029 -2.100000 -95.917048 
0.495029 -2.100000 -90.213435 
0.500029 -2.100000 -82.608619 
0.505029 -2.100000 -94.015844 
0.510037 -2.100000 -88.312231 
0.515037 -2.100000 -90.213435 
0.520037 -2.100000 -86.411027 
0.525037 -2.100000 -86.411027 
0.530037 -2.100000 -88.312231 
0.535038 -2.100000 -90.213435 
0.540038 -2.100000 -84.509823 
0.545038 -2.100000 -95.917048 
0.550038 -2.100000 -86.411027 
0.555038 -2.100000 -90.213435 
0.560038 -2.100000 -84.509823 
0.565039 -2.100000 -88.312231 
0.570039 -2.100000 -84.509823 
0.575039 -2.100000 -92.114639 
0.580039 -2.100000 -82.608619 
0.585039 -2.100000 -84.509823 
0.590039 -2.100000 -82.608619 
0.595039 -2.100000 -86.411027 
0.600039 -2.100000 -82.608619 
0.605040 -2.100000 -86.411027 
0.610040 -2.100000 -90.213435 
0.615040 -2.100000 -80.707415 
0.620040 -2.100000 -86.411027 
0.625040 -2.100000 -80.707415 
0.630040 -2.100000 -84.509823 
0.635040 -2.100000 -80.707415 
0.640041 -2.100000 -86.411027 
0.645041 -2.100000 -76.905006 
0.650041 -2.100000 -82.608619 
0.655042 -2.100000 -84.509823 
0.660042 -2.100000 -82.608619 
0.665042 -2.100000 -76.905006 
0.670042 -2.100000 -82.608619 
0.675042 -2.100000 -86.411027 
0.680042 -2.100000 -75.003802 
0.685042 -2.100000 -76.905006 
0.690043 -2.100000 -78.806210 
0.695043 -2.100000 -78.806210 
0.700043 -2.100000 -86.411027 
0.705043 -2.100000 -78.806210 
0.710043 -2.100000 -82.608619 
0.715043 -2.100000 -80.707415 
0.720043 -2.100000 -69.300190 
0.725043 -2.100000 -78.806210 
0.730044 -2.100000 -75.003802 
0.735044 -2.100000 -76.905006 
0.740044 -2.100000 -78.806210 
0.745044 -2.100000 -80.707415 
0.750044 -2.100000 -73.102598 
0.755044 -2.100000 -78.806210 
0.760045 -2.100000 -78.806210 
0.765045 -2.100000 -78.806210 
0.770045 -2.100000 -76.905006 
0.775045 -2.100000 -73.102598 
0.780045 -2.100000 -75.003802 
0.785045 -2.100000 -71.201394 
0.790045 -2.100000 -82.608619 
0.795046 -2.100000 -76.905006 
0.800046 -2.100000 -84.509823 
0.805046 -2.100000 -75.003802 
0.810046 -2.100000 -75.003802 
0.815046 -2.100000 -69.300190 
0.820046 -2.100000 -75.003802 
0.825046 -2.100000 -75.003802 
0.830046 -2.100000 -76.905006 
0.835047 -2.100000 -71.201394 
0.840047 -2.100000 -73.102598 
0.845047 -2.100000 -78.806210 
0.850047 -2.100000 -75.003802 
0.855047 -2.100000 -78.806210 
0.860047 -2.100000 -73.102598 
0.865047 -2.100000 -75.003802 
0.870048 -2.100000 -71.201394 
0.875048 -2.100000 -76.905006 
0.880048 -2.100000 -76.905006 
0.885048 -2.100000 -78.806210 
0.890048 -2.100000 -75.003802 
0.895049 -2.100000 -71.201394 
0.900059 -2.100000 -67.398986 
0.905059 -2.100000 -76.905006 
0.910059 -2.100000 -75.003802 
0.915059 -2.100000 -71.201394 
0.920059 -2.100000 -69.300190 
0.925059 -2.100000 -76.905006 
0.930066 -2.100000 -69.300190 
0.935067 -2.100000 -71.201394 
0.940067 -2.100000 -73.102598 
0.945067 -2.100000 -75.003802 
0.950067 -2.100000 -75.003802 
0.955067 -2.100000 -71.201394 
0.960068 -2.100000 -73.102598 
0.965068 -2.100000 -69.300190 
0.970068 -2.100000 -69.300190 
0.975068 -2.100000 -69.300190 
0.980077 -2.100000 -75.003802 
0.985077 -2.100000 -65.497781 
0.990078 -2.100000 -75.003802 
0.995078 -2.100000 -69.300190 
