0.000000 -1.300000 1.479557 
0.005001 -1.300000 -8.026464 
0.010001 -1.300000 -6.125260 
0.015001 -1.300000 -0.421647 
0.020001 -1.300000 -8.026464 
0.025002 -1.300000 -4.224056 
0.030002 -1.300000 -9.927668 
0.035002 -1.300000 -4.224056 
0.040002 -1.300000 -6.125260 
0.045002 -1.300000 -9.927668 
0.050002 -1.300000 -23.236097 
0.055002 -1.300000 -28.939710 
0.060003 -1.300000 -38.445730 
0.065003 -1.300000 -46.050547 
0.070003 -1.300000 -49.852955 
0.075016 -1.300000 -49.852955 
0.080016 -1.300000 -49.852955 
0.085016 -1.300000 -53.655364 
0.090017 -1.300000 -47.951751 
0.095017 -1.300000 -49.852955 
0.100017 -1.300000 -49.852955 
0.105017 -1.300000 -46.050547 
0.110017 -1.300000 -59.358976 
0.115017 -1.300000 -51.754159 
0.120017 -1.300000 -61.260180 
0.125018 -1.300000 -61.260180 
0.130018 -1.300000 -61.260180 
0.135018 -1.300000 -61.260180 
0.140018 -1.300000 -61.260180 
0.145018 -1.300000 -61.260180 
0.150019 -1.300000 -63.161384 
0.155019 -1.300000 -55.556568 
0.160019 -1.300000 -61.260180 
0.165019 -1.300000 -59.358976 
0.170019 -1.300000 -65.062588 
0.175019 -1.300000 -66.963793 
0.180019 -1.300000 -63.161384 
0.185020 -1.300000 -70.766201 
0.190020 -1.300000 -65.062588 
0.195020 -1.300000 -65.062588 
0.200020 -1.300000 -66.963793 
0.205020 -1.300000 -65.062588 
0.210020 -1.300000 -70.766201 
0.215020 -1.300000 -68.864997 
0.220021 -1.300000 -68.864997 
0.225021 -1.300000 -72.667405 
0.230021 -1.300000 -70.766201 
0.235021 -1.300000 -68.864997 
0.240021 -1.300000 -63.161384 
0.245021 -1.300000 -70.766201 
0.250021 -1.300000 -68.864997 
0.255021 -1.300000 -72.667405 
0.260021 -1.300000 -66.963793 
0.265021 -1.300000 -68.864997 
0.270022 -1.300000 -65.062588 
0.275022 -1.300000 -68.864997 
0.280022 -1.300000 -68.864997 
0.285022 -1.300000 -68.864997 
0.290022 -1.300000 -66.963793 
0.295022 -1.300000 -68.864997 
0.300022 -1.300000 -66.963793 
0.305023 -1.300000 -66.963793 
0.310023 -1.300000 -66.963793 
0.315023 -1.300000 -68.864997 
0.320023 -1.300000 -70.766201 
0.325023 -1.300000 -68.864997 
0.330023 -1.300000 -70.766201 
0.335023 -1.300000 -68.864997 
0.340024 -1.300000 -65.062588 
0.345024 -1.300000 -72.667405 
0.350024 -1.300000 -65.062588 
0.355024 -1.300000 -66.963793 
0.360024 -1.300000 -63.161384 
0.365024 -1.300000 -72.667405 
0.370024 -1.300000 -65.062588 
0.375024 -1.300000 -65.062588 
0.380025 -1.300000 -63.161384 
0.385025 -1.300000 -61.260180 
0.390025 -1.300000 -68.864997 
0.395025 -1.300000 -66.963793 
0.400025 -1.300000 -65.062588 
0.405025 -1.300000 -70.766201 
0.410025 -1.300000 -66.963793 
0.415026 -1.300000 -66.963793 
0.420026 -1.300000 -63.161384 
0.425027 -1.300000 -61.260180 
0.430027 -1.300000 -63.161384 
0.435027 -1.300000 -61.260180 
0.440028 -1.300000 -61.260180 
0.445028 -1.300000 -65.062588 
0.450028 -1.300000 -59.358976 
0.455028 -1.300000 -61.260180 
0.460028 -1.300000 -65.062588 
0.465029 -1.300000 -68.864997 
0.470029 -1.300000 -61.260180 
0.475029 -1.300000 -61.260180 
0.480029 -1.300000 -59.358976 
0.485030 -1.300000 -53.655364 
0.490030 -1.300000 -66.963793 
0.495030 -1.300000 -57.457772 
0.500030 -1.300000 -61.260180 
0.505031 -1.300000 -59.358976 
0.510031 -1.300000 -57.457772 
0.515031 -1.300000 -59.358976 
0.520031 -1.300000 -57.457772 
0.525032 -1.300000 -59.358976 
0.530032 -1.300000 -53.655364 
0.535032 -1.300000 -63.161384 
0.540032 -1.300000 -57.457772 
0.545032 -1.300000 -63.161384 
0.550032 -1.300000 -49.852955 
0.555033 -1.300000 -59.358976 
0.560033 -1.300000 -55.556568 
0.565033 -1.300000 -55.556568 
0.570033 -1.300000 -53.655364 
0.575033 -1.300000 -49.852955 
0.580033 -1.300000 -59.358976 
0.585034 -1.300000 -55.556568 
0.590034 -1.300000 -49.852955 
0.595034 -1.300000 -51.754159 
0.600034 -1.300000 -49.852955 
0.605034 -1.300000 -53.655364 
0.610034 -1.300000 -55.556568 
0.615035 -1.300000 -55.556568 
0.620035 -1.300000 -59.358976 
0.625035 -1.300000 -61.260180 
0.630035 -1.300000 -59.358976 
0.635035 -1.300000 -53.655364 
0.640035 -1.300000 -55.556568 
0.645035 -1.300000 -57.457772 
0.650036 -1.300000 -53.655364 
0.655036 -1.300000 -51.754159 
0.660036 -1.300000 -53.655364 
0.665036 -1.300000 -51.754159 
0.670036 -1.300000 -51.754159 
0.675036 -1.300000 -47.951751 
0.680036 -1.300000 -47.951751 
0.685037 -1.300000 -49.852955 
0.690037 -1.300000 -49.852955 
0.695037 -1.300000 -49.852955 
0.700037 -1.300000 -55.556568 
0.705037 -1.300000 -55.556568 
0.710037 -1.300000 -53.655364 
0.715037 -1.300000 -51.754159 
0.720048 -1.300000 -53.655364 
0.725048 -1.300000 -47.951751 
0.730048 -1.300000 -49.852955 
0.735048 -1.300000 -47.951751 
0.740049 -1.300000 -49.852955 
0.745049 -1.300000 -49.852955 
0.750049 -1.300000 -47.951751 
0.755049 -1.300000 -53.655364 
0.760049 -1.300000 -46.050547 
0.765049 -1.300000 -47.951751 
0.770049 -1.300000 -49.852955 
0.775050 -1.300000 -47.951751 
0.780050 -1.300000 -51.754159 
0.785050 -1.300000 -46.050547 
0.790050 -1.300000 -47.951751 
0.795050 -1.300000 -42.248139 
0.800050 -1.300000 -51.754159 
0.805051 -1.300000 -49.852955 
0.810066 -1.300000 -46.050547 
0.815066 -1.300000 -47.951751 
0.820066 -1.300000 -47.951751 
0.825067 -1.300000 -42.248139 
0.830067 -1.300000 -49.852955 
0.835068 -1.300000 -49.852955 
0.840068 -1.300000 -51.754159 
0.845068 -1.300000 -44.149343 
0.850068 -1.300000 -46.050547 
0.855069 -1.300000 -47.951751 
0.860069 -1.300000 -46.050547 
0.865069 -1.300000 -47.951751 
0.870069 -1.300000 -42.248139 
0.875069 -1.300000 -51.754159 
0.880070 -1.300000 -40.346934 
0.885070 -1.300000 -44.149343 
0.890070 -1.300000 -46.050547 
0.895070 -1.300000 -40.346934 
0.900070 -1.300000 -49.852955 
0.905071 -1.300000 -40.346934 
0.910071 -1.300000 -49.852955 
0.915071 -1.300000 -42.248139 
0.920071 -1.300000 -44.149343 
0.925071 -1.300000 -47.951751 
0.930071 -1.300000 -49.852955 
0.935072 -1.300000 -46.050547 
0.940072 -1.300000 -44.149343 
0.945072 -1.300000 -44.149343 
0.950072 -1.300000 -44.149343 
0.955072 -1.300000 -36.544526 
0.960072 -1.300000 -46.050547 
0.965072 -1.300000 -46.050547 
0.970073 -1.300000 -40.346934 
0.975073 -1.300000 -47.951751 
0.980073 -1.300000 -38.445730 
0.985073 -1.300000 -42.248139 
0.990073 -1.300000 -46.050547 
0.995073 -1.300000 -47.951751 
