0.000000 -2.700000 5.042674 
0.005001 -2.700000 5.042674 
0.010001 -2.700000 1.240266 
0.015001 -2.700000 3.141470 
0.020001 -2.700000 -4.463346 
0.025001 -2.700000 -12.068163 
0.030002 -2.700000 -21.574184 
0.035002 -2.700000 -23.475388 
0.040003 -2.700000 -46.289838 
0.045003 -2.700000 -61.499471 
0.050003 -2.700000 -84.313921 
0.055003 -2.700000 -88.116329 
0.060013 -2.700000 -88.116329 
0.065014 -2.700000 -84.313921 
0.070014 -2.700000 -80.511512 
0.075014 -2.700000 -88.116329 
0.080015 -2.700000 -88.116329 
0.085015 -2.700000 -86.215125 
0.090015 -2.700000 -91.918737 
0.095015 -2.700000 -105.227166 
0.100015 -2.700000 -101.424758 
0.105015 -2.700000 -110.930779 
0.110015 -2.700000 -103.325962 
0.115016 -2.700000 -109.029575 
0.120016 -2.700000 -107.128371 
0.125016 -2.700000 -109.029575 
0.130016 -2.700000 -110.930779 
0.135016 -2.700000 -118.535595 
0.140017 -2.700000 -112.831983 
0.145017 -2.700000 -114.733187 
0.150017 -2.700000 -120.436800 
0.155017 -2.700000 -128.041616 
0.160017 -2.700000 -124.239208 
0.165018 -2.700000 -118.535595 
0.170018 -2.700000 -124.239208 
0.175018 -2.700000 -128.041616 
0.180018 -2.700000 -128.041616 
0.185018 -2.700000 -122.338004 
0.190018 -2.700000 -122.338004 
0.195018 -2.700000 -124.239208 
0.200019 -2.700000 -120.436800 
0.205019 -2.700000 -122.338004 
0.210019 -2.700000 -124.239208 
0.215019 -2.700000 -128.041616 
0.220019 -2.700000 -133.745229 
0.225019 -2.700000 -129.942820 
0.230019 -2.700000 -135.646433 
0.235019 -2.700000 -131.844025 
0.240020 -2.700000 -131.844025 
0.245020 -2.700000 -122.338004 
0.250020 -2.700000 -122.338004 
0.255020 -2.700000 -124.239208 
0.260020 -2.700000 -124.239208 
0.265020 -2.700000 -126.140412 
0.270025 -2.700000 -124.239208 
0.275025 -2.700000 -128.041616 
0.280025 -2.700000 -128.041616 
0.285025 -2.700000 -126.140412 
0.290025 -2.700000 -120.436800 
0.295026 -2.700000 -128.041616 
0.300026 -2.700000 -118.535595 
0.305032 -2.700000 -120.436800 
0.310032 -2.700000 -124.239208 
0.315032 -2.700000 -124.239208 
0.320032 -2.700000 -118.535595 
0.325032 -2.700000 -118.535595 
0.330033 -2.700000 -124.239208 
0.335033 -2.700000 -120.436800 
0.340043 -2.700000 -128.041616 
0.345044 -2.700000 -124.239208 
0.350044 -2.700000 -124.239208 
0.355050 -2.700000 -128.041616 
0.360051 -2.700000 -124.239208 
0.365051 -2.700000 -118.535595 
0.370051 -2.700000 -124.239208 
0.375051 -2.700000 -114.733187 
0.380051 -2.700000 -116.634391 
0.385051 -2.700000 -118.535595 
0.390051 -2.700000 -120.436800 
0.395052 -2.700000 -118.535595 
0.400052 -2.700000 -124.239208 
0.405052 -2.700000 -120.436800 
0.410052 -2.700000 -116.634391 
0.415052 -2.700000 -118.535595 
0.420052 -2.700000 -120.436800 
0.425052 -2.700000 -109.029575 
0.430053 -2.700000 -122.338004 
0.435053 -2.700000 -118.535595 
0.440053 -2.700000 -118.535595 
0.445053 -2.700000 -124.239208 
0.450053 -2.700000 -122.338004 
0.455059 -2.700000 -107.128371 
0.460060 -2.700000 -109.029575 
0.465060 -2.700000 -107.128371 
0.470060 -2.700000 -110.930779 
0.475060 -2.700000 -116.634391 
0.480061 -2.700000 -116.634391 
0.485061 -2.700000 -120.436800 
0.490061 -2.700000 -110.930779 
0.495061 -2.700000 -109.029575 
0.500061 -2.700000 -114.733187 
0.505064 -2.700000 -114.733187 
0.510064 -2.700000 -109.029575 
0.515065 -2.700000 -109.029575 
0.520065 -2.700000 -107.128371 
0.525066 -2.700000 -107.128371 
0.530066 -2.700000 -118.535595 
0.535066 -2.700000 -114.733187 
0.540066 -2.700000 -110.930779 
0.545066 -2.700000 -105.227166 
0.550066 -2.700000 -109.029575 
0.555066 -2.700000 -109.029575 
0.560069 -2.700000 -110.930779 
0.565070 -2.700000 -105.227166 
0.570070 -2.700000 -112.831983 
0.575070 -2.700000 -110.930779 
0.580070 -2.700000 -105.227166 
0.585070 -2.700000 -105.227166 
0.590070 -2.700000 -109.029575 
0.595070 -2.700000 -99.523554 
0.600071 -2.700000 -110.930779 
0.605071 -2.700000 -107.128371 
0.610071 -2.700000 -99.523554 
0.615071 -2.700000 -109.029575 
0.620071 -2.700000 -112.831983 
0.625071 -2.700000 -110.930779 
0.630071 -2.700000 -110.930779 
0.635071 -2.700000 -103.325962 
0.640071 -2.700000 -112.831983 
0.645072 -2.700000 -103.325962 
0.650072 -2.700000 -97.622350 
0.655072 -2.700000 -101.424758 
0.660072 -2.700000 -107.128371 
0.665072 -2.700000 -95.721146 
0.670073 -2.700000 -110.930779 
0.675073 -2.700000 -101.424758 
0.680073 -2.700000 -110.930779 
0.685073 -2.700000 -99.523554 
0.690084 -2.700000 -107.128371 
0.695084 -2.700000 -105.227166 
0.700110 -2.700000 -101.424758 
0.705110 -2.700000 -109.029575 
0.710110 -2.700000 -97.622350 
0.715110 -2.700000 -99.523554 
0.720111 -2.700000 -93.819942 
0.725111 -2.700000 -97.622350 
0.730111 -2.700000 -101.424758 
0.735111 -2.700000 -101.424758 
0.740111 -2.700000 -105.227166 
0.745111 -2.700000 -107.128371 
0.750111 -2.700000 -97.622350 
0.755111 -2.700000 -97.622350 
0.760112 -2.700000 -105.227166 
0.765112 -2.700000 -99.523554 
0.770112 -2.700000 -107.128371 
0.775112 -2.700000 -97.622350 
0.780112 -2.700000 -95.721146 
0.785112 -2.700000 -91.918737 
0.790112 -2.700000 -103.325962 
0.795112 -2.700000 -97.622350 
0.800112 -2.700000 -93.819942 
0.805113 -2.700000 -97.622350 
0.810113 -2.700000 -105.227166 
0.815113 -2.700000 -97.622350 
0.820134 -2.700000 -103.325962 
0.825134 -2.700000 -101.424758 
0.830135 -2.700000 -91.918737 
0.835135 -2.700000 -97.622350 
0.840138 -2.700000 -97.622350 
0.845139 -2.700000 -97.622350 
0.850139 -2.700000 -97.622350 
0.855139 -2.700000 -95.721146 
0.860139 -2.700000 -99.523554 
0.865139 -2.700000 -95.721146 
0.870139 -2.700000 -99.523554 
0.875139 -2.700000 -91.918737 
0.880139 -2.700000 -101.424758 
0.885139 -2.700000 -107.128371 
0.890139 -2.700000 -97.622350 
0.895140 -2.700000 -99.523554 
0.900140 -2.700000 -101.424758 
0.905140 -2.700000 -95.721146 
0.910140 -2.700000 -95.721146 
0.915140 -2.700000 -93.819942 
0.920140 -2.700000 -88.116329 
0.925140 -2.700000 -97.622350 
0.930141 -2.700000 -95.721146 
0.935141 -2.700000 -101.424758 
0.940141 -2.700000 -91.918737 
0.945141 -2.700000 -97.622350 
0.950141 -2.700000 -97.622350 
0.955141 -2.700000 -95.721146 
0.960142 -2.700000 -101.424758 
0.965142 -2.700000 -93.819942 
0.970142 -2.700000 -93.819942 
0.975143 -2.700000 -91.918737 
0.980153 -2.700000 -95.721146 
0.985153 -2.700000 -101.424758 
0.990153 -2.700000 -97.622350 
0.995153 -2.700000 -91.918737 
