0.000000 -1.400000 2.028120 
0.005000 -1.400000 0.126915 
0.010001 -1.400000 3.929324 
0.015001 -1.400000 -5.576697 
0.020001 -1.400000 3.929324 
0.025001 -1.400000 0.126915 
0.030001 -1.400000 2.028120 
0.035002 -1.400000 -1.774289 
0.040002 -1.400000 -3.675493 
0.045002 -1.400000 -13.181514 
0.050002 -1.400000 -22.687534 
0.055002 -1.400000 -22.687534 
0.060003 -1.400000 -37.897168 
0.065003 -1.400000 -45.501984 
0.070003 -1.400000 -53.106801 
0.075004 -1.400000 -49.304393 
0.080004 -1.400000 -55.008005 
0.085004 -1.400000 -53.106801 
0.090004 -1.400000 -56.909209 
0.095005 -1.400000 -51.205597 
0.100005 -1.400000 -51.205597 
0.105005 -1.400000 -56.909209 
0.110005 -1.400000 -56.909209 
0.115005 -1.400000 -55.008005 
0.120006 -1.400000 -56.909209 
0.125006 -1.400000 -58.810413 
0.130006 -1.400000 -66.415230 
0.135006 -1.400000 -58.810413 
0.140006 -1.400000 -64.514026 
0.145007 -1.400000 -62.612822 
0.150007 -1.400000 -64.514026 
0.155007 -1.400000 -68.316434 
0.160007 -1.400000 -62.612822 
0.165007 -1.400000 -66.415230 
0.170007 -1.400000 -70.217638 
0.175007 -1.400000 -72.118842 
0.180008 -1.400000 -70.217638 
0.185008 -1.400000 -62.612822 
0.190008 -1.400000 -66.415230 
0.195008 -1.400000 -68.316434 
0.200016 -1.400000 -66.415230 
0.205016 -1.400000 -74.020047 
0.210016 -1.400000 -68.316434 
0.215017 -1.400000 -66.415230 
0.220017 -1.400000 -72.118842 
0.225017 -1.400000 -68.316434 
0.230017 -1.400000 -77.822455 
0.235017 -1.400000 -66.415230 
0.240017 -1.400000 -72.118842 
0.245017 -1.400000 -75.921251 
0.250017 -1.400000 -72.118842 
0.255017 -1.400000 -77.822455 
0.260018 -1.400000 -74.020047 
0.265018 -1.400000 -74.020047 
0.270018 -1.400000 -72.118842 
0.275018 -1.400000 -66.415230 
0.280018 -1.400000 -75.921251 
0.285018 -1.400000 -68.316434 
0.290019 -1.400000 -72.118842 
0.295019 -1.400000 -72.118842 
0.300019 -1.400000 -72.118842 
0.305019 -1.400000 -72.118842 
0.310019 -1.400000 -75.921251 
0.315020 -1.400000 -72.118842 
0.320020 -1.400000 -72.118842 
0.325020 -1.400000 -74.020047 
0.330020 -1.400000 -64.514026 
0.335020 -1.400000 -64.514026 
0.340021 -1.400000 -66.415230 
0.345021 -1.400000 -70.217638 
0.350021 -1.400000 -74.020047 
0.355021 -1.400000 -64.514026 
0.360021 -1.400000 -74.020047 
0.365021 -1.400000 -70.217638 
0.370021 -1.400000 -70.217638 
0.375022 -1.400000 -74.020047 
0.380022 -1.400000 -66.415230 
0.385022 -1.400000 -75.921251 
0.390031 -1.400000 -68.316434 
0.395031 -1.400000 -66.415230 
0.400031 -1.400000 -70.217638 
0.405031 -1.400000 -64.514026 
0.410031 -1.400000 -66.415230 
0.415034 -1.400000 -68.316434 
0.420034 -1.400000 -62.612822 
0.425034 -1.400000 -64.514026 
0.430034 -1.400000 -64.514026 
0.435035 -1.400000 -62.612822 
0.440035 -1.400000 -66.415230 
0.445035 -1.400000 -64.514026 
0.450035 -1.400000 -64.514026 
0.455036 -1.400000 -60.711617 
0.460036 -1.400000 -70.217638 
0.465036 -1.400000 -58.810413 
0.470036 -1.400000 -64.514026 
0.475037 -1.400000 -68.316434 
0.480050 -1.400000 -62.612822 
0.485051 -1.400000 -62.612822 
0.490051 -1.400000 -58.810413 
0.495051 -1.400000 -62.612822 
0.500051 -1.400000 -64.514026 
0.505051 -1.400000 -68.316434 
0.510051 -1.400000 -66.415230 
0.515052 -1.400000 -62.612822 
0.520052 -1.400000 -64.514026 
0.525052 -1.400000 -58.810413 
0.530053 -1.400000 -56.909209 
0.535053 -1.400000 -60.711617 
0.540053 -1.400000 -56.909209 
0.545053 -1.400000 -58.810413 
0.550053 -1.400000 -53.106801 
0.555053 -1.400000 -56.909209 
0.560053 -1.400000 -60.711617 
0.565054 -1.400000 -51.205597 
0.570054 -1.400000 -64.514026 
0.575054 -1.400000 -58.810413 
0.580054 -1.400000 -55.008005 
0.585054 -1.400000 -53.106801 
0.590054 -1.400000 -53.106801 
0.595054 -1.400000 -56.909209 
0.600055 -1.400000 -62.612822 
0.605055 -1.400000 -56.909209 
0.610055 -1.400000 -55.008005 
0.615055 -1.400000 -56.909209 
0.620055 -1.400000 -53.106801 
0.625055 -1.400000 -56.909209 
0.630055 -1.400000 -56.909209 
0.635055 -1.400000 -58.810413 
0.640056 -1.400000 -56.909209 
0.645056 -1.400000 -53.106801 
0.650056 -1.400000 -58.810413 
0.655056 -1.400000 -49.304393 
0.660056 -1.400000 -58.810413 
0.665056 -1.400000 -51.205597 
0.670056 -1.400000 -53.106801 
0.675057 -1.400000 -51.205597 
0.680057 -1.400000 -47.403188 
0.685057 -1.400000 -56.909209 
0.690057 -1.400000 -47.403188 
0.695057 -1.400000 -49.304393 
0.700057 -1.400000 -51.205597 
0.705057 -1.400000 -49.304393 
0.710058 -1.400000 -49.304393 
0.715058 -1.400000 -51.205597 
0.720058 -1.400000 -51.205597 
0.725058 -1.400000 -53.106801 
0.730058 -1.400000 -56.909209 
0.735059 -1.400000 -47.403188 
0.740059 -1.400000 -51.205597 
0.745059 -1.400000 -51.205597 
0.750059 -1.400000 -49.304393 
0.755059 -1.400000 -53.106801 
0.760060 -1.400000 -51.205597 
0.765060 -1.400000 -47.403188 
0.770060 -1.400000 -51.205597 
0.775060 -1.400000 -49.304393 
0.780060 -1.400000 -43.600780 
0.785060 -1.400000 -45.501984 
0.790060 -1.400000 -51.205597 
0.795060 -1.400000 -45.501984 
0.800060 -1.400000 -49.304393 
0.805060 -1.400000 -49.304393 
0.810061 -1.400000 -49.304393 
0.815061 -1.400000 -53.106801 
0.820061 -1.400000 -45.501984 
0.825061 -1.400000 -43.600780 
0.830061 -1.400000 -47.403188 
0.835061 -1.400000 -45.501984 
0.840061 -1.400000 -53.106801 
0.845061 -1.400000 -49.304393 
0.850061 -1.400000 -45.501984 
0.855062 -1.400000 -51.205597 
0.860062 -1.400000 -47.403188 
0.865062 -1.400000 -47.403188 
0.870062 -1.400000 -43.600780 
0.875062 -1.400000 -47.403188 
0.880063 -1.400000 -43.600780 
0.885063 -1.400000 -45.501984 
0.890063 -1.400000 -47.403188 
0.895063 -1.400000 -39.798372 
0.900063 -1.400000 -41.699576 
0.905063 -1.400000 -45.501984 
0.910063 -1.400000 -41.699576 
0.915064 -1.400000 -49.304393 
0.920064 -1.400000 -43.600780 
0.925064 -1.400000 -41.699576 
0.930064 -1.400000 -49.304393 
0.935064 -1.400000 -41.699576 
0.940065 -1.400000 -43.600780 
0.945065 -1.400000 -51.205597 
0.950065 -1.400000 -43.600780 
0.955065 -1.400000 -41.699576 
0.960065 -1.400000 -53.106801 
0.965065 -1.400000 -43.600780 
0.970065 -1.400000 -45.501984 
0.975065 -1.400000 -47.403188 
0.980066 -1.400000 -41.699576 
0.985081 -1.400000 -35.995963 
0.990081 -1.400000 -47.403188 
0.995081 -1.400000 -43.600780 
