0.000000 -2.200000 2.562121 
0.005001 -2.200000 4.463326 
0.010001 -2.200000 0.660917 
0.015001 -2.200000 4.463326 
0.020002 -2.200000 -1.240287 
0.025002 -2.200000 -1.240287 
0.030002 -2.200000 -8.845103 
0.035003 -2.200000 -16.449920 
0.040003 -2.200000 -22.153532 
0.045003 -2.200000 -37.363166 
0.050003 -2.200000 -44.967982 
0.055004 -2.200000 -63.980024 
0.060004 -2.200000 -67.782432 
0.065004 -2.200000 -69.683636 
0.070004 -2.200000 -75.387249 
0.075004 -2.200000 -69.683636 
0.080005 -2.200000 -77.288453 
0.085005 -2.200000 -73.486045 
0.090005 -2.200000 -82.992065 
0.095005 -2.200000 -82.992065 
0.100013 -2.200000 -81.090861 
0.105014 -2.200000 -82.992065 
0.110014 -2.200000 -88.695678 
0.115014 -2.200000 -94.399290 
0.120014 -2.200000 -90.596882 
0.125015 -2.200000 -86.794474 
0.130015 -2.200000 -98.201699 
0.135015 -2.200000 -92.498086 
0.140015 -2.200000 -94.399290 
0.145015 -2.200000 -98.201699 
0.150016 -2.200000 -94.399290 
0.155016 -2.200000 -107.707719 
0.160016 -2.200000 -98.201699 
0.165016 -2.200000 -107.707719 
0.170016 -2.200000 -107.707719 
0.175016 -2.200000 -98.201699 
0.180017 -2.200000 -109.608923 
0.185017 -2.200000 -105.806515 
0.190017 -2.200000 -102.004107 
0.195017 -2.200000 -102.004107 
0.200018 -2.200000 -98.201699 
0.205018 -2.200000 -111.510128 
0.210018 -2.200000 -98.201699 
0.215018 -2.200000 -105.806515 
0.220019 -2.200000 -109.608923 
0.225019 -2.200000 -98.201699 
0.230019 -2.200000 -102.004107 
0.235019 -2.200000 -113.411332 
0.240019 -2.200000 -100.102903 
0.245020 -2.200000 -115.312536 
0.250020 -2.200000 -105.806515 
0.255021 -2.200000 -113.411332 
0.260021 -2.200000 -107.707719 
0.265021 -2.200000 -107.707719 
0.270021 -2.200000 -107.707719 
0.275021 -2.200000 -105.806515 
0.280022 -2.200000 -109.608923 
0.285022 -2.200000 -96.300494 
0.290022 -2.200000 -105.806515 
0.295022 -2.200000 -105.806515 
0.300023 -2.200000 -103.905311 
0.305023 -2.200000 -105.806515 
0.310023 -2.200000 -109.608923 
0.315023 -2.200000 -107.707719 
0.320024 -2.200000 -107.707719 
0.325024 -2.200000 -100.102903 
0.330024 -2.200000 -107.707719 
0.335024 -2.200000 -100.102903 
0.340024 -2.200000 -113.411332 
0.345025 -2.200000 -103.905311 
0.350025 -2.200000 -102.004107 
0.355025 -2.200000 -100.102903 
0.360025 -2.200000 -98.201699 
0.365025 -2.200000 -102.004107 
0.370025 -2.200000 -92.498086 
0.375026 -2.200000 -98.201699 
0.380026 -2.200000 -102.004107 
0.385026 -2.200000 -100.102903 
0.390026 -2.200000 -102.004107 
0.395026 -2.200000 -105.806515 
0.400026 -2.200000 -98.201699 
0.405026 -2.200000 -98.201699 
0.410027 -2.200000 -100.102903 
0.415027 -2.200000 -102.004107 
0.420036 -2.200000 -96.300494 
0.425036 -2.200000 -96.300494 
0.430036 -2.200000 -98.201699 
0.435036 -2.200000 -90.596882 
0.440036 -2.200000 -96.300494 
0.445037 -2.200000 -90.596882 
0.450037 -2.200000 -98.201699 
0.455037 -2.200000 -94.399290 
0.460037 -2.200000 -96.300494 
0.465075 -2.200000 -90.596882 
0.470075 -2.200000 -92.498086 
0.475076 -2.200000 -100.102903 
0.480076 -2.200000 -92.498086 
0.485076 -2.200000 -92.498086 
0.490077 -2.200000 -98.201699 
0.495078 -2.200000 -92.498086 
0.500078 -2.200000 -98.201699 
0.505078 -2.200000 -90.596882 
0.510078 -2.200000 -90.596882 
0.515079 -2.200000 -96.300494 
0.520079 -2.200000 -94.399290 
0.525079 -2.200000 -98.201699 
0.530079 -2.200000 -90.596882 
0.535079 -2.200000 -90.596882 
0.540080 -2.200000 -88.695678 
0.545080 -2.200000 -90.596882 
0.550080 -2.200000 -96.300494 
0.555080 -2.200000 -96.300494 
0.560080 -2.200000 -92.498086 
0.565080 -2.200000 -86.794474 
0.570081 -2.200000 -88.695678 
0.575081 -2.200000 -84.893269 
0.580081 -2.200000 -90.596882 
0.585081 -2.200000 -92.498086 
0.590081 -2.200000 -90.596882 
0.595081 -2.200000 -90.596882 
0.600082 -2.200000 -88.695678 
0.605082 -2.200000 -88.695678 
0.610082 -2.200000 -86.794474 
0.615082 -2.200000 -82.992065 
0.620082 -2.200000 -86.794474 
0.625082 -2.200000 -86.794474 
0.630082 -2.200000 -84.893269 
0.635083 -2.200000 -86.794474 
0.640083 -2.200000 -86.794474 
0.645083 -2.200000 -81.090861 
0.650083 -2.200000 -88.695678 
0.655083 -2.200000 -77.288453 
0.660083 -2.200000 -82.992065 
0.665083 -2.200000 -79.189657 
0.670084 -2.200000 -82.992065 
0.675085 -2.200000 -81.090861 
0.680086 -2.200000 -90.596882 
0.685086 -2.200000 -82.992065 
0.690086 -2.200000 -81.090861 
0.695086 -2.200000 -82.992065 
0.700086 -2.200000 -81.090861 
0.705086 -2.200000 -86.794474 
0.710086 -2.200000 -77.288453 
0.715104 -2.200000 -84.893269 
0.720104 -2.200000 -75.387249 
0.725104 -2.200000 -79.189657 
0.730104 -2.200000 -82.992065 
0.735104 -2.200000 -81.090861 
0.740105 -2.200000 -82.992065 
0.745105 -2.200000 -75.387249 
0.750105 -2.200000 -82.992065 
0.755105 -2.200000 -81.090861 
0.760105 -2.200000 -77.288453 
0.765105 -2.200000 -82.992065 
0.770106 -2.200000 -75.387249 
0.775106 -2.200000 -77.288453 
0.780106 -2.200000 -77.288453 
0.785106 -2.200000 -73.486045 
0.790106 -2.200000 -82.992065 
0.795106 -2.200000 -77.288453 
0.800106 -2.200000 -73.486045 
0.805107 -2.200000 -79.189657 
0.810107 -2.200000 -81.090861 
0.815107 -2.200000 -77.288453 
0.820107 -2.200000 -79.189657 
0.825107 -2.200000 -77.288453 
0.830107 -2.200000 -82.992065 
0.835107 -2.200000 -77.288453 
0.840108 -2.200000 -81.090861 
0.845108 -2.200000 -75.387249 
0.850108 -2.200000 -82.992065 
0.855108 -2.200000 -69.683636 
0.860108 -2.200000 -71.584840 
0.865108 -2.200000 -75.387249 
0.870108 -2.200000 -79.189657 
0.875108 -2.200000 -81.090861 
0.880108 -2.200000 -77.288453 
0.885109 -2.200000 -79.189657 
0.890109 -2.200000 -75.387249 
0.895109 -2.200000 -75.387249 
0.900109 -2.200000 -77.288453 
0.905109 -2.200000 -77.288453 
0.910109 -2.200000 -77.288453 
0.915109 -2.200000 -69.683636 
0.920110 -2.200000 -79.189657 
0.925110 -2.200000 -71.584840 
0.930110 -2.200000 -77.288453 
0.935110 -2.200000 -79.189657 
0.940110 -2.200000 -73.486045 
0.945110 -2.200000 -77.288453 
0.950111 -2.200000 -73.486045 
0.955111 -2.200000 -79.189657 
0.960111 -2.200000 -75.387249 
0.965111 -2.200000 -77.288453 
0.970111 -2.200000 -75.387249 
0.975111 -2.200000 -77.288453 
0.980112 -2.200000 -67.782432 
0.985112 -2.200000 -77.288453 
0.990112 -2.200000 -73.486045 
0.995112 -2.200000 -73.486045 
