0.000001 -2.400000 3.271788 
0.005001 -2.400000 -0.530620 
0.010001 -2.400000 5.172993 
0.015001 -2.400000 3.271788 
0.020002 -2.400000 -2.431824 
0.025002 -2.400000 -4.333028 
0.030002 -2.400000 -10.036641 
0.035002 -2.400000 -17.641457 
0.040002 -2.400000 -36.653499 
0.045003 -2.400000 -49.961928 
0.050003 -2.400000 -59.467949 
0.055003 -2.400000 -74.677582 
0.060003 -2.400000 -78.479990 
0.065003 -2.400000 -78.479990 
0.070003 -2.400000 -82.282398 
0.075003 -2.400000 -86.084807 
0.080004 -2.400000 -91.788419 
0.085004 -2.400000 -87.986011 
0.090004 -2.400000 -84.183603 
0.095004 -2.400000 -93.689623 
0.100004 -2.400000 -87.986011 
0.105004 -2.400000 -93.689623 
0.110004 -2.400000 -97.492032 
0.115005 -2.400000 -97.492032 
0.120005 -2.400000 -103.195644 
0.125005 -2.400000 -108.899257 
0.130005 -2.400000 -106.998052 
0.135006 -2.400000 -114.602869 
0.140006 -2.400000 -103.195644 
0.145006 -2.400000 -114.602869 
0.150006 -2.400000 -106.998052 
0.155006 -2.400000 -110.800461 
0.160007 -2.400000 -110.800461 
0.165007 -2.400000 -116.504073 
0.170007 -2.400000 -122.207686 
0.175007 -2.400000 -122.207686 
0.180007 -2.400000 -112.701665 
0.185007 -2.400000 -120.306481 
0.190007 -2.400000 -112.701665 
0.195008 -2.400000 -114.602869 
0.200012 -2.400000 -120.306481 
0.205013 -2.400000 -114.602869 
0.210013 -2.400000 -114.602869 
0.215013 -2.400000 -122.207686 
0.220014 -2.400000 -116.504073 
0.225014 -2.400000 -126.010094 
0.230015 -2.400000 -120.306481 
0.235015 -2.400000 -122.207686 
0.240015 -2.400000 -120.306481 
0.245015 -2.400000 -124.108890 
0.250015 -2.400000 -118.405277 
0.255016 -2.400000 -118.405277 
0.260016 -2.400000 -114.602869 
0.265016 -2.400000 -116.504073 
0.270017 -2.400000 -118.405277 
0.275017 -2.400000 -112.701665 
0.280017 -2.400000 -126.010094 
0.285017 -2.400000 -114.602869 
0.290017 -2.400000 -122.207686 
0.295017 -2.400000 -118.405277 
0.300017 -2.400000 -116.504073 
0.305017 -2.400000 -120.306481 
0.310018 -2.400000 -112.701665 
0.315018 -2.400000 -112.701665 
0.320018 -2.400000 -116.504073 
0.325018 -2.400000 -118.405277 
0.330018 -2.400000 -114.602869 
0.335018 -2.400000 -116.504073 
0.340018 -2.400000 -108.899257 
0.345018 -2.400000 -118.405277 
0.350019 -2.400000 -108.899257 
0.355020 -2.400000 -114.602869 
0.360020 -2.400000 -116.504073 
0.365020 -2.400000 -116.504073 
0.370021 -2.400000 -114.602869 
0.375021 -2.400000 -114.602869 
0.380021 -2.400000 -112.701665 
0.385021 -2.400000 -112.701665 
0.390021 -2.400000 -114.602869 
0.395021 -2.400000 -105.096848 
0.400021 -2.400000 -108.899257 
0.405022 -2.400000 -110.800461 
0.410022 -2.400000 -108.899257 
0.415022 -2.400000 -110.800461 
0.420022 -2.400000 -103.195644 
0.425023 -2.400000 -106.998052 
0.430023 -2.400000 -108.899257 
0.435025 -2.400000 -110.800461 
0.440025 -2.400000 -110.800461 
0.445025 -2.400000 -99.393236 
0.450026 -2.400000 -112.701665 
0.455026 -2.400000 -108.899257 
0.460026 -2.400000 -114.602869 
0.465026 -2.400000 -106.998052 
0.470026 -2.400000 -106.998052 
0.475026 -2.400000 -106.998052 
0.480027 -2.400000 -103.195644 
0.485027 -2.400000 -106.998052 
0.490027 -2.400000 -105.096848 
0.495027 -2.400000 -103.195644 
0.500027 -2.400000 -103.195644 
0.505027 -2.400000 -103.195644 
0.510027 -2.400000 -106.998052 
0.515027 -2.400000 -101.294440 
0.520027 -2.400000 -103.195644 
0.525027 -2.400000 -103.195644 
0.530027 -2.400000 -99.393236 
0.535028 -2.400000 -106.998052 
0.540028 -2.400000 -95.590827 
0.545028 -2.400000 -93.689623 
0.550028 -2.400000 -101.294440 
0.555028 -2.400000 -97.492032 
0.560028 -2.400000 -95.590827 
0.565028 -2.400000 -97.492032 
0.570029 -2.400000 -101.294440 
0.575029 -2.400000 -97.492032 
0.580029 -2.400000 -95.590827 
0.585030 -2.400000 -101.294440 
0.590030 -2.400000 -95.590827 
0.595030 -2.400000 -97.492032 
0.600030 -2.400000 -89.887215 
0.605030 -2.400000 -97.492032 
0.610031 -2.400000 -97.492032 
0.615031 -2.400000 -103.195644 
0.620032 -2.400000 -93.689623 
0.625032 -2.400000 -93.689623 
0.630032 -2.400000 -91.788419 
0.635032 -2.400000 -95.590827 
0.640032 -2.400000 -101.294440 
0.645033 -2.400000 -89.887215 
0.650033 -2.400000 -97.492032 
0.655033 -2.400000 -87.986011 
0.660034 -2.400000 -89.887215 
0.665034 -2.400000 -101.294440 
0.670035 -2.400000 -91.788419 
0.675035 -2.400000 -93.689623 
0.680035 -2.400000 -93.689623 
0.685036 -2.400000 -99.393236 
0.690037 -2.400000 -97.492032 
0.695037 -2.400000 -87.986011 
0.700037 -2.400000 -89.887215 
0.705038 -2.400000 -89.887215 
0.710038 -2.400000 -91.788419 
0.715039 -2.400000 -82.282398 
0.720039 -2.400000 -93.689623 
0.725039 -2.400000 -91.788419 
0.730039 -2.400000 -86.084807 
0.735039 -2.400000 -91.788419 
0.740101 -2.400000 -86.084807 
0.745101 -2.400000 -87.986011 
0.750101 -2.400000 -89.887215 
0.755101 -2.400000 -97.492032 
0.760102 -2.400000 -87.986011 
0.765102 -2.400000 -89.887215 
0.770102 -2.400000 -84.183603 
0.775102 -2.400000 -84.183603 
0.780102 -2.400000 -87.986011 
0.785103 -2.400000 -87.986011 
0.790103 -2.400000 -93.689623 
0.795103 -2.400000 -82.282398 
0.800103 -2.400000 -91.788419 
0.805104 -2.400000 -87.986011 
0.810104 -2.400000 -87.986011 
0.815104 -2.400000 -91.788419 
0.820104 -2.400000 -87.986011 
0.825104 -2.400000 -87.986011 
0.830104 -2.400000 -84.183603 
0.835105 -2.400000 -87.986011 
0.840105 -2.400000 -86.084807 
0.845105 -2.400000 -86.084807 
0.850105 -2.400000 -86.084807 
0.855105 -2.400000 -89.887215 
0.860105 -2.400000 -82.282398 
0.865106 -2.400000 -87.986011 
0.870106 -2.400000 -82.282398 
0.875106 -2.400000 -91.788419 
0.880106 -2.400000 -86.084807 
0.885106 -2.400000 -87.986011 
0.890106 -2.400000 -86.084807 
0.895106 -2.400000 -86.084807 
0.900107 -2.400000 -87.986011 
0.905107 -2.400000 -82.282398 
0.910107 -2.400000 -87.986011 
0.915107 -2.400000 -82.282398 
0.920107 -2.400000 -89.887215 
0.925107 -2.400000 -86.084807 
0.930107 -2.400000 -80.381194 
0.935108 -2.400000 -84.183603 
0.940108 -2.400000 -80.381194 
0.945108 -2.400000 -91.788419 
0.950108 -2.400000 -78.479990 
0.955108 -2.400000 -87.986011 
0.960108 -2.400000 -80.381194 
0.965108 -2.400000 -87.986011 
0.970109 -2.400000 -82.282398 
0.975109 -2.400000 -82.282398 
0.980109 -2.400000 -87.986011 
0.985110 -2.400000 -78.479990 
0.990110 -2.400000 -86.084807 
0.995110 -2.400000 -93.689623 
