0.000001 -3.100000 1.141149 
0.005001 -3.100000 6.844761 
0.010001 -3.100000 3.042353 
0.015001 -3.100000 6.844761 
0.020001 -3.100000 -4.562464 
0.025002 -3.100000 -17.870893 
0.030002 -3.100000 -15.969689 
0.035002 -3.100000 -40.685343 
0.040003 -3.100000 -57.796180 
0.045003 -3.100000 -74.907017 
0.050003 -3.100000 -90.116651 
0.055003 -3.100000 -95.820263 
0.060004 -3.100000 -95.820263 
0.065004 -3.100000 -97.721467 
0.070004 -3.100000 -105.326284 
0.075004 -3.100000 -107.227488 
0.080004 -3.100000 -107.227488 
0.085005 -3.100000 -97.721467 
0.090005 -3.100000 -109.128692 
0.095005 -3.100000 -120.535917 
0.100005 -3.100000 -122.437121 
0.105005 -3.100000 -126.239529 
0.110006 -3.100000 -130.041938 
0.115006 -3.100000 -130.041938 
0.120006 -3.100000 -126.239529 
0.125006 -3.100000 -126.239529 
0.130006 -3.100000 -126.239529 
0.135006 -3.100000 -130.041938 
0.140006 -3.100000 -133.844346 
0.145007 -3.100000 -130.041938 
0.150007 -3.100000 -135.745550 
0.155007 -3.100000 -131.943142 
0.160007 -3.100000 -137.646754 
0.165008 -3.100000 -137.646754 
0.170008 -3.100000 -133.844346 
0.175008 -3.100000 -141.449163 
0.180008 -3.100000 -133.844346 
0.185008 -3.100000 -149.053979 
0.190008 -3.100000 -149.053979 
0.195008 -3.100000 -143.350367 
0.200009 -3.100000 -141.449163 
0.205009 -3.100000 -143.350367 
0.210009 -3.100000 -139.547958 
0.215009 -3.100000 -143.350367 
0.220009 -3.100000 -133.844346 
0.225010 -3.100000 -133.844346 
0.230010 -3.100000 -147.152775 
0.235010 -3.100000 -141.449163 
0.240010 -3.100000 -139.547958 
0.245011 -3.100000 -141.449163 
0.250011 -3.100000 -141.449163 
0.255011 -3.100000 -141.449163 
0.260011 -3.100000 -145.251571 
0.265011 -3.100000 -135.745550 
0.270011 -3.100000 -145.251571 
0.275011 -3.100000 -139.547958 
0.280011 -3.100000 -137.646754 
0.285011 -3.100000 -143.350367 
0.290012 -3.100000 -135.745550 
0.295012 -3.100000 -145.251571 
0.300012 -3.100000 -143.350367 
0.305012 -3.100000 -145.251571 
0.310013 -3.100000 -139.547958 
0.315013 -3.100000 -137.646754 
0.320013 -3.100000 -135.745550 
0.325013 -3.100000 -133.844346 
0.330013 -3.100000 -141.449163 
0.335013 -3.100000 -133.844346 
0.340025 -3.100000 -133.844346 
0.345025 -3.100000 -137.646754 
0.350026 -3.100000 -137.646754 
0.355026 -3.100000 -135.745550 
0.360026 -3.100000 -133.844346 
0.365026 -3.100000 -130.041938 
0.370026 -3.100000 -137.646754 
0.375026 -3.100000 -137.646754 
0.380026 -3.100000 -139.547958 
0.385026 -3.100000 -141.449163 
0.390026 -3.100000 -130.041938 
0.395027 -3.100000 -139.547958 
0.400027 -3.100000 -131.943142 
0.405027 -3.100000 -133.844346 
0.410027 -3.100000 -133.844346 
0.415027 -3.100000 -133.844346 
0.420027 -3.100000 -139.547958 
0.425027 -3.100000 -133.844346 
0.430028 -3.100000 -130.041938 
0.435028 -3.100000 -131.943142 
0.440028 -3.100000 -135.745550 
0.445028 -3.100000 -131.943142 
0.450028 -3.100000 -137.646754 
0.455028 -3.100000 -135.745550 
0.460028 -3.100000 -128.140734 
0.465029 -3.100000 -130.041938 
0.470029 -3.100000 -133.844346 
0.475029 -3.100000 -131.943142 
0.480029 -3.100000 -122.437121 
0.485029 -3.100000 -128.140734 
0.490029 -3.100000 -130.041938 
0.495029 -3.100000 -126.239529 
0.500029 -3.100000 -126.239529 
0.505030 -3.100000 -130.041938 
0.510030 -3.100000 -126.239529 
0.515030 -3.100000 -128.140734 
0.520030 -3.100000 -122.437121 
0.525030 -3.100000 -130.041938 
0.530030 -3.100000 -126.239529 
0.535030 -3.100000 -128.140734 
0.540030 -3.100000 -128.140734 
0.545030 -3.100000 -130.041938 
0.550031 -3.100000 -126.239529 
0.555031 -3.100000 -122.437121 
0.560031 -3.100000 -120.535917 
0.565031 -3.100000 -126.239529 
0.570031 -3.100000 -126.239529 
0.575031 -3.100000 -124.338325 
0.580031 -3.100000 -126.239529 
0.585031 -3.100000 -130.041938 
0.590032 -3.100000 -120.535917 
0.595032 -3.100000 -128.140734 
0.600032 -3.100000 -118.634713 
0.605032 -3.100000 -114.832305 
0.610032 -3.100000 -118.634713 
0.615032 -3.100000 -120.535917 
0.620032 -3.100000 -122.437121 
0.625032 -3.100000 -128.140734 
0.630033 -3.100000 -124.338325 
0.635033 -3.100000 -126.239529 
0.640033 -3.100000 -126.239529 
0.645034 -3.100000 -118.634713 
0.650047 -3.100000 -114.832305 
0.655047 -3.100000 -122.437121 
0.660047 -3.100000 -116.733509 
0.665048 -3.100000 -124.338325 
0.670048 -3.100000 -114.832305 
0.675048 -3.100000 -118.634713 
0.680048 -3.100000 -120.535917 
0.685048 -3.100000 -118.634713 
0.690048 -3.100000 -116.733509 
0.695048 -3.100000 -124.338325 
0.700048 -3.100000 -116.733509 
0.705048 -3.100000 -118.634713 
0.710048 -3.100000 -126.239529 
0.715048 -3.100000 -116.733509 
0.720049 -3.100000 -118.634713 
0.725049 -3.100000 -122.437121 
0.730049 -3.100000 -114.832305 
0.735049 -3.100000 -118.634713 
0.740049 -3.100000 -122.437121 
0.745049 -3.100000 -122.437121 
0.750049 -3.100000 -114.832305 
0.755049 -3.100000 -120.535917 
0.760050 -3.100000 -124.338325 
0.765050 -3.100000 -120.535917 
0.770050 -3.100000 -120.535917 
0.775050 -3.100000 -120.535917 
0.780050 -3.100000 -109.128692 
0.785050 -3.100000 -120.535917 
0.790050 -3.100000 -118.634713 
0.795050 -3.100000 -116.733509 
0.800050 -3.100000 -122.437121 
0.805051 -3.100000 -118.634713 
0.810051 -3.100000 -116.733509 
0.815051 -3.100000 -118.634713 
0.820051 -3.100000 -114.832305 
0.825051 -3.100000 -112.931100 
0.830051 -3.100000 -118.634713 
0.835051 -3.100000 -122.437121 
0.840051 -3.100000 -112.931100 
0.845052 -3.100000 -120.535917 
0.850052 -3.100000 -120.535917 
0.855052 -3.100000 -116.733509 
0.860052 -3.100000 -120.535917 
0.865052 -3.100000 -120.535917 
0.870052 -3.100000 -120.535917 
0.875052 -3.100000 -111.029896 
0.880053 -3.100000 -111.029896 
0.885053 -3.100000 -118.634713 
0.890053 -3.100000 -118.634713 
0.895053 -3.100000 -122.437121 
0.900053 -3.100000 -111.029896 
0.905053 -3.100000 -120.535917 
0.910053 -3.100000 -111.029896 
0.915053 -3.100000 -116.733509 
0.920053 -3.100000 -118.634713 
0.925054 -3.100000 -120.535917 
0.930054 -3.100000 -112.931100 
0.935054 -3.100000 -122.437121 
0.940054 -3.100000 -116.733509 
0.945054 -3.100000 -111.029896 
0.950054 -3.100000 -116.733509 
0.955054 -3.100000 -118.634713 
0.960054 -3.100000 -112.931100 
0.965055 -3.100000 -116.733509 
0.970055 -3.100000 -114.832305 
0.975055 -3.100000 -118.634713 
0.980055 -3.100000 -120.535917 
0.985055 -3.100000 -114.832305 
0.990055 -3.100000 -122.437121 
0.995055 -3.100000 -120.535917 
