0.000001 -2.500000 2.205221 
0.005001 -2.500000 0.304017 
0.010001 -2.500000 2.205221 
0.015001 -2.500000 -1.597187 
0.020002 -2.500000 -3.498391 
0.025002 -2.500000 -13.004412 
0.030005 -2.500000 -20.609229 
0.035006 -2.500000 -43.423678 
0.040006 -2.500000 -49.127291 
0.045006 -2.500000 -68.139332 
0.050006 -2.500000 -70.040537 
0.055007 -2.500000 -77.645353 
0.060007 -2.500000 -79.546557 
0.065007 -2.500000 -77.645353 
0.070007 -2.500000 -81.447761 
0.075008 -2.500000 -87.151374 
0.080008 -2.500000 -77.645353 
0.085008 -2.500000 -81.447761 
0.090008 -2.500000 -96.657395 
0.095008 -2.500000 -96.657395 
0.100008 -2.500000 -102.361007 
0.105008 -2.500000 -98.558599 
0.110009 -2.500000 -100.459803 
0.115009 -2.500000 -98.558599 
0.120009 -2.500000 -102.361007 
0.125009 -2.500000 -98.558599 
0.130010 -2.500000 -108.064620 
0.135010 -2.500000 -106.163415 
0.140010 -2.500000 -115.669436 
0.145010 -2.500000 -106.163415 
0.150010 -2.500000 -117.570640 
0.155011 -2.500000 -115.669436 
0.160011 -2.500000 -119.471844 
0.165011 -2.500000 -111.867028 
0.170011 -2.500000 -111.867028 
0.175012 -2.500000 -113.768232 
0.180012 -2.500000 -119.471844 
0.185012 -2.500000 -115.669436 
0.190012 -2.500000 -119.471844 
0.195012 -2.500000 -119.471844 
0.200012 -2.500000 -113.768232 
0.205012 -2.500000 -117.570640 
0.210013 -2.500000 -119.471844 
0.215013 -2.500000 -115.669436 
0.220013 -2.500000 -117.570640 
0.225013 -2.500000 -123.274253 
0.230013 -2.500000 -121.373049 
0.235013 -2.500000 -128.977865 
0.240013 -2.500000 -121.373049 
0.245013 -2.500000 -121.373049 
0.250014 -2.500000 -117.570640 
0.255014 -2.500000 -121.373049 
0.260014 -2.500000 -121.373049 
0.265014 -2.500000 -111.867028 
0.270014 -2.500000 -121.373049 
0.275015 -2.500000 -115.669436 
0.280015 -2.500000 -119.471844 
0.285015 -2.500000 -117.570640 
0.290015 -2.500000 -123.274253 
0.295015 -2.500000 -119.471844 
0.300016 -2.500000 -123.274253 
0.305016 -2.500000 -119.471844 
0.310016 -2.500000 -117.570640 
0.315016 -2.500000 -113.768232 
0.320016 -2.500000 -123.274253 
0.325016 -2.500000 -115.669436 
0.330017 -2.500000 -117.570640 
0.335017 -2.500000 -119.471844 
0.340017 -2.500000 -111.867028 
0.345017 -2.500000 -117.570640 
0.350017 -2.500000 -109.965824 
0.355017 -2.500000 -111.867028 
0.360018 -2.500000 -121.373049 
0.365018 -2.500000 -113.768232 
0.370018 -2.500000 -121.373049 
0.375018 -2.500000 -109.965824 
0.380018 -2.500000 -119.471844 
0.385018 -2.500000 -106.163415 
0.390018 -2.500000 -113.768232 
0.395018 -2.500000 -109.965824 
0.400018 -2.500000 -109.965824 
0.405019 -2.500000 -111.867028 
0.410019 -2.500000 -108.064620 
0.415019 -2.500000 -108.064620 
0.420019 -2.500000 -115.669436 
0.425019 -2.500000 -109.965824 
0.430019 -2.500000 -111.867028 
0.435019 -2.500000 -113.768232 
0.440019 -2.500000 -106.163415 
0.445020 -2.500000 -108.064620 
0.450020 -2.500000 -104.262211 
0.455020 -2.500000 -115.669436 
0.460020 -2.500000 -108.064620 
0.465021 -2.500000 -109.965824 
0.470021 -2.500000 -102.361007 
0.475021 -2.500000 -108.064620 
0.480021 -2.500000 -109.965824 
0.485021 -2.500000 -98.558599 
0.490022 -2.500000 -109.965824 
0.495022 -2.500000 -106.163415 
0.500022 -2.500000 -113.768232 
0.505022 -2.500000 -100.459803 
0.510022 -2.500000 -108.064620 
0.515022 -2.500000 -100.459803 
0.520022 -2.500000 -109.965824 
0.525022 -2.500000 -111.867028 
0.530023 -2.500000 -106.163415 
0.535023 -2.500000 -109.965824 
0.540023 -2.500000 -102.361007 
0.545023 -2.500000 -108.064620 
0.550024 -2.500000 -98.558599 
0.555024 -2.500000 -102.361007 
0.560024 -2.500000 -102.361007 
0.565024 -2.500000 -100.459803 
0.570024 -2.500000 -108.064620 
0.575024 -2.500000 -98.558599 
0.580024 -2.500000 -100.459803 
0.585025 -2.500000 -94.756191 
0.590025 -2.500000 -106.163415 
0.595025 -2.500000 -96.657395 
0.600025 -2.500000 -98.558599 
0.605025 -2.500000 -106.163415 
0.610025 -2.500000 -94.756191 
0.615025 -2.500000 -98.558599 
0.620026 -2.500000 -96.657395 
0.625026 -2.500000 -96.657395 
0.630026 -2.500000 -102.361007 
0.635026 -2.500000 -92.854986 
0.640026 -2.500000 -102.361007 
0.645026 -2.500000 -92.854986 
0.650026 -2.500000 -94.756191 
0.655026 -2.500000 -98.558599 
0.660027 -2.500000 -96.657395 
0.665027 -2.500000 -102.361007 
0.670027 -2.500000 -96.657395 
0.675027 -2.500000 -102.361007 
0.680027 -2.500000 -96.657395 
0.685027 -2.500000 -100.459803 
0.690027 -2.500000 -89.052578 
0.695028 -2.500000 -90.953782 
0.700028 -2.500000 -89.052578 
0.705028 -2.500000 -92.854986 
0.710029 -2.500000 -90.953782 
0.715029 -2.500000 -94.756191 
0.720029 -2.500000 -96.657395 
0.725029 -2.500000 -102.361007 
0.730029 -2.500000 -89.052578 
0.735029 -2.500000 -92.854986 
0.740030 -2.500000 -89.052578 
0.745030 -2.500000 -96.657395 
0.750030 -2.500000 -89.052578 
0.755030 -2.500000 -92.854986 
0.760030 -2.500000 -89.052578 
0.765030 -2.500000 -89.052578 
0.770041 -2.500000 -96.657395 
0.775041 -2.500000 -87.151374 
0.780042 -2.500000 -94.756191 
0.785042 -2.500000 -96.657395 
0.790042 -2.500000 -87.151374 
0.795042 -2.500000 -92.854986 
0.800042 -2.500000 -87.151374 
0.805043 -2.500000 -89.052578 
0.810043 -2.500000 -87.151374 
0.815043 -2.500000 -94.756191 
0.820043 -2.500000 -83.348966 
0.825043 -2.500000 -90.953782 
0.830043 -2.500000 -89.052578 
0.835043 -2.500000 -92.854986 
0.840044 -2.500000 -89.052578 
0.845044 -2.500000 -92.854986 
0.850044 -2.500000 -87.151374 
0.855055 -2.500000 -89.052578 
0.860055 -2.500000 -85.250170 
0.865055 -2.500000 -87.151374 
0.870055 -2.500000 -87.151374 
0.875055 -2.500000 -90.953782 
0.880055 -2.500000 -90.953782 
0.885056 -2.500000 -90.953782 
0.890056 -2.500000 -87.151374 
0.895056 -2.500000 -89.052578 
0.900056 -2.500000 -85.250170 
0.905057 -2.500000 -87.151374 
0.910057 -2.500000 -81.447761 
0.915058 -2.500000 -87.151374 
0.920058 -2.500000 -85.250170 
0.925058 -2.500000 -94.756191 
0.930058 -2.500000 -89.052578 
0.935058 -2.500000 -87.151374 
0.940058 -2.500000 -79.546557 
0.945058 -2.500000 -90.953782 
0.950058 -2.500000 -83.348966 
0.955059 -2.500000 -87.151374 
0.960059 -2.500000 -89.052578 
0.965059 -2.500000 -85.250170 
0.970059 -2.500000 -89.052578 
0.975059 -2.500000 -81.447761 
0.980059 -2.500000 -90.953782 
0.985059 -2.500000 -87.151374 
0.990059 -2.500000 -87.151374 
0.995060 -2.500000 -83.348966 
