0.000000 -1.900000 5.687118 
0.005001 -1.900000 3.785913 
0.010001 -1.900000 -3.818903 
0.015001 -1.900000 3.785913 
0.020006 -1.900000 -3.818903 
0.025006 -1.900000 1.884709 
0.030006 -1.900000 -1.917699 
0.035007 -1.900000 -7.621311 
0.040007 -1.900000 -13.324924 
0.045007 -1.900000 -30.435761 
0.050007 -1.900000 -43.744190 
0.055007 -1.900000 -53.250211 
0.060007 -1.900000 -57.052619 
0.065007 -1.900000 -70.361048 
0.070008 -1.900000 -64.657436 
0.075008 -1.900000 -66.558640 
0.080008 -1.900000 -62.756232 
0.085008 -1.900000 -58.953824 
0.090008 -1.900000 -68.459844 
0.095009 -1.900000 -62.756232 
0.100009 -1.900000 -76.064661 
0.105009 -1.900000 -72.262253 
0.110009 -1.900000 -74.163457 
0.115010 -1.900000 -76.064661 
0.120010 -1.900000 -77.965865 
0.125010 -1.900000 -74.163457 
0.130010 -1.900000 -83.669477 
0.135027 -1.900000 -79.867069 
0.140027 -1.900000 -77.965865 
0.145027 -1.900000 -85.570682 
0.150027 -1.900000 -85.570682 
0.155027 -1.900000 -83.669477 
0.160028 -1.900000 -93.175498 
0.165028 -1.900000 -89.373090 
0.170029 -1.900000 -85.570682 
0.175029 -1.900000 -91.274294 
0.180029 -1.900000 -85.570682 
0.185029 -1.900000 -93.175498 
0.190030 -1.900000 -95.076702 
0.195030 -1.900000 -89.373090 
0.200030 -1.900000 -87.471886 
0.205031 -1.900000 -96.977907 
0.210031 -1.900000 -87.471886 
0.215031 -1.900000 -95.076702 
0.220031 -1.900000 -91.274294 
0.225032 -1.900000 -95.076702 
0.230032 -1.900000 -91.274294 
0.235032 -1.900000 -95.076702 
0.240032 -1.900000 -85.570682 
0.245032 -1.900000 -96.977907 
0.250033 -1.900000 -87.471886 
0.255033 -1.900000 -95.076702 
0.260033 -1.900000 -87.471886 
0.265033 -1.900000 -100.780315 
0.270034 -1.900000 -93.175498 
0.275034 -1.900000 -91.274294 
0.280034 -1.900000 -98.879111 
0.285035 -1.900000 -89.373090 
0.290035 -1.900000 -93.175498 
0.295035 -1.900000 -87.471886 
0.300035 -1.900000 -89.373090 
0.305035 -1.900000 -85.570682 
0.310036 -1.900000 -91.274294 
0.315036 -1.900000 -93.175498 
0.320037 -1.900000 -87.471886 
0.325037 -1.900000 -95.076702 
0.330037 -1.900000 -85.570682 
0.335037 -1.900000 -95.076702 
0.340038 -1.900000 -87.471886 
0.345038 -1.900000 -89.373090 
0.350038 -1.900000 -91.274294 
0.355038 -1.900000 -85.570682 
0.360038 -1.900000 -95.076702 
0.365038 -1.900000 -81.768273 
0.370038 -1.900000 -87.471886 
0.375039 -1.900000 -87.471886 
0.380039 -1.900000 -81.768273 
0.385039 -1.900000 -85.570682 
0.390039 -1.900000 -85.570682 
0.395052 -1.900000 -85.570682 
0.400052 -1.900000 -85.570682 
0.405052 -1.900000 -87.471886 
0.410052 -1.900000 -87.471886 
0.415052 -1.900000 -85.570682 
0.420060 -1.900000 -83.669477 
0.425060 -1.900000 -89.373090 
0.430060 -1.900000 -85.570682 
0.435060 -1.900000 -83.669477 
0.440060 -1.900000 -89.373090 
0.445060 -1.900000 -87.471886 
0.450060 -1.900000 -85.570682 
0.455060 -1.900000 -77.965865 
0.460061 -1.900000 -81.768273 
0.465061 -1.900000 -79.867069 
0.470061 -1.900000 -79.867069 
0.475061 -1.900000 -83.669477 
0.480061 -1.900000 -74.163457 
0.485061 -1.900000 -83.669477 
0.490061 -1.900000 -77.965865 
0.495061 -1.900000 -79.867069 
0.500062 -1.900000 -79.867069 
0.505062 -1.900000 -76.064661 
0.510062 -1.900000 -79.867069 
0.515062 -1.900000 -74.163457 
0.520062 -1.900000 -83.669477 
0.525062 -1.900000 -81.768273 
0.530062 -1.900000 -85.570682 
0.535062 -1.900000 -74.163457 
0.540063 -1.900000 -81.768273 
0.545063 -1.900000 -76.064661 
0.550064 -1.900000 -72.262253 
0.555064 -1.900000 -79.867069 
0.560064 -1.900000 -83.669477 
0.565064 -1.900000 -77.965865 
0.570064 -1.900000 -74.163457 
0.575065 -1.900000 -76.064661 
0.580065 -1.900000 -76.064661 
0.585081 -1.900000 -79.867069 
0.590081 -1.900000 -83.669477 
0.595082 -1.900000 -70.361048 
0.600082 -1.900000 -76.064661 
0.605082 -1.900000 -66.558640 
0.610082 -1.900000 -72.262253 
0.615083 -1.900000 -74.163457 
0.620083 -1.900000 -77.965865 
0.625083 -1.900000 -72.262253 
0.630083 -1.900000 -74.163457 
0.635083 -1.900000 -77.965865 
0.640083 -1.900000 -68.459844 
0.645084 -1.900000 -72.262253 
0.650084 -1.900000 -74.163457 
0.655084 -1.900000 -77.965865 
0.660085 -1.900000 -79.867069 
0.665085 -1.900000 -72.262253 
0.670085 -1.900000 -74.163457 
0.675085 -1.900000 -74.163457 
0.680086 -1.900000 -70.361048 
0.685086 -1.900000 -72.262253 
0.690087 -1.900000 -74.163457 
0.695087 -1.900000 -68.459844 
0.700087 -1.900000 -64.657436 
0.705088 -1.900000 -68.459844 
0.710088 -1.900000 -72.262253 
0.715089 -1.900000 -70.361048 
0.720089 -1.900000 -74.163457 
0.725089 -1.900000 -72.262253 
0.730090 -1.900000 -70.361048 
0.735090 -1.900000 -70.361048 
0.740090 -1.900000 -68.459844 
0.745090 -1.900000 -70.361048 
0.750090 -1.900000 -64.657436 
0.755091 -1.900000 -64.657436 
0.760091 -1.900000 -72.262253 
0.765091 -1.900000 -60.855028 
0.770103 -1.900000 -70.361048 
0.775103 -1.900000 -74.163457 
0.780103 -1.900000 -60.855028 
0.785103 -1.900000 -72.262253 
0.790103 -1.900000 -64.657436 
0.795103 -1.900000 -66.558640 
0.800103 -1.900000 -70.361048 
0.805104 -1.900000 -66.558640 
0.810104 -1.900000 -70.361048 
0.815105 -1.900000 -62.756232 
0.820105 -1.900000 -64.657436 
0.825105 -1.900000 -60.855028 
0.830105 -1.900000 -68.459844 
0.835106 -1.900000 -64.657436 
0.840106 -1.900000 -66.558640 
0.845107 -1.900000 -64.657436 
0.850107 -1.900000 -70.361048 
0.855107 -1.900000 -62.756232 
0.860107 -1.900000 -66.558640 
0.865107 -1.900000 -57.052619 
0.870108 -1.900000 -58.953824 
0.875108 -1.900000 -72.262253 
0.880108 -1.900000 -70.361048 
0.885109 -1.900000 -66.558640 
0.890109 -1.900000 -60.855028 
0.895109 -1.900000 -66.558640 
0.900110 -1.900000 -60.855028 
0.905110 -1.900000 -64.657436 
0.910110 -1.900000 -58.953824 
0.915110 -1.900000 -66.558640 
0.920110 -1.900000 -57.052619 
0.925110 -1.900000 -64.657436 
0.930111 -1.900000 -60.855028 
0.935111 -1.900000 -62.756232 
0.940112 -1.900000 -68.459844 
0.945112 -1.900000 -64.657436 
0.950112 -1.900000 -58.953824 
0.955112 -1.900000 -62.756232 
0.960113 -1.900000 -57.052619 
0.965113 -1.900000 -64.657436 
0.970113 -1.900000 -60.855028 
0.975113 -1.900000 -70.361048 
0.980114 -1.900000 -60.855028 
0.985114 -1.900000 -60.855028 
0.990114 -1.900000 -64.657436 
0.995115 -1.900000 -57.052619 
