0.000001 -0.700000 0.492468 
0.005001 -0.700000 -3.309941 
0.010001 -0.700000 4.294876 
0.015001 -0.700000 -3.309941 
0.020001 -0.700000 -1.408737 
0.025002 -0.700000 -3.309941 
0.030002 -0.700000 -1.408737 
0.035002 -0.700000 2.393672 
0.040002 -0.700000 -1.408737 
0.045002 -0.700000 2.393672 
0.050002 -0.700000 -1.408737 
0.055003 -0.700000 -1.408737 
0.060003 -0.700000 -7.112349 
0.065003 -0.700000 -10.914757 
0.070003 -0.700000 -26.124391 
0.075014 -0.700000 -28.025595 
0.080015 -0.700000 -29.926799 
0.085015 -0.700000 -26.124391 
0.090015 -0.700000 -26.124391 
0.095015 -0.700000 -31.828003 
0.100015 -0.700000 -31.828003 
0.105015 -0.700000 -29.926799 
0.110016 -0.700000 -26.124391 
0.115016 -0.700000 -26.124391 
0.120016 -0.700000 -29.926799 
0.125016 -0.700000 -28.025595 
0.130016 -0.700000 -29.926799 
0.135016 -0.700000 -31.828003 
0.140016 -0.700000 -31.828003 
0.145017 -0.700000 -35.630411 
0.150017 -0.700000 -37.531615 
0.155017 -0.700000 -39.432820 
0.160017 -0.700000 -33.729207 
0.165017 -0.700000 -41.334024 
0.170018 -0.700000 -39.432820 
0.175019 -0.700000 -41.334024 
0.180019 -0.700000 -35.630411 
0.185019 -0.700000 -31.828003 
0.190019 -0.700000 -41.334024 
0.195019 -0.700000 -33.729207 
0.200020 -0.700000 -37.531615 
0.205020 -0.700000 -37.531615 
0.210020 -0.700000 -35.630411 
0.215028 -0.700000 -43.235228 
0.220028 -0.700000 -33.729207 
0.225028 -0.700000 -43.235228 
0.230029 -0.700000 -43.235228 
0.235029 -0.700000 -39.432820 
0.240029 -0.700000 -43.235228 
0.245029 -0.700000 -45.136432 
0.250029 -0.700000 -41.334024 
0.255029 -0.700000 -43.235228 
0.260029 -0.700000 -39.432820 
0.265030 -0.700000 -39.432820 
0.270030 -0.700000 -39.432820 
0.275030 -0.700000 -41.334024 
0.280030 -0.700000 -45.136432 
0.285030 -0.700000 -37.531615 
0.290030 -0.700000 -39.432820 
0.295031 -0.700000 -39.432820 
0.300031 -0.700000 -39.432820 
0.305031 -0.700000 -31.828003 
0.310031 -0.700000 -39.432820 
0.315031 -0.700000 -39.432820 
0.320031 -0.700000 -41.334024 
0.325031 -0.700000 -39.432820 
0.330032 -0.700000 -41.334024 
0.335032 -0.700000 -45.136432 
0.340032 -0.700000 -39.432820 
0.345032 -0.700000 -41.334024 
0.350032 -0.700000 -41.334024 
0.355032 -0.700000 -39.432820 
0.360032 -0.700000 -37.531615 
0.365033 -0.700000 -39.432820 
0.370033 -0.700000 -37.531615 
0.375033 -0.700000 -43.235228 
0.380033 -0.700000 -39.432820 
0.385033 -0.700000 -37.531615 
0.390033 -0.700000 -41.334024 
0.395034 -0.700000 -41.334024 
0.400034 -0.700000 -35.630411 
0.405034 -0.700000 -35.630411 
0.410034 -0.700000 -39.432820 
0.415035 -0.700000 -37.531615 
0.420035 -0.700000 -35.630411 
0.425035 -0.700000 -35.630411 
0.430035 -0.700000 -39.432820 
0.435035 -0.700000 -35.630411 
0.440035 -0.700000 -37.531615 
0.445035 -0.700000 -37.531615 
0.450036 -0.700000 -37.531615 
0.455036 -0.700000 -41.334024 
0.460036 -0.700000 -35.630411 
0.465036 -0.700000 -29.926799 
0.470036 -0.700000 -33.729207 
0.475036 -0.700000 -35.630411 
0.480037 -0.700000 -28.025595 
0.485037 -0.700000 -28.025595 
0.490037 -0.700000 -33.729207 
0.495037 -0.700000 -31.828003 
0.500037 -0.700000 -33.729207 
0.505037 -0.700000 -26.124391 
0.510037 -0.700000 -31.828003 
0.515038 -0.700000 -31.828003 
0.520038 -0.700000 -31.828003 
0.525038 -0.700000 -28.025595 
0.530038 -0.700000 -37.531615 
0.535038 -0.700000 -28.025595 
0.540038 -0.700000 -29.926799 
0.545038 -0.700000 -37.531615 
0.550038 -0.700000 -33.729207 
0.555039 -0.700000 -33.729207 
0.560039 -0.700000 -39.432820 
0.565039 -0.700000 -33.729207 
0.570039 -0.700000 -39.432820 
0.575039 -0.700000 -33.729207 
0.580039 -0.700000 -37.531615 
0.585040 -0.700000 -28.025595 
0.590042 -0.700000 -28.025595 
0.595042 -0.700000 -37.531615 
0.600042 -0.700000 -26.124391 
0.605042 -0.700000 -31.828003 
0.610043 -0.700000 -31.828003 
0.615043 -0.700000 -24.223186 
0.620043 -0.700000 -35.630411 
0.625043 -0.700000 -29.926799 
0.630043 -0.700000 -26.124391 
0.635044 -0.700000 -28.025595 
0.640044 -0.700000 -35.630411 
0.645044 -0.700000 -29.926799 
0.650044 -0.700000 -35.630411 
0.655044 -0.700000 -26.124391 
0.660044 -0.700000 -33.729207 
0.665044 -0.700000 -29.926799 
0.670044 -0.700000 -28.025595 
0.675045 -0.700000 -29.926799 
0.680045 -0.700000 -33.729207 
0.685045 -0.700000 -24.223186 
0.690045 -0.700000 -31.828003 
0.695045 -0.700000 -31.828003 
0.700045 -0.700000 -26.124391 
0.705045 -0.700000 -29.926799 
0.710045 -0.700000 -24.223186 
0.715046 -0.700000 -22.321982 
0.720046 -0.700000 -31.828003 
0.725047 -0.700000 -26.124391 
0.730047 -0.700000 -28.025595 
0.735047 -0.700000 -26.124391 
0.740047 -0.700000 -31.828003 
0.745047 -0.700000 -29.926799 
0.750047 -0.700000 -31.828003 
0.755047 -0.700000 -20.420778 
0.760048 -0.700000 -26.124391 
0.765048 -0.700000 -26.124391 
0.770048 -0.700000 -22.321982 
0.775048 -0.700000 -28.025595 
0.780048 -0.700000 -28.025595 
0.785048 -0.700000 -24.223186 
0.790048 -0.700000 -31.828003 
0.795048 -0.700000 -20.420778 
0.800049 -0.700000 -26.124391 
0.805049 -0.700000 -26.124391 
0.810049 -0.700000 -28.025595 
0.815049 -0.700000 -28.025595 
0.820049 -0.700000 -26.124391 
0.825050 -0.700000 -26.124391 
0.830050 -0.700000 -29.926799 
0.835050 -0.700000 -29.926799 
0.840050 -0.700000 -20.420778 
0.845050 -0.700000 -24.223186 
0.850050 -0.700000 -26.124391 
0.855051 -0.700000 -24.223186 
0.860051 -0.700000 -26.124391 
0.865051 -0.700000 -20.420778 
0.870051 -0.700000 -29.926799 
0.875051 -0.700000 -22.321982 
0.880051 -0.700000 -24.223186 
0.885052 -0.700000 -24.223186 
0.890052 -0.700000 -28.025595 
0.895052 -0.700000 -22.321982 
0.900052 -0.700000 -29.926799 
0.905052 -0.700000 -20.420778 
0.910052 -0.700000 -29.926799 
0.915053 -0.700000 -20.420778 
0.920053 -0.700000 -26.124391 
0.925053 -0.700000 -24.223186 
0.930053 -0.700000 -20.420778 
0.935053 -0.700000 -29.926799 
0.940053 -0.700000 -20.420778 
0.945059 -0.700000 -26.124391 
0.950059 -0.700000 -28.025595 
0.955060 -0.700000 -24.223186 
0.960060 -0.700000 -28.025595 
0.965060 -0.700000 -20.420778 
0.970060 -0.700000 -18.519574 
0.975060 -0.700000 -22.321982 
0.980060 -0.700000 -22.321982 
0.985060 -0.700000 -26.124391 
0.990060 -0.700000 -20.420778 
0.995061 -0.700000 -22.321982 
