0.000001 -4.200000 -1.457984 
0.005001 -4.200000 4.245628 
0.010001 -4.200000 0.443220 
0.015001 -4.200000 0.443220 
0.020001 -4.200000 -9.062801 
0.025001 -4.200000 -26.173638 
0.030002 -4.200000 -37.580863 
0.035002 -4.200000 -56.592905 
0.040002 -4.200000 -83.209763 
0.045002 -4.200000 -107.925417 
0.050002 -4.200000 -126.937458 
0.055002 -4.200000 -136.443479 
0.060003 -4.200000 -142.147092 
0.065003 -4.200000 -138.344683 
0.070003 -4.200000 -144.048296 
0.075003 -4.200000 -142.147092 
0.080003 -4.200000 -149.751908 
0.085004 -4.200000 -151.653112 
0.090004 -4.200000 -161.159133 
0.095004 -4.200000 -159.257929 
0.100004 -4.200000 -170.665154 
0.105005 -4.200000 -170.665154 
0.110005 -4.200000 -164.961541 
0.115005 -4.200000 -166.862746 
0.120005 -4.200000 -170.665154 
0.125005 -4.200000 -176.368766 
0.130006 -4.200000 -168.763950 
0.135006 -4.200000 -174.467562 
0.140006 -4.200000 -180.171175 
0.145006 -4.200000 -172.566358 
0.150007 -4.200000 -180.171175 
0.155007 -4.200000 -182.072379 
0.160007 -4.200000 -191.578400 
0.165007 -4.200000 -182.072379 
0.170007 -4.200000 -185.874787 
0.175007 -4.200000 -182.072379 
0.180007 -4.200000 -176.368766 
0.185008 -4.200000 -176.368766 
0.190008 -4.200000 -172.566358 
0.195008 -4.200000 -182.072379 
0.200008 -4.200000 -180.171175 
0.205008 -4.200000 -189.677195 
0.210008 -4.200000 -185.874787 
0.215009 -4.200000 -180.171175 
0.220009 -4.200000 -187.775991 
0.225009 -4.200000 -176.368766 
0.230009 -4.200000 -174.467562 
0.235009 -4.200000 -183.973583 
0.240010 -4.200000 -178.269970 
0.245010 -4.200000 -185.874787 
0.250010 -4.200000 -182.072379 
0.255010 -4.200000 -183.973583 
0.260010 -4.200000 -180.171175 
0.265010 -4.200000 -178.269970 
0.270010 -4.200000 -174.467562 
0.275011 -4.200000 -176.368766 
0.280011 -4.200000 -176.368766 
0.285011 -4.200000 -185.874787 
0.290011 -4.200000 -187.775991 
0.295012 -4.200000 -178.269970 
0.300012 -4.200000 -178.269970 
0.305012 -4.200000 -183.973583 
0.310012 -4.200000 -180.171175 
0.315012 -4.200000 -183.973583 
0.320012 -4.200000 -182.072379 
0.325012 -4.200000 -182.072379 
0.330013 -4.200000 -176.368766 
0.335013 -4.200000 -180.171175 
0.340013 -4.200000 -183.973583 
0.345013 -4.200000 -176.368766 
0.350013 -4.200000 -178.269970 
0.355013 -4.200000 -170.665154 
0.360014 -4.200000 -170.665154 
0.365014 -4.200000 -182.072379 
0.370014 -4.200000 -178.269970 
0.375014 -4.200000 -174.467562 
0.380014 -4.200000 -174.467562 
0.385014 -4.200000 -170.665154 
0.390015 -4.200000 -174.467562 
0.395015 -4.200000 -172.566358 
0.400015 -4.200000 -174.467562 
0.405015 -4.200000 -176.368766 
0.410015 -4.200000 -172.566358 
0.415015 -4.200000 -166.862746 
0.420015 -4.200000 -170.665154 
0.425015 -4.200000 -170.665154 
0.430015 -4.200000 -176.368766 
0.435015 -4.200000 -180.171175 
0.440175 -4.200000 -170.665154 
0.445176 -4.200000 -166.862746 
0.450176 -4.200000 -166.862746 
0.455176 -4.200000 -168.763950 
0.460176 -4.200000 -174.467562 
0.465177 -4.200000 -176.368766 
0.470177 -4.200000 -176.368766 
0.475177 -4.200000 -164.961541 
0.480177 -4.200000 -164.961541 
0.485177 -4.200000 -170.665154 
0.490177 -4.200000 -170.665154 
0.495177 -4.200000 -174.467562 
0.500178 -4.200000 -170.665154 
0.505178 -4.200000 -168.763950 
0.510178 -4.200000 -161.159133 
0.515178 -4.200000 -164.961541 
0.520178 -4.200000 -166.862746 
0.525178 -4.200000 -166.862746 
0.530178 -4.200000 -170.665154 
0.535179 -4.200000 -168.763950 
0.540179 -4.200000 -161.159133 
0.545179 -4.200000 -159.257929 
0.550179 -4.200000 -170.665154 
0.555179 -4.200000 -168.763950 
0.560179 -4.200000 -174.467562 
0.565179 -4.200000 -174.467562 
0.570180 -4.200000 -166.862746 
0.575180 -4.200000 -166.862746 
0.580180 -4.200000 -170.665154 
0.585180 -4.200000 -166.862746 
0.590180 -4.200000 -170.665154 
0.595180 -4.200000 -168.763950 
0.600181 -4.200000 -163.060337 
0.605181 -4.200000 -168.763950 
0.610181 -4.200000 -161.159133 
0.615181 -4.200000 -166.862746 
0.620181 -4.200000 -166.862746 
0.625181 -4.200000 -172.566358 
0.630181 -4.200000 -166.862746 
0.635182 -4.200000 -166.862746 
0.640182 -4.200000 -161.159133 
0.645182 -4.200000 -170.665154 
0.650182 -4.200000 -168.763950 
0.655182 -4.200000 -168.763950 
0.660182 -4.200000 -161.159133 
0.665182 -4.200000 -168.763950 
0.670182 -4.200000 -157.356725 
0.675182 -4.200000 -168.763950 
0.680183 -4.200000 -166.862746 
0.685183 -4.200000 -170.665154 
0.690189 -4.200000 -161.159133 
0.695193 -4.200000 -164.961541 
0.700193 -4.200000 -163.060337 
0.705193 -4.200000 -161.159133 
0.710193 -4.200000 -166.862746 
0.715193 -4.200000 -166.862746 
0.720194 -4.200000 -164.961541 
0.725194 -4.200000 -166.862746 
0.730194 -4.200000 -166.862746 
0.735194 -4.200000 -166.862746 
0.740194 -4.200000 -159.257929 
0.745194 -4.200000 -170.665154 
0.750195 -4.200000 -163.060337 
0.755195 -4.200000 -163.060337 
0.760195 -4.200000 -166.862746 
0.765196 -4.200000 -166.862746 
0.770196 -4.200000 -161.159133 
0.775196 -4.200000 -166.862746 
0.780196 -4.200000 -163.060337 
0.785196 -4.200000 -172.566358 
0.790196 -4.200000 -170.665154 
0.795196 -4.200000 -166.862746 
0.800198 -4.200000 -163.060337 
0.805198 -4.200000 -166.862746 
0.810198 -4.200000 -170.665154 
0.815198 -4.200000 -170.665154 
0.820198 -4.200000 -166.862746 
0.825198 -4.200000 -168.763950 
0.830199 -4.200000 -168.763950 
0.835199 -4.200000 -161.159133 
0.840199 -4.200000 -166.862746 
0.845199 -4.200000 -166.862746 
0.850199 -4.200000 -166.862746 
0.855199 -4.200000 -170.665154 
0.860199 -4.200000 -168.763950 
0.865200 -4.200000 -170.665154 
0.870200 -4.200000 -164.961541 
0.875200 -4.200000 -172.566358 
0.880200 -4.200000 -163.060337 
0.885200 -4.200000 -170.665154 
0.890200 -4.200000 -174.467562 
0.895200 -4.200000 -170.665154 
0.900201 -4.200000 -168.763950 
0.905201 -4.200000 -164.961541 
0.910201 -4.200000 -174.467562 
0.915201 -4.200000 -166.862746 
0.920201 -4.200000 -172.566358 
0.925201 -4.200000 -174.467562 
0.930202 -4.200000 -176.368766 
0.935204 -4.200000 -166.862746 
0.940204 -4.200000 -168.763950 
0.945204 -4.200000 -180.171175 
0.950204 -4.200000 -174.467562 
0.955204 -4.200000 -174.467562 
0.960204 -4.200000 -176.368766 
0.965205 -4.200000 -174.467562 
0.970205 -4.200000 -168.763950 
0.975205 -4.200000 -176.368766 
0.980209 -4.200000 -182.072379 
0.985209 -4.200000 -174.467562 
0.990209 -4.200000 -176.368766 
0.995209 -4.200000 -180.171175 
