0.000001 -2.000000 2.766238 
0.005001 -2.000000 4.667442 
0.010001 -2.000000 -2.937374 
0.015001 -2.000000 6.568647 
0.020001 -2.000000 -2.937374 
0.025002 -2.000000 0.865034 
0.030002 -2.000000 -2.937374 
0.035002 -2.000000 -12.443395 
0.040002 -2.000000 -16.245803 
0.045002 -2.000000 -37.159049 
0.050002 -2.000000 -40.961457 
0.055002 -2.000000 -54.269886 
0.060003 -2.000000 -56.171090 
0.065003 -2.000000 -65.677111 
0.070003 -2.000000 -59.973499 
0.075003 -2.000000 -65.677111 
0.080003 -2.000000 -61.874703 
0.085003 -2.000000 -73.281928 
0.090003 -2.000000 -69.479520 
0.095004 -2.000000 -69.479520 
0.100004 -2.000000 -67.578315 
0.105004 -2.000000 -77.084336 
0.110005 -2.000000 -78.985540 
0.115005 -2.000000 -78.985540 
0.120005 -2.000000 -77.084336 
0.125006 -2.000000 -80.886744 
0.130006 -2.000000 -78.985540 
0.135006 -2.000000 -86.590357 
0.140006 -2.000000 -86.590357 
0.145006 -2.000000 -86.590357 
0.150006 -2.000000 -82.787949 
0.155006 -2.000000 -92.293969 
0.160008 -2.000000 -84.689153 
0.165009 -2.000000 -88.491561 
0.170009 -2.000000 -96.096378 
0.175009 -2.000000 -88.491561 
0.180009 -2.000000 -94.195174 
0.185009 -2.000000 -90.392765 
0.190009 -2.000000 -86.590357 
0.195010 -2.000000 -92.293969 
0.200010 -2.000000 -92.293969 
0.205010 -2.000000 -94.195174 
0.210010 -2.000000 -96.096378 
0.215010 -2.000000 -88.491561 
0.220011 -2.000000 -99.898786 
0.225014 -2.000000 -94.195174 
0.230015 -2.000000 -92.293969 
0.235015 -2.000000 -99.898786 
0.240017 -2.000000 -86.590357 
0.245017 -2.000000 -94.195174 
0.250017 -2.000000 -94.195174 
0.255017 -2.000000 -99.898786 
0.260017 -2.000000 -94.195174 
0.265017 -2.000000 -101.799990 
0.270025 -2.000000 -99.898786 
0.275025 -2.000000 -94.195174 
0.280025 -2.000000 -94.195174 
0.285025 -2.000000 -88.491561 
0.290026 -2.000000 -92.293969 
0.295026 -2.000000 -92.293969 
0.300026 -2.000000 -90.392765 
0.305026 -2.000000 -94.195174 
0.310026 -2.000000 -96.096378 
0.315026 -2.000000 -96.096378 
0.320026 -2.000000 -94.195174 
0.325027 -2.000000 -94.195174 
0.330027 -2.000000 -92.293969 
0.335027 -2.000000 -96.096378 
0.340027 -2.000000 -99.898786 
0.345027 -2.000000 -88.491561 
0.350028 -2.000000 -92.293969 
0.355028 -2.000000 -88.491561 
0.360028 -2.000000 -90.392765 
0.365028 -2.000000 -96.096378 
0.370029 -2.000000 -86.590357 
0.375029 -2.000000 -86.590357 
0.380029 -2.000000 -96.096378 
0.385029 -2.000000 -84.689153 
0.390029 -2.000000 -88.491561 
0.395029 -2.000000 -86.590357 
0.400030 -2.000000 -88.491561 
0.405030 -2.000000 -90.392765 
0.410030 -2.000000 -94.195174 
0.415030 -2.000000 -82.787949 
0.420030 -2.000000 -88.491561 
0.425030 -2.000000 -90.392765 
0.430030 -2.000000 -86.590357 
0.435034 -2.000000 -86.590357 
0.440034 -2.000000 -86.590357 
0.445034 -2.000000 -84.689153 
0.450035 -2.000000 -88.491561 
0.455041 -2.000000 -90.392765 
0.460041 -2.000000 -80.886744 
0.465042 -2.000000 -82.787949 
0.470042 -2.000000 -82.787949 
0.475042 -2.000000 -80.886744 
0.480042 -2.000000 -86.590357 
0.485042 -2.000000 -78.985540 
0.490042 -2.000000 -82.787949 
0.495044 -2.000000 -84.689153 
0.500044 -2.000000 -80.886744 
0.505044 -2.000000 -88.491561 
0.510067 -2.000000 -77.084336 
0.515067 -2.000000 -80.886744 
0.520067 -2.000000 -80.886744 
0.525068 -2.000000 -84.689153 
0.530068 -2.000000 -84.689153 
0.535068 -2.000000 -82.787949 
0.540068 -2.000000 -86.590357 
0.545068 -2.000000 -78.985540 
0.550068 -2.000000 -84.689153 
0.555069 -2.000000 -78.985540 
0.560069 -2.000000 -80.886744 
0.565069 -2.000000 -82.787949 
0.570069 -2.000000 -75.183132 
0.575069 -2.000000 -80.886744 
0.580069 -2.000000 -75.183132 
0.585106 -2.000000 -77.084336 
0.590106 -2.000000 -75.183132 
0.595106 -2.000000 -86.590357 
0.600107 -2.000000 -73.281928 
0.605107 -2.000000 -80.886744 
0.610112 -2.000000 -75.183132 
0.615112 -2.000000 -77.084336 
0.620112 -2.000000 -78.985540 
0.625112 -2.000000 -84.689153 
0.630112 -2.000000 -78.985540 
0.635113 -2.000000 -75.183132 
0.640113 -2.000000 -78.985540 
0.645113 -2.000000 -73.281928 
0.650113 -2.000000 -75.183132 
0.655113 -2.000000 -73.281928 
0.660114 -2.000000 -69.479520 
0.665114 -2.000000 -71.380724 
0.670114 -2.000000 -73.281928 
0.675115 -2.000000 -75.183132 
0.680115 -2.000000 -73.281928 
0.685115 -2.000000 -77.084336 
0.690115 -2.000000 -71.380724 
0.695115 -2.000000 -77.084336 
0.700115 -2.000000 -73.281928 
0.705116 -2.000000 -78.985540 
0.710116 -2.000000 -73.281928 
0.715116 -2.000000 -65.677111 
0.720116 -2.000000 -71.380724 
0.725116 -2.000000 -73.281928 
0.730117 -2.000000 -69.479520 
0.735117 -2.000000 -78.985540 
0.740117 -2.000000 -67.578315 
0.745117 -2.000000 -73.281928 
0.750117 -2.000000 -67.578315 
0.755118 -2.000000 -69.479520 
0.760118 -2.000000 -71.380724 
0.765118 -2.000000 -75.183132 
0.770118 -2.000000 -78.985540 
0.775118 -2.000000 -63.775907 
0.780147 -2.000000 -69.479520 
0.785147 -2.000000 -73.281928 
0.790147 -2.000000 -67.578315 
0.795147 -2.000000 -65.677111 
0.800147 -2.000000 -67.578315 
0.805147 -2.000000 -71.380724 
0.810147 -2.000000 -67.578315 
0.815147 -2.000000 -65.677111 
0.820148 -2.000000 -63.775907 
0.825148 -2.000000 -73.281928 
0.830148 -2.000000 -71.380724 
0.835148 -2.000000 -67.578315 
0.840148 -2.000000 -69.479520 
0.845148 -2.000000 -65.677111 
0.850148 -2.000000 -71.380724 
0.855153 -2.000000 -69.479520 
0.860153 -2.000000 -63.775907 
0.865153 -2.000000 -71.380724 
0.870153 -2.000000 -59.973499 
0.875154 -2.000000 -59.973499 
0.880154 -2.000000 -65.677111 
0.885154 -2.000000 -65.677111 
0.890154 -2.000000 -65.677111 
0.895154 -2.000000 -71.380724 
0.900154 -2.000000 -63.775907 
0.905167 -2.000000 -61.874703 
0.910167 -2.000000 -67.578315 
0.915167 -2.000000 -61.874703 
0.920167 -2.000000 -65.677111 
0.925167 -2.000000 -61.874703 
0.930167 -2.000000 -65.677111 
0.935167 -2.000000 -59.973499 
0.940180 -2.000000 -63.775907 
0.945180 -2.000000 -69.479520 
0.950180 -2.000000 -59.973499 
0.955180 -2.000000 -69.479520 
0.960180 -2.000000 -61.874703 
0.965180 -2.000000 -63.775907 
0.970180 -2.000000 -65.677111 
0.975180 -2.000000 -63.775907 
0.980181 -2.000000 -65.677111 
0.985181 -2.000000 -61.874703 
0.990181 -2.000000 -59.973499 
0.995181 -2.000000 -65.677111 
