0.000000 -4.000000 0.504651 
0.005000 -4.000000 4.307060 
0.010001 -4.000000 -1.396553 
0.015001 -4.000000 0.504651 
0.020001 -4.000000 -3.297757 
0.025001 -4.000000 -16.606186 
0.030001 -4.000000 -24.211003 
0.035001 -4.000000 -50.827861 
0.040001 -4.000000 -66.037494 
0.045002 -4.000000 -90.753148 
0.050017 -4.000000 -115.468802 
0.055017 -4.000000 -124.974823 
0.060017 -4.000000 -126.876027 
0.065018 -4.000000 -134.480844 
0.070018 -4.000000 -126.876027 
0.075018 -4.000000 -134.480844 
0.080019 -4.000000 -132.579639 
0.085019 -4.000000 -143.986864 
0.090019 -4.000000 -138.283252 
0.095019 -4.000000 -149.690477 
0.100019 -4.000000 -157.295293 
0.105019 -4.000000 -153.492885 
0.110019 -4.000000 -170.603722 
0.115020 -4.000000 -162.998906 
0.120020 -4.000000 -159.196498 
0.125020 -4.000000 -161.097702 
0.130020 -4.000000 -164.900110 
0.135020 -4.000000 -159.196498 
0.140020 -4.000000 -170.603722 
0.145021 -4.000000 -168.702518 
0.150021 -4.000000 -166.801314 
0.155021 -4.000000 -174.406131 
0.160021 -4.000000 -168.702518 
0.165021 -4.000000 -180.109743 
0.170021 -4.000000 -176.307335 
0.175021 -4.000000 -178.208539 
0.180022 -4.000000 -174.406131 
0.185022 -4.000000 -176.307335 
0.190022 -4.000000 -164.900110 
0.195022 -4.000000 -168.702518 
0.200022 -4.000000 -176.307335 
0.205023 -4.000000 -182.010947 
0.210023 -4.000000 -172.504927 
0.215023 -4.000000 -180.109743 
0.220023 -4.000000 -176.307335 
0.225023 -4.000000 -172.504927 
0.230023 -4.000000 -174.406131 
0.235023 -4.000000 -168.702518 
0.240023 -4.000000 -172.504927 
0.245023 -4.000000 -174.406131 
0.250024 -4.000000 -172.504927 
0.255024 -4.000000 -182.010947 
0.260024 -4.000000 -182.010947 
0.265024 -4.000000 -182.010947 
0.270024 -4.000000 -176.307335 
0.275024 -4.000000 -176.307335 
0.280024 -4.000000 -164.900110 
0.285024 -4.000000 -170.603722 
0.290024 -4.000000 -178.208539 
0.295024 -4.000000 -180.109743 
0.300025 -4.000000 -174.406131 
0.305025 -4.000000 -180.109743 
0.310025 -4.000000 -164.900110 
0.315025 -4.000000 -170.603722 
0.320025 -4.000000 -166.801314 
0.325025 -4.000000 -178.208539 
0.330025 -4.000000 -172.504927 
0.335026 -4.000000 -170.603722 
0.340026 -4.000000 -166.801314 
0.345026 -4.000000 -170.603722 
0.350026 -4.000000 -172.504927 
0.355026 -4.000000 -180.109743 
0.360026 -4.000000 -174.406131 
0.365026 -4.000000 -168.702518 
0.370027 -4.000000 -166.801314 
0.375027 -4.000000 -162.998906 
0.380027 -4.000000 -168.702518 
0.385027 -4.000000 -170.603722 
0.390027 -4.000000 -168.702518 
0.395027 -4.000000 -162.998906 
0.400028 -4.000000 -168.702518 
0.405028 -4.000000 -164.900110 
0.410028 -4.000000 -170.603722 
0.415028 -4.000000 -166.801314 
0.420028 -4.000000 -170.603722 
0.425028 -4.000000 -164.900110 
0.430028 -4.000000 -161.097702 
0.435028 -4.000000 -157.295293 
0.440028 -4.000000 -166.801314 
0.445029 -4.000000 -168.702518 
0.450029 -4.000000 -164.900110 
0.455029 -4.000000 -170.603722 
0.460029 -4.000000 -157.295293 
0.465029 -4.000000 -161.097702 
0.470029 -4.000000 -159.196498 
0.475029 -4.000000 -164.900110 
0.480029 -4.000000 -164.900110 
0.485029 -4.000000 -164.900110 
0.490030 -4.000000 -164.900110 
0.495030 -4.000000 -157.295293 
0.500030 -4.000000 -161.097702 
0.505030 -4.000000 -159.196498 
0.510030 -4.000000 -159.196498 
0.515030 -4.000000 -164.900110 
0.520030 -4.000000 -162.998906 
0.525030 -4.000000 -159.196498 
0.530031 -4.000000 -161.097702 
0.535031 -4.000000 -159.196498 
0.540031 -4.000000 -159.196498 
0.545031 -4.000000 -159.196498 
0.550031 -4.000000 -164.900110 
0.555031 -4.000000 -153.492885 
0.560031 -4.000000 -157.295293 
0.565031 -4.000000 -157.295293 
0.570031 -4.000000 -161.097702 
0.575032 -4.000000 -166.801314 
0.580032 -4.000000 -155.394089 
0.585032 -4.000000 -157.295293 
0.590032 -4.000000 -155.394089 
0.595032 -4.000000 -161.097702 
0.600032 -4.000000 -159.196498 
0.605032 -4.000000 -159.196498 
0.610033 -4.000000 -157.295293 
0.615033 -4.000000 -157.295293 
0.620033 -4.000000 -161.097702 
0.625033 -4.000000 -151.591681 
0.630033 -4.000000 -159.196498 
0.635033 -4.000000 -155.394089 
0.640033 -4.000000 -157.295293 
0.645033 -4.000000 -162.998906 
0.650044 -4.000000 -159.196498 
0.655044 -4.000000 -153.492885 
0.660044 -4.000000 -159.196498 
0.665044 -4.000000 -153.492885 
0.670045 -4.000000 -155.394089 
0.675045 -4.000000 -161.097702 
0.680045 -4.000000 -153.492885 
0.685045 -4.000000 -155.394089 
0.690045 -4.000000 -161.097702 
0.695045 -4.000000 -155.394089 
0.700045 -4.000000 -161.097702 
0.705046 -4.000000 -153.492885 
0.710046 -4.000000 -159.196498 
0.715046 -4.000000 -153.492885 
0.720046 -4.000000 -155.394089 
0.725046 -4.000000 -159.196498 
0.730046 -4.000000 -147.789273 
0.735046 -4.000000 -151.591681 
0.740046 -4.000000 -153.492885 
0.745046 -4.000000 -161.097702 
0.750047 -4.000000 -151.591681 
0.755047 -4.000000 -162.998906 
0.760047 -4.000000 -155.394089 
0.765047 -4.000000 -157.295293 
0.770047 -4.000000 -153.492885 
0.775047 -4.000000 -151.591681 
0.780047 -4.000000 -161.097702 
0.785048 -4.000000 -153.492885 
0.790048 -4.000000 -159.196498 
0.795048 -4.000000 -159.196498 
0.800048 -4.000000 -155.394089 
0.805048 -4.000000 -159.196498 
0.810048 -4.000000 -151.591681 
0.815048 -4.000000 -161.097702 
0.820049 -4.000000 -157.295293 
0.825049 -4.000000 -161.097702 
0.830049 -4.000000 -159.196498 
0.835049 -4.000000 -153.492885 
0.840049 -4.000000 -161.097702 
0.845049 -4.000000 -153.492885 
0.850049 -4.000000 -159.196498 
0.855049 -4.000000 -159.196498 
0.860049 -4.000000 -166.801314 
0.865049 -4.000000 -159.196498 
0.870050 -4.000000 -159.196498 
0.875050 -4.000000 -161.097702 
0.880050 -4.000000 -159.196498 
0.885050 -4.000000 -159.196498 
0.890050 -4.000000 -159.196498 
0.895050 -4.000000 -166.801314 
0.900050 -4.000000 -161.097702 
0.905050 -4.000000 -162.998906 
0.910051 -4.000000 -162.998906 
0.915051 -4.000000 -159.196498 
0.920051 -4.000000 -161.097702 
0.925051 -4.000000 -164.900110 
0.930051 -4.000000 -161.097702 
0.935052 -4.000000 -164.900110 
0.940052 -4.000000 -164.900110 
0.945052 -4.000000 -157.295293 
0.950052 -4.000000 -168.702518 
0.955052 -4.000000 -159.196498 
0.960052 -4.000000 -166.801314 
0.965052 -4.000000 -164.900110 
0.970053 -4.000000 -166.801314 
0.975053 -4.000000 -159.196498 
0.980053 -4.000000 -164.900110 
0.985053 -4.000000 -168.702518 
0.990053 -4.000000 -162.998906 
0.995053 -4.000000 -164.900110 
