0.000001 -0.600000 -5.384208 
0.005001 -0.600000 -7.285412 
0.010001 -0.600000 -3.483004 
0.015001 -0.600000 0.319404 
0.020001 -0.600000 -3.483004 
0.025001 -0.600000 0.319404 
0.030002 -0.600000 -1.581800 
0.035002 -0.600000 -3.483004 
0.040002 -0.600000 0.319404 
0.045002 -0.600000 -9.186616 
0.050002 -0.600000 0.319404 
0.055002 -0.600000 -5.384208 
0.060002 -0.600000 -7.285412 
0.065003 -0.600000 -9.186616 
0.070003 -0.600000 -11.087820 
0.075004 -0.600000 -24.396250 
0.080004 -0.600000 -22.495045 
0.085004 -0.600000 -32.001066 
0.090005 -0.600000 -24.396250 
0.095005 -0.600000 -33.902270 
0.100005 -0.600000 -33.902270 
0.105005 -0.600000 -30.099862 
0.110005 -0.600000 -32.001066 
0.115005 -0.600000 -33.902270 
0.120006 -0.600000 -22.495045 
0.125006 -0.600000 -22.495045 
0.130006 -0.600000 -28.198658 
0.135006 -0.600000 -33.902270 
0.140006 -0.600000 -30.099862 
0.145006 -0.600000 -32.001066 
0.150007 -0.600000 -39.605883 
0.155007 -0.600000 -32.001066 
0.160007 -0.600000 -39.605883 
0.165007 -0.600000 -32.001066 
0.170007 -0.600000 -39.605883 
0.175007 -0.600000 -39.605883 
0.180007 -0.600000 -30.099862 
0.185007 -0.600000 -39.605883 
0.190007 -0.600000 -35.803474 
0.195007 -0.600000 -35.803474 
0.200007 -0.600000 -39.605883 
0.205008 -0.600000 -32.001066 
0.210008 -0.600000 -39.605883 
0.215008 -0.600000 -33.902270 
0.220008 -0.600000 -35.803474 
0.225008 -0.600000 -35.803474 
0.230008 -0.600000 -33.902270 
0.235008 -0.600000 -39.605883 
0.240009 -0.600000 -30.099862 
0.245009 -0.600000 -33.902270 
0.250009 -0.600000 -39.605883 
0.255009 -0.600000 -32.001066 
0.260009 -0.600000 -35.803474 
0.265009 -0.600000 -33.902270 
0.270010 -0.600000 -43.408291 
0.275010 -0.600000 -39.605883 
0.280010 -0.600000 -35.803474 
0.285010 -0.600000 -33.902270 
0.290010 -0.600000 -37.704679 
0.295010 -0.600000 -37.704679 
0.300010 -0.600000 -37.704679 
0.305011 -0.600000 -32.001066 
0.310011 -0.600000 -35.803474 
0.315011 -0.600000 -35.803474 
0.320011 -0.600000 -30.099862 
0.325012 -0.600000 -39.605883 
0.330012 -0.600000 -30.099862 
0.335012 -0.600000 -30.099862 
0.340012 -0.600000 -33.902270 
0.345012 -0.600000 -41.507087 
0.350012 -0.600000 -39.605883 
0.355012 -0.600000 -35.803474 
0.360013 -0.600000 -32.001066 
0.365013 -0.600000 -32.001066 
0.370013 -0.600000 -35.803474 
0.375013 -0.600000 -35.803474 
0.380013 -0.600000 -37.704679 
0.385013 -0.600000 -39.605883 
0.390013 -0.600000 -35.803474 
0.395029 -0.600000 -30.099862 
0.400030 -0.600000 -37.704679 
0.405030 -0.600000 -30.099862 
0.410030 -0.600000 -32.001066 
0.415030 -0.600000 -39.605883 
0.420030 -0.600000 -30.099862 
0.425030 -0.600000 -30.099862 
0.430030 -0.600000 -39.605883 
0.435030 -0.600000 -35.803474 
0.440031 -0.600000 -32.001066 
0.445031 -0.600000 -32.001066 
0.450031 -0.600000 -35.803474 
0.455031 -0.600000 -37.704679 
0.460031 -0.600000 -28.198658 
0.465031 -0.600000 -30.099862 
0.470031 -0.600000 -32.001066 
0.475031 -0.600000 -30.099862 
0.480032 -0.600000 -32.001066 
0.485032 -0.600000 -35.803474 
0.490032 -0.600000 -37.704679 
0.495032 -0.600000 -37.704679 
0.500032 -0.600000 -30.099862 
0.505032 -0.600000 -30.099862 
0.510033 -0.600000 -39.605883 
0.515033 -0.600000 -32.001066 
0.520033 -0.600000 -37.704679 
0.525034 -0.600000 -32.001066 
0.530034 -0.600000 -32.001066 
0.535034 -0.600000 -37.704679 
0.540034 -0.600000 -35.803474 
0.545034 -0.600000 -32.001066 
0.550034 -0.600000 -24.396250 
0.555034 -0.600000 -33.902270 
0.560035 -0.600000 -30.099862 
0.565035 -0.600000 -32.001066 
0.570035 -0.600000 -30.099862 
0.575035 -0.600000 -26.297454 
0.580035 -0.600000 -30.099862 
0.585035 -0.600000 -33.902270 
0.590035 -0.600000 -28.198658 
0.595036 -0.600000 -24.396250 
0.600036 -0.600000 -28.198658 
0.605036 -0.600000 -30.099862 
0.610036 -0.600000 -26.297454 
0.615037 -0.600000 -24.396250 
0.620037 -0.600000 -33.902270 
0.625037 -0.600000 -35.803474 
0.630037 -0.600000 -30.099862 
0.635037 -0.600000 -26.297454 
0.640038 -0.600000 -33.902270 
0.645038 -0.600000 -26.297454 
0.650038 -0.600000 -35.803474 
0.655038 -0.600000 -24.396250 
0.660038 -0.600000 -26.297454 
0.665039 -0.600000 -33.902270 
0.670039 -0.600000 -33.902270 
0.675039 -0.600000 -24.396250 
0.680039 -0.600000 -28.198658 
0.685039 -0.600000 -28.198658 
0.690039 -0.600000 -28.198658 
0.695039 -0.600000 -28.198658 
0.700039 -0.600000 -33.902270 
0.705040 -0.600000 -28.198658 
0.710040 -0.600000 -22.495045 
0.715040 -0.600000 -32.001066 
0.720040 -0.600000 -22.495045 
0.725040 -0.600000 -28.198658 
0.730041 -0.600000 -26.297454 
0.735041 -0.600000 -28.198658 
0.740041 -0.600000 -24.396250 
0.745041 -0.600000 -26.297454 
0.750041 -0.600000 -28.198658 
0.755041 -0.600000 -28.198658 
0.760041 -0.600000 -28.198658 
0.765042 -0.600000 -28.198658 
0.770042 -0.600000 -28.198658 
0.775042 -0.600000 -22.495045 
0.780042 -0.600000 -28.198658 
0.785042 -0.600000 -22.495045 
0.790042 -0.600000 -28.198658 
0.795042 -0.600000 -26.297454 
0.800043 -0.600000 -24.396250 
0.805043 -0.600000 -22.495045 
0.810043 -0.600000 -30.099862 
0.815043 -0.600000 -18.692637 
0.820043 -0.600000 -24.396250 
0.825043 -0.600000 -24.396250 
0.830044 -0.600000 -24.396250 
0.835044 -0.600000 -28.198658 
0.840044 -0.600000 -18.692637 
0.845044 -0.600000 -22.495045 
0.850044 -0.600000 -24.396250 
0.855044 -0.600000 -18.692637 
0.860044 -0.600000 -26.297454 
0.865044 -0.600000 -26.297454 
0.870044 -0.600000 -18.692637 
0.875045 -0.600000 -26.297454 
0.880045 -0.600000 -24.396250 
0.885045 -0.600000 -20.593841 
0.890045 -0.600000 -22.495045 
0.895045 -0.600000 -18.692637 
0.900045 -0.600000 -20.593841 
0.905045 -0.600000 -22.495045 
0.910045 -0.600000 -26.297454 
0.915045 -0.600000 -26.297454 
0.920046 -0.600000 -22.495045 
0.925046 -0.600000 -22.495045 
0.930046 -0.600000 -24.396250 
0.935046 -0.600000 -28.198658 
0.940046 -0.600000 -20.593841 
0.945046 -0.600000 -24.396250 
0.950046 -0.600000 -22.495045 
0.955047 -0.600000 -22.495045 
0.960047 -0.600000 -18.692637 
0.965047 -0.600000 -20.593841 
0.970047 -0.600000 -28.198658 
0.975047 -0.600000 -20.593841 
0.980047 -0.600000 -24.396250 
0.985047 -0.600000 -22.495045 
0.990047 -0.600000 -22.495045 
0.995048 -0.600000 -16.791433 
