0.000001 -1.800000 0.109965 
0.005001 -1.800000 3.912373 
0.010001 -1.800000 2.011169 
0.015002 -1.800000 -3.692444 
0.020002 -1.800000 -3.692444 
0.025002 -1.800000 -1.791240 
0.030002 -1.800000 -1.791240 
0.035003 -1.800000 -5.593648 
0.040003 -1.800000 -22.704485 
0.045003 -1.800000 -26.506894 
0.050004 -1.800000 -36.012914 
0.055004 -1.800000 -51.222547 
0.060004 -1.800000 -55.024956 
0.065004 -1.800000 -60.728568 
0.070004 -1.800000 -64.530977 
0.075004 -1.800000 -60.728568 
0.080005 -1.800000 -64.530977 
0.085005 -1.800000 -58.827364 
0.090005 -1.800000 -58.827364 
0.095005 -1.800000 -60.728568 
0.100006 -1.800000 -62.629772 
0.105006 -1.800000 -70.234589 
0.110006 -1.800000 -74.036997 
0.115006 -1.800000 -74.036997 
0.120007 -1.800000 -81.641814 
0.125007 -1.800000 -77.839406 
0.130007 -1.800000 -81.641814 
0.135007 -1.800000 -72.135793 
0.140007 -1.800000 -72.135793 
0.145007 -1.800000 -79.740610 
0.150008 -1.800000 -83.543018 
0.155008 -1.800000 -77.839406 
0.160008 -1.800000 -91.147835 
0.165008 -1.800000 -83.543018 
0.170008 -1.800000 -85.444222 
0.175009 -1.800000 -85.444222 
0.180009 -1.800000 -87.345426 
0.185009 -1.800000 -87.345426 
0.190009 -1.800000 -87.345426 
0.195009 -1.800000 -89.246631 
0.200009 -1.800000 -87.345426 
0.205009 -1.800000 -81.641814 
0.210010 -1.800000 -93.049039 
0.215010 -1.800000 -89.246631 
0.220010 -1.800000 -94.950243 
0.225010 -1.800000 -89.246631 
0.230010 -1.800000 -85.444222 
0.235010 -1.800000 -94.950243 
0.240010 -1.800000 -85.444222 
0.245011 -1.800000 -89.246631 
0.250011 -1.800000 -87.345426 
0.255028 -1.800000 -81.641814 
0.260028 -1.800000 -83.543018 
0.265028 -1.800000 -87.345426 
0.270028 -1.800000 -85.444222 
0.275028 -1.800000 -91.147835 
0.280028 -1.800000 -85.444222 
0.285028 -1.800000 -91.147835 
0.290028 -1.800000 -98.752651 
0.295029 -1.800000 -91.147835 
0.300029 -1.800000 -89.246631 
0.305029 -1.800000 -91.147835 
0.310029 -1.800000 -79.740610 
0.315029 -1.800000 -91.147835 
0.320029 -1.800000 -85.444222 
0.325029 -1.800000 -87.345426 
0.330041 -1.800000 -91.147835 
0.335041 -1.800000 -89.246631 
0.340041 -1.800000 -87.345426 
0.345041 -1.800000 -83.543018 
0.350041 -1.800000 -81.641814 
0.355041 -1.800000 -91.147835 
0.360042 -1.800000 -87.345426 
0.365042 -1.800000 -89.246631 
0.370042 -1.800000 -87.345426 
0.375042 -1.800000 -87.345426 
0.380042 -1.800000 -79.740610 
0.385042 -1.800000 -87.345426 
0.390043 -1.800000 -91.147835 
0.395043 -1.800000 -85.444222 
0.400043 -1.800000 -81.641814 
0.405043 -1.800000 -89.246631 
0.410043 -1.800000 -85.444222 
0.415044 -1.800000 -85.444222 
0.420044 -1.800000 -81.641814 
0.425044 -1.800000 -81.641814 
0.430044 -1.800000 -77.839406 
0.435044 -1.800000 -81.641814 
0.440044 -1.800000 -75.938201 
0.445044 -1.800000 -87.345426 
0.450045 -1.800000 -79.740610 
0.455045 -1.800000 -79.740610 
0.460045 -1.800000 -81.641814 
0.465045 -1.800000 -77.839406 
0.470046 -1.800000 -83.543018 
0.475046 -1.800000 -77.839406 
0.480046 -1.800000 -75.938201 
0.485046 -1.800000 -85.444222 
0.490046 -1.800000 -75.938201 
0.495046 -1.800000 -81.641814 
0.500047 -1.800000 -79.740610 
0.505048 -1.800000 -77.839406 
0.510048 -1.800000 -77.839406 
0.515049 -1.800000 -75.938201 
0.520049 -1.800000 -74.036997 
0.525049 -1.800000 -79.740610 
0.530049 -1.800000 -79.740610 
0.535049 -1.800000 -72.135793 
0.540049 -1.800000 -83.543018 
0.545049 -1.800000 -79.740610 
0.550049 -1.800000 -75.938201 
0.555050 -1.800000 -77.839406 
0.560050 -1.800000 -81.641814 
0.565050 -1.800000 -74.036997 
0.570050 -1.800000 -77.839406 
0.575051 -1.800000 -72.135793 
0.580051 -1.800000 -75.938201 
0.585051 -1.800000 -74.036997 
0.590051 -1.800000 -75.938201 
0.595051 -1.800000 -74.036997 
0.600051 -1.800000 -70.234589 
0.605052 -1.800000 -70.234589 
0.610052 -1.800000 -75.938201 
0.615052 -1.800000 -75.938201 
0.620052 -1.800000 -79.740610 
0.625056 -1.800000 -68.333385 
0.630056 -1.800000 -72.135793 
0.635057 -1.800000 -64.530977 
0.640057 -1.800000 -72.135793 
0.645057 -1.800000 -70.234589 
0.650057 -1.800000 -66.432181 
0.655057 -1.800000 -74.036997 
0.660057 -1.800000 -66.432181 
0.665069 -1.800000 -64.530977 
0.670070 -1.800000 -68.333385 
0.675070 -1.800000 -64.530977 
0.680079 -1.800000 -64.530977 
0.685079 -1.800000 -68.333385 
0.690079 -1.800000 -66.432181 
0.695080 -1.800000 -64.530977 
0.700080 -1.800000 -74.036997 
0.705080 -1.800000 -68.333385 
0.710080 -1.800000 -66.432181 
0.715080 -1.800000 -68.333385 
0.720080 -1.800000 -70.234589 
0.725080 -1.800000 -62.629772 
0.730080 -1.800000 -68.333385 
0.735081 -1.800000 -60.728568 
0.740081 -1.800000 -66.432181 
0.745081 -1.800000 -66.432181 
0.750081 -1.800000 -68.333385 
0.755081 -1.800000 -62.629772 
0.760081 -1.800000 -70.234589 
0.765081 -1.800000 -62.629772 
0.770091 -1.800000 -64.530977 
0.775097 -1.800000 -66.432181 
0.780097 -1.800000 -58.827364 
0.785097 -1.800000 -62.629772 
0.790097 -1.800000 -62.629772 
0.795097 -1.800000 -62.629772 
0.800098 -1.800000 -68.333385 
0.805098 -1.800000 -62.629772 
0.810098 -1.800000 -68.333385 
0.815098 -1.800000 -66.432181 
0.820106 -1.800000 -60.728568 
0.825106 -1.800000 -68.333385 
0.830106 -1.800000 -64.530977 
0.835106 -1.800000 -64.530977 
0.840107 -1.800000 -62.629772 
0.845107 -1.800000 -62.629772 
0.850107 -1.800000 -66.432181 
0.855107 -1.800000 -62.629772 
0.860107 -1.800000 -62.629772 
0.865117 -1.800000 -60.728568 
0.870117 -1.800000 -56.926160 
0.875117 -1.800000 -66.432181 
0.880117 -1.800000 -66.432181 
0.885117 -1.800000 -58.827364 
0.890118 -1.800000 -68.333385 
0.895118 -1.800000 -56.926160 
0.900118 -1.800000 -60.728568 
0.905118 -1.800000 -60.728568 
0.910118 -1.800000 -58.827364 
0.915118 -1.800000 -55.024956 
0.920118 -1.800000 -56.926160 
0.925118 -1.800000 -58.827364 
0.930118 -1.800000 -60.728568 
0.935118 -1.800000 -55.024956 
0.940119 -1.800000 -60.728568 
0.945119 -1.800000 -66.432181 
0.950130 -1.800000 -60.728568 
0.955130 -1.800000 -60.728568 
0.960130 -1.800000 -58.827364 
0.965130 -1.800000 -66.432181 
0.970130 -1.800000 -58.827364 
0.975130 -1.800000 -56.926160 
0.980130 -1.800000 -58.827364 
0.985130 -1.800000 -51.222547 
0.990130 -1.800000 -53.123752 
0.995130 -1.800000 -53.123752 
