0.000000 -3.400000 5.306318 
0.005001 -3.400000 1.503910 
0.010001 -3.400000 -6.100907 
0.015001 -3.400000 3.405114 
0.020001 -3.400000 -0.397294 
0.025001 -3.400000 -8.002111 
0.030001 -3.400000 -25.112948 
0.035002 -3.400000 -34.618969 
0.040002 -3.400000 -63.137031 
0.045002 -3.400000 -82.149073 
0.050002 -3.400000 -101.161114 
0.055002 -3.400000 -112.568339 
0.060002 -3.400000 -110.667135 
0.065002 -3.400000 -116.370747 
0.070003 -3.400000 -112.568339 
0.075003 -3.400000 -114.469543 
0.080003 -3.400000 -118.271952 
0.085003 -3.400000 -116.370747 
0.090003 -3.400000 -127.777972 
0.095003 -3.400000 -125.876768 
0.100003 -3.400000 -131.580381 
0.105003 -3.400000 -142.987606 
0.110003 -3.400000 -133.481585 
0.115004 -3.400000 -139.185197 
0.120004 -3.400000 -137.283993 
0.125004 -3.400000 -141.086401 
0.130004 -3.400000 -137.283993 
0.135004 -3.400000 -150.592422 
0.140004 -3.400000 -141.086401 
0.145005 -3.400000 -146.790014 
0.150005 -3.400000 -150.592422 
0.155005 -3.400000 -148.691218 
0.160005 -3.400000 -156.296035 
0.165006 -3.400000 -154.394830 
0.170006 -3.400000 -156.296035 
0.175006 -3.400000 -154.394830 
0.180006 -3.400000 -156.296035 
0.185006 -3.400000 -150.592422 
0.190006 -3.400000 -152.493626 
0.195007 -3.400000 -152.493626 
0.200007 -3.400000 -150.592422 
0.205007 -3.400000 -160.098443 
0.210007 -3.400000 -160.098443 
0.215007 -3.400000 -160.098443 
0.220008 -3.400000 -163.900851 
0.225008 -3.400000 -154.394830 
0.230008 -3.400000 -160.098443 
0.235008 -3.400000 -160.098443 
0.240008 -3.400000 -156.296035 
0.245009 -3.400000 -152.493626 
0.250009 -3.400000 -156.296035 
0.255009 -3.400000 -158.197239 
0.260009 -3.400000 -161.999647 
0.265009 -3.400000 -154.394830 
0.270009 -3.400000 -158.197239 
0.275009 -3.400000 -150.592422 
0.280010 -3.400000 -160.098443 
0.285010 -3.400000 -152.493626 
0.290010 -3.400000 -150.592422 
0.295010 -3.400000 -150.592422 
0.300010 -3.400000 -152.493626 
0.305010 -3.400000 -154.394830 
0.310011 -3.400000 -152.493626 
0.315011 -3.400000 -158.197239 
0.320011 -3.400000 -161.999647 
0.325011 -3.400000 -154.394830 
0.330011 -3.400000 -148.691218 
0.335011 -3.400000 -150.592422 
0.340011 -3.400000 -152.493626 
0.345011 -3.400000 -142.987606 
0.350011 -3.400000 -150.592422 
0.355012 -3.400000 -154.394830 
0.360012 -3.400000 -152.493626 
0.365012 -3.400000 -148.691218 
0.370012 -3.400000 -152.493626 
0.375012 -3.400000 -144.888810 
0.380012 -3.400000 -152.493626 
0.385013 -3.400000 -148.691218 
0.390013 -3.400000 -150.592422 
0.395013 -3.400000 -150.592422 
0.400013 -3.400000 -146.790014 
0.405013 -3.400000 -144.888810 
0.410013 -3.400000 -144.888810 
0.415013 -3.400000 -142.987606 
0.420017 -3.400000 -152.493626 
0.425017 -3.400000 -150.592422 
0.430018 -3.400000 -141.086401 
0.435018 -3.400000 -154.394830 
0.440018 -3.400000 -142.987606 
0.445018 -3.400000 -139.185197 
0.450018 -3.400000 -148.691218 
0.455018 -3.400000 -139.185197 
0.460018 -3.400000 -141.086401 
0.465019 -3.400000 -146.790014 
0.470019 -3.400000 -142.987606 
0.475019 -3.400000 -135.382789 
0.480019 -3.400000 -142.987606 
0.485019 -3.400000 -137.283993 
0.490019 -3.400000 -137.283993 
0.495020 -3.400000 -141.086401 
0.500020 -3.400000 -142.987606 
0.505020 -3.400000 -139.185197 
0.510020 -3.400000 -139.185197 
0.515020 -3.400000 -141.086401 
0.520020 -3.400000 -135.382789 
0.525020 -3.400000 -142.987606 
0.530021 -3.400000 -144.888810 
0.535021 -3.400000 -139.185197 
0.540021 -3.400000 -139.185197 
0.545021 -3.400000 -133.481585 
0.550021 -3.400000 -133.481585 
0.555021 -3.400000 -137.283993 
0.560021 -3.400000 -131.580381 
0.565022 -3.400000 -137.283993 
0.570022 -3.400000 -141.086401 
0.575022 -3.400000 -137.283993 
0.580023 -3.400000 -133.481585 
0.585028 -3.400000 -137.283993 
0.590028 -3.400000 -141.086401 
0.595029 -3.400000 -141.086401 
0.600029 -3.400000 -129.679176 
0.605029 -3.400000 -137.283993 
0.610029 -3.400000 -133.481585 
0.615029 -3.400000 -142.987606 
0.620029 -3.400000 -133.481585 
0.625030 -3.400000 -133.481585 
0.630030 -3.400000 -137.283993 
0.635030 -3.400000 -133.481585 
0.640030 -3.400000 -133.481585 
0.645031 -3.400000 -137.283993 
0.650031 -3.400000 -133.481585 
0.655031 -3.400000 -133.481585 
0.660031 -3.400000 -135.382789 
0.665031 -3.400000 -133.481585 
0.670031 -3.400000 -133.481585 
0.675031 -3.400000 -131.580381 
0.680031 -3.400000 -133.481585 
0.685031 -3.400000 -135.382789 
0.690032 -3.400000 -133.481585 
0.695032 -3.400000 -133.481585 
0.700032 -3.400000 -133.481585 
0.705032 -3.400000 -131.580381 
0.710032 -3.400000 -133.481585 
0.715032 -3.400000 -127.777972 
0.720032 -3.400000 -135.382789 
0.725033 -3.400000 -129.679176 
0.730033 -3.400000 -127.777972 
0.735033 -3.400000 -135.382789 
0.740033 -3.400000 -129.679176 
0.745033 -3.400000 -137.283993 
0.750033 -3.400000 -123.975564 
0.755033 -3.400000 -127.777972 
0.760034 -3.400000 -135.382789 
0.765034 -3.400000 -137.283993 
0.770034 -3.400000 -133.481585 
0.775034 -3.400000 -127.777972 
0.780034 -3.400000 -125.876768 
0.785034 -3.400000 -127.777972 
0.790035 -3.400000 -131.580381 
0.795035 -3.400000 -127.777972 
0.800035 -3.400000 -133.481585 
0.805035 -3.400000 -129.679176 
0.810035 -3.400000 -127.777972 
0.815035 -3.400000 -122.074360 
0.820035 -3.400000 -133.481585 
0.825035 -3.400000 -131.580381 
0.830035 -3.400000 -133.481585 
0.835036 -3.400000 -133.481585 
0.840036 -3.400000 -125.876768 
0.845036 -3.400000 -133.481585 
0.850036 -3.400000 -123.975564 
0.855036 -3.400000 -135.382789 
0.860036 -3.400000 -139.185197 
0.865036 -3.400000 -131.580381 
0.870036 -3.400000 -135.382789 
0.875036 -3.400000 -127.777972 
0.880036 -3.400000 -127.777972 
0.885037 -3.400000 -129.679176 
0.890037 -3.400000 -127.777972 
0.895037 -3.400000 -133.481585 
0.900037 -3.400000 -129.679176 
0.905037 -3.400000 -131.580381 
0.910037 -3.400000 -131.580381 
0.915037 -3.400000 -131.580381 
0.920037 -3.400000 -135.382789 
0.925037 -3.400000 -125.876768 
0.930038 -3.400000 -131.580381 
0.935038 -3.400000 -131.580381 
0.940038 -3.400000 -131.580381 
0.945038 -3.400000 -133.481585 
0.950038 -3.400000 -129.679176 
0.955038 -3.400000 -131.580381 
0.960038 -3.400000 -133.481585 
0.965038 -3.400000 -127.777972 
0.970038 -3.400000 -137.283993 
0.975039 -3.400000 -129.679176 
0.980039 -3.400000 -139.185197 
0.985039 -3.400000 -133.481585 
0.990039 -3.400000 -131.580381 
0.995039 -3.400000 -135.382789 
