0.000001 -0.500000 0.439000 
0.005001 -0.500000 -3.363408 
0.010001 -0.500000 4.241408 
0.015001 -0.500000 2.340204 
0.020002 -0.500000 -1.462204 
0.025002 -0.500000 -9.067021 
0.030002 -0.500000 -3.363408 
0.035002 -0.500000 -7.165817 
0.040002 -0.500000 -3.363408 
0.045002 -0.500000 2.340204 
0.050005 -0.500000 -3.363408 
0.055005 -0.500000 -1.462204 
0.060005 -0.500000 -3.363408 
0.065005 -0.500000 0.439000 
0.070005 -0.500000 -5.264613 
0.075006 -0.500000 -5.264613 
0.080006 -0.500000 -12.869429 
0.085006 -0.500000 -5.264613 
0.090006 -0.500000 -12.869429 
0.095007 -0.500000 -16.671838 
0.100007 -0.500000 -20.474246 
0.105007 -0.500000 -26.177858 
0.110007 -0.500000 -22.375450 
0.115007 -0.500000 -18.573042 
0.120008 -0.500000 -26.177858 
0.125008 -0.500000 -28.079062 
0.130008 -0.500000 -24.276654 
0.135008 -0.500000 -16.671838 
0.140008 -0.500000 -28.079062 
0.145008 -0.500000 -16.671838 
0.150008 -0.500000 -22.375450 
0.155009 -0.500000 -24.276654 
0.160009 -0.500000 -29.980267 
0.165009 -0.500000 -28.079062 
0.170009 -0.500000 -28.079062 
0.175009 -0.500000 -29.980267 
0.180009 -0.500000 -31.881471 
0.185010 -0.500000 -26.177858 
0.190010 -0.500000 -24.276654 
0.195010 -0.500000 -28.079062 
0.200010 -0.500000 -24.276654 
0.205010 -0.500000 -28.079062 
0.210010 -0.500000 -28.079062 
0.215010 -0.500000 -35.683879 
0.220011 -0.500000 -29.980267 
0.225011 -0.500000 -28.079062 
0.230011 -0.500000 -28.079062 
0.235011 -0.500000 -26.177858 
0.240011 -0.500000 -31.881471 
0.245011 -0.500000 -22.375450 
0.250011 -0.500000 -28.079062 
0.255011 -0.500000 -31.881471 
0.260012 -0.500000 -28.079062 
0.265012 -0.500000 -28.079062 
0.270012 -0.500000 -28.079062 
0.275012 -0.500000 -28.079062 
0.280012 -0.500000 -24.276654 
0.285012 -0.500000 -29.980267 
0.290012 -0.500000 -26.177858 
0.295012 -0.500000 -28.079062 
0.300012 -0.500000 -33.782675 
0.305013 -0.500000 -22.375450 
0.310013 -0.500000 -35.683879 
0.315013 -0.500000 -29.980267 
0.320013 -0.500000 -29.980267 
0.325013 -0.500000 -33.782675 
0.330013 -0.500000 -31.881471 
0.335014 -0.500000 -29.980267 
0.340014 -0.500000 -31.881471 
0.345014 -0.500000 -24.276654 
0.350014 -0.500000 -33.782675 
0.355014 -0.500000 -28.079062 
0.360014 -0.500000 -24.276654 
0.365014 -0.500000 -28.079062 
0.370014 -0.500000 -24.276654 
0.375014 -0.500000 -29.980267 
0.380015 -0.500000 -22.375450 
0.385015 -0.500000 -28.079062 
0.390015 -0.500000 -26.177858 
0.395015 -0.500000 -28.079062 
0.400015 -0.500000 -26.177858 
0.405016 -0.500000 -22.375450 
0.410016 -0.500000 -24.276654 
0.415016 -0.500000 -29.980267 
0.420017 -0.500000 -28.079062 
0.425017 -0.500000 -29.980267 
0.430017 -0.500000 -29.980267 
0.435017 -0.500000 -28.079062 
0.440017 -0.500000 -28.079062 
0.445017 -0.500000 -29.980267 
0.450017 -0.500000 -28.079062 
0.455018 -0.500000 -26.177858 
0.460018 -0.500000 -26.177858 
0.465018 -0.500000 -29.980267 
0.470018 -0.500000 -24.276654 
0.475018 -0.500000 -29.980267 
0.480018 -0.500000 -26.177858 
0.485019 -0.500000 -26.177858 
0.490019 -0.500000 -28.079062 
0.495019 -0.500000 -20.474246 
0.500019 -0.500000 -29.980267 
0.505019 -0.500000 -20.474246 
0.510019 -0.500000 -22.375450 
0.515019 -0.500000 -24.276654 
0.520020 -0.500000 -24.276654 
0.525020 -0.500000 -24.276654 
0.530020 -0.500000 -22.375450 
0.535020 -0.500000 -20.474246 
0.540020 -0.500000 -22.375450 
0.545020 -0.500000 -24.276654 
0.550020 -0.500000 -20.474246 
0.555021 -0.500000 -28.079062 
0.560021 -0.500000 -18.573042 
0.565021 -0.500000 -28.079062 
0.570021 -0.500000 -24.276654 
0.575021 -0.500000 -22.375450 
0.580021 -0.500000 -22.375450 
0.585021 -0.500000 -24.276654 
0.590021 -0.500000 -18.573042 
0.595022 -0.500000 -20.474246 
0.600022 -0.500000 -24.276654 
0.605022 -0.500000 -24.276654 
0.610022 -0.500000 -24.276654 
0.615022 -0.500000 -28.079062 
0.620024 -0.500000 -22.375450 
0.625024 -0.500000 -29.980267 
0.630024 -0.500000 -18.573042 
0.635024 -0.500000 -29.980267 
0.640025 -0.500000 -28.079062 
0.645025 -0.500000 -28.079062 
0.650025 -0.500000 -18.573042 
0.655025 -0.500000 -26.177858 
0.660025 -0.500000 -16.671838 
0.665025 -0.500000 -26.177858 
0.670025 -0.500000 -14.770633 
0.675026 -0.500000 -26.177858 
0.680026 -0.500000 -24.276654 
0.685026 -0.500000 -16.671838 
0.690026 -0.500000 -20.474246 
0.695026 -0.500000 -16.671838 
0.700026 -0.500000 -16.671838 
0.705026 -0.500000 -16.671838 
0.710026 -0.500000 -14.770633 
0.715027 -0.500000 -26.177858 
0.720027 -0.500000 -18.573042 
0.725027 -0.500000 -18.573042 
0.730027 -0.500000 -20.474246 
0.735027 -0.500000 -20.474246 
0.740027 -0.500000 -22.375450 
0.745027 -0.500000 -22.375450 
0.750027 -0.500000 -20.474246 
0.755027 -0.500000 -14.770633 
0.760028 -0.500000 -22.375450 
0.765028 -0.500000 -22.375450 
0.770028 -0.500000 -20.474246 
0.775028 -0.500000 -16.671838 
0.780028 -0.500000 -20.474246 
0.785028 -0.500000 -26.177858 
0.790028 -0.500000 -26.177858 
0.795029 -0.500000 -22.375450 
0.800029 -0.500000 -18.573042 
0.805029 -0.500000 -16.671838 
0.810029 -0.500000 -14.770633 
0.815029 -0.500000 -20.474246 
0.820029 -0.500000 -22.375450 
0.825029 -0.500000 -20.474246 
0.830030 -0.500000 -20.474246 
0.835030 -0.500000 -12.869429 
0.840030 -0.500000 -20.474246 
0.845030 -0.500000 -16.671838 
0.850040 -0.500000 -28.079062 
0.855040 -0.500000 -22.375450 
0.860040 -0.500000 -12.869429 
0.865040 -0.500000 -16.671838 
0.870040 -0.500000 -16.671838 
0.875040 -0.500000 -16.671838 
0.880040 -0.500000 -16.671838 
0.885040 -0.500000 -12.869429 
0.890041 -0.500000 -18.573042 
0.895041 -0.500000 -20.474246 
0.900041 -0.500000 -16.671838 
0.905041 -0.500000 -9.067021 
0.910041 -0.500000 -20.474246 
0.915041 -0.500000 -12.869429 
0.920041 -0.500000 -22.375450 
0.925042 -0.500000 -16.671838 
0.930042 -0.500000 -10.968225 
0.935042 -0.500000 -16.671838 
0.940042 -0.500000 -16.671838 
0.945042 -0.500000 -12.869429 
0.950042 -0.500000 -20.474246 
0.955042 -0.500000 -16.671838 
0.960042 -0.500000 -12.869429 
0.965043 -0.500000 -22.375450 
0.970043 -0.500000 -22.375450 
0.975043 -0.500000 -14.770633 
0.980043 -0.500000 -18.573042 
0.985043 -0.500000 -20.474246 
0.990043 -0.500000 -16.671838 
0.995043 -0.500000 -20.474246 
