0.000001 -0.400000 0.885452 
0.005001 -0.400000 0.885452 
0.010001 -0.400000 6.589064 
0.015001 -0.400000 2.786656 
0.020001 -0.400000 -4.818161 
0.025001 -0.400000 -1.015752 
0.030001 -0.400000 2.786656 
0.035002 -0.400000 -2.916957 
0.040002 -0.400000 2.786656 
0.045002 -0.400000 2.786656 
0.050002 -0.400000 4.687860 
0.055002 -0.400000 -2.916957 
0.060002 -0.400000 0.885452 
0.065002 -0.400000 -1.015752 
0.070003 -0.400000 0.885452 
0.075003 -0.400000 2.786656 
0.080003 -0.400000 6.589064 
0.085003 -0.400000 2.786656 
0.090003 -0.400000 4.687860 
0.095003 -0.400000 2.786656 
0.100003 -0.400000 -2.916957 
0.105004 -0.400000 2.786656 
0.110004 -0.400000 2.786656 
0.115004 -0.400000 2.786656 
0.120004 -0.400000 -1.015752 
0.125004 -0.400000 2.786656 
0.130004 -0.400000 4.687860 
0.135004 -0.400000 -4.818161 
0.140005 -0.400000 -2.916957 
0.145005 -0.400000 0.885452 
0.150005 -0.400000 6.589064 
0.155005 -0.400000 -2.916957 
0.160005 -0.400000 -2.916957 
0.165005 -0.400000 4.687860 
0.170005 -0.400000 4.687860 
0.175005 -0.400000 4.687860 
0.180006 -0.400000 -1.015752 
0.185006 -0.400000 6.589064 
0.190006 -0.400000 4.687860 
0.195006 -0.400000 0.885452 
0.200006 -0.400000 2.786656 
0.205007 -0.400000 0.885452 
0.210007 -0.400000 4.687860 
0.215007 -0.400000 -2.916957 
0.220007 -0.400000 6.589064 
0.225007 -0.400000 6.589064 
0.230007 -0.400000 2.786656 
0.235007 -0.400000 0.885452 
0.240008 -0.400000 0.885452 
0.245008 -0.400000 4.687860 
0.250008 -0.400000 4.687860 
0.255008 -0.400000 6.589064 
0.260008 -0.400000 -1.015752 
0.265009 -0.400000 0.885452 
0.270009 -0.400000 -2.916957 
0.275009 -0.400000 2.786656 
0.280009 -0.400000 2.786656 
0.285009 -0.400000 -2.916957 
0.290009 -0.400000 -2.916957 
0.295009 -0.400000 0.885452 
0.300010 -0.400000 2.786656 
0.305010 -0.400000 0.885452 
0.310010 -0.400000 2.786656 
0.315010 -0.400000 0.885452 
0.320010 -0.400000 0.885452 
0.325010 -0.400000 4.687860 
0.330010 -0.400000 -4.818161 
0.335011 -0.400000 0.885452 
0.340011 -0.400000 0.885452 
0.345011 -0.400000 4.687860 
0.350011 -0.400000 2.786656 
0.355011 -0.400000 0.885452 
0.360011 -0.400000 0.885452 
0.365011 -0.400000 0.885452 
0.370011 -0.400000 2.786656 
0.375012 -0.400000 -4.818161 
0.380012 -0.400000 6.589064 
0.385012 -0.400000 -2.916957 
0.390013 -0.400000 0.885452 
0.395013 -0.400000 -2.916957 
0.400014 -0.400000 -4.818161 
0.405014 -0.400000 4.687860 
0.410014 -0.400000 0.885452 
0.415015 -0.400000 0.885452 
0.420015 -0.400000 4.687860 
0.425015 -0.400000 -1.015752 
0.430016 -0.400000 2.786656 
0.435016 -0.400000 0.885452 
0.440016 -0.400000 4.687860 
0.445016 -0.400000 4.687860 
0.450017 -0.400000 2.786656 
0.455018 -0.400000 4.687860 
0.460018 -0.400000 0.885452 
0.465019 -0.400000 6.589064 
0.470019 -0.400000 2.786656 
0.475019 -0.400000 -4.818161 
0.480020 -0.400000 2.786656 
0.485020 -0.400000 -2.916957 
0.490020 -0.400000 -2.916957 
0.495022 -0.400000 2.786656 
0.500023 -0.400000 4.687860 
0.505024 -0.400000 -2.916957 
0.510024 -0.400000 -2.916957 
0.515025 -0.400000 4.687860 
0.520025 -0.400000 -2.916957 
0.525025 -0.400000 0.885452 
0.530026 -0.400000 0.885452 
0.535026 -0.400000 -1.015752 
0.540027 -0.400000 6.589064 
0.545027 -0.400000 4.687860 
0.550027 -0.400000 0.885452 
0.555028 -0.400000 -2.916957 
0.560028 -0.400000 0.885452 
0.565028 -0.400000 0.885452 
0.570028 -0.400000 6.589064 
0.575028 -0.400000 -2.916957 
0.580028 -0.400000 0.885452 
0.585029 -0.400000 6.589064 
0.590029 -0.400000 0.885452 
0.595030 -0.400000 4.687860 
0.600030 -0.400000 -1.015752 
0.605030 -0.400000 0.885452 
0.610030 -0.400000 -1.015752 
0.615030 -0.400000 4.687860 
0.620031 -0.400000 4.687860 
0.625031 -0.400000 2.786656 
0.630031 -0.400000 -4.818161 
0.635031 -0.400000 -2.916957 
0.640031 -0.400000 0.885452 
0.645031 -0.400000 2.786656 
0.650031 -0.400000 6.589064 
0.655049 -0.400000 0.885452 
0.660058 -0.400000 2.786656 
0.665058 -0.400000 -4.818161 
0.670058 -0.400000 -4.818161 
0.675059 -0.400000 2.786656 
0.680059 -0.400000 0.885452 
0.685060 -0.400000 4.687860 
0.690060 -0.400000 6.589064 
0.695060 -0.400000 0.885452 
0.700060 -0.400000 0.885452 
0.705060 -0.400000 -4.818161 
0.710061 -0.400000 6.589064 
0.715061 -0.400000 0.885452 
0.720062 -0.400000 -4.818161 
0.725062 -0.400000 2.786656 
0.730062 -0.400000 2.786656 
0.735063 -0.400000 0.885452 
0.740063 -0.400000 2.786656 
0.745064 -0.400000 2.786656 
0.750064 -0.400000 -2.916957 
0.755064 -0.400000 -2.916957 
0.760065 -0.400000 0.885452 
0.765065 -0.400000 6.589064 
0.770065 -0.400000 6.589064 
0.775066 -0.400000 -4.818161 
0.780066 -0.400000 2.786656 
0.785066 -0.400000 -4.818161 
0.790067 -0.400000 4.687860 
0.795067 -0.400000 2.786656 
0.800068 -0.400000 0.885452 
0.805068 -0.400000 -2.916957 
0.810068 -0.400000 2.786656 
0.815069 -0.400000 2.786656 
0.820069 -0.400000 4.687860 
0.825070 -0.400000 0.885452 
0.830070 -0.400000 -1.015752 
0.835070 -0.400000 -2.916957 
0.840071 -0.400000 4.687860 
0.845071 -0.400000 -4.818161 
0.850071 -0.400000 -1.015752 
0.855071 -0.400000 0.885452 
0.860071 -0.400000 -2.916957 
0.865072 -0.400000 4.687860 
0.870072 -0.400000 6.589064 
0.875072 -0.400000 -1.015752 
0.880072 -0.400000 4.687860 
0.885072 -0.400000 2.786656 
0.890072 -0.400000 -2.916957 
0.895072 -0.400000 0.885452 
0.900073 -0.400000 0.885452 
0.905073 -0.400000 -2.916957 
0.910073 -0.400000 -1.015752 
0.915073 -0.400000 0.885452 
0.920073 -0.400000 -2.916957 
0.925074 -0.400000 0.885452 
0.930074 -0.400000 4.687860 
0.935074 -0.400000 2.786656 
0.940075 -0.400000 0.885452 
0.945075 -0.400000 -2.916957 
0.950076 -0.400000 2.786656 
0.955076 -0.400000 0.885452 
0.960077 -0.400000 -2.916957 
0.965077 -0.400000 0.885452 
0.970077 -0.400000 0.885452 
0.975078 -0.400000 2.786656 
0.980078 -0.400000 4.687860 
0.985079 -0.400000 -2.916957 
0.990079 -0.400000 4.687860 
0.995079 -0.400000 2.786656 
