0.000001 -2.900000 2.804615 
0.005001 -2.900000 -4.800202 
0.010001 -2.900000 4.705819 
0.015001 -2.900000 4.705819 
0.020002 -2.900000 -8.602610 
0.025002 -2.900000 -14.306223 
0.030002 -2.900000 -27.614652 
0.035003 -2.900000 -50.429102 
0.040003 -2.900000 -65.638735 
0.045003 -2.900000 -82.749572 
0.050003 -2.900000 -82.749572 
0.055003 -2.900000 -94.156797 
0.060004 -2.900000 -88.453185 
0.065004 -2.900000 -88.453185 
0.070004 -2.900000 -97.959205 
0.075004 -2.900000 -94.156797 
0.080005 -2.900000 -99.860410 
0.085005 -2.900000 -105.564022 
0.090005 -2.900000 -116.971247 
0.095005 -2.900000 -107.465226 
0.100005 -2.900000 -116.971247 
0.105006 -2.900000 -120.773655 
0.110006 -2.900000 -120.773655 
0.115006 -2.900000 -120.773655 
0.120006 -2.900000 -118.872451 
0.125007 -2.900000 -118.872451 
0.130007 -2.900000 -130.279676 
0.135007 -2.900000 -128.378472 
0.140008 -2.900000 -128.378472 
0.145008 -2.900000 -124.576064 
0.150008 -2.900000 -130.279676 
0.155009 -2.900000 -128.378472 
0.160009 -2.900000 -132.180880 
0.165009 -2.900000 -130.279676 
0.170009 -2.900000 -137.884493 
0.175009 -2.900000 -135.983288 
0.180009 -2.900000 -132.180880 
0.185010 -2.900000 -135.983288 
0.190010 -2.900000 -134.082084 
0.195010 -2.900000 -128.378472 
0.200010 -2.900000 -135.983288 
0.205010 -2.900000 -134.082084 
0.210010 -2.900000 -135.983288 
0.215011 -2.900000 -143.588105 
0.220011 -2.900000 -135.983288 
0.225011 -2.900000 -132.180880 
0.230019 -2.900000 -135.983288 
0.235019 -2.900000 -134.082084 
0.240019 -2.900000 -135.983288 
0.245019 -2.900000 -130.279676 
0.250019 -2.900000 -134.082084 
0.255020 -2.900000 -132.180880 
0.260020 -2.900000 -135.983288 
0.265021 -2.900000 -137.884493 
0.270022 -2.900000 -135.983288 
0.275022 -2.900000 -135.983288 
0.280022 -2.900000 -130.279676 
0.285022 -2.900000 -135.983288 
0.290022 -2.900000 -132.180880 
0.295023 -2.900000 -135.983288 
0.300023 -2.900000 -130.279676 
0.305023 -2.900000 -134.082084 
0.310023 -2.900000 -134.082084 
0.315024 -2.900000 -137.884493 
0.320024 -2.900000 -128.378472 
0.325024 -2.900000 -135.983288 
0.330024 -2.900000 -137.884493 
0.335025 -2.900000 -134.082084 
0.340025 -2.900000 -128.378472 
0.345025 -2.900000 -130.279676 
0.350025 -2.900000 -130.279676 
0.355026 -2.900000 -128.378472 
0.360026 -2.900000 -124.576064 
0.365026 -2.900000 -134.082084 
0.370026 -2.900000 -128.378472 
0.375026 -2.900000 -132.180880 
0.380026 -2.900000 -130.279676 
0.385027 -2.900000 -130.279676 
0.390027 -2.900000 -134.082084 
0.395027 -2.900000 -120.773655 
0.400027 -2.900000 -134.082084 
0.405027 -2.900000 -128.378472 
0.410027 -2.900000 -135.983288 
0.415028 -2.900000 -130.279676 
0.420028 -2.900000 -130.279676 
0.425028 -2.900000 -126.477268 
0.430028 -2.900000 -124.576064 
0.435028 -2.900000 -128.378472 
0.440028 -2.900000 -128.378472 
0.445029 -2.900000 -130.279676 
0.450029 -2.900000 -130.279676 
0.455029 -2.900000 -126.477268 
0.460029 -2.900000 -128.378472 
0.465029 -2.900000 -126.477268 
0.470029 -2.900000 -128.378472 
0.475029 -2.900000 -124.576064 
0.480030 -2.900000 -124.576064 
0.485030 -2.900000 -118.872451 
0.490030 -2.900000 -130.279676 
0.495030 -2.900000 -126.477268 
0.500030 -2.900000 -124.576064 
0.505030 -2.900000 -120.773655 
0.510030 -2.900000 -122.674859 
0.515031 -2.900000 -113.168839 
0.520031 -2.900000 -124.576064 
0.525031 -2.900000 -120.773655 
0.530031 -2.900000 -116.971247 
0.535031 -2.900000 -126.477268 
0.540031 -2.900000 -122.674859 
0.545031 -2.900000 -111.267634 
0.550031 -2.900000 -118.872451 
0.555031 -2.900000 -116.971247 
0.560032 -2.900000 -122.674859 
0.565032 -2.900000 -116.971247 
0.570032 -2.900000 -116.971247 
0.575032 -2.900000 -116.971247 
0.580033 -2.900000 -120.773655 
0.585033 -2.900000 -118.872451 
0.590033 -2.900000 -118.872451 
0.595033 -2.900000 -118.872451 
0.600033 -2.900000 -116.971247 
0.605034 -2.900000 -116.971247 
0.610034 -2.900000 -115.070043 
0.615034 -2.900000 -118.872451 
0.620034 -2.900000 -115.070043 
0.625034 -2.900000 -118.872451 
0.630034 -2.900000 -122.674859 
0.635035 -2.900000 -111.267634 
0.640035 -2.900000 -115.070043 
0.645035 -2.900000 -109.366430 
0.650035 -2.900000 -116.971247 
0.655035 -2.900000 -115.070043 
0.660035 -2.900000 -107.465226 
0.665036 -2.900000 -116.971247 
0.670036 -2.900000 -115.070043 
0.675036 -2.900000 -118.872451 
0.680036 -2.900000 -111.267634 
0.685036 -2.900000 -120.773655 
0.690037 -2.900000 -118.872451 
0.695037 -2.900000 -109.366430 
0.700037 -2.900000 -113.168839 
0.705037 -2.900000 -122.674859 
0.710037 -2.900000 -113.168839 
0.715037 -2.900000 -107.465226 
0.720038 -2.900000 -118.872451 
0.725038 -2.900000 -107.465226 
0.730038 -2.900000 -116.971247 
0.735038 -2.900000 -116.971247 
0.740038 -2.900000 -115.070043 
0.745038 -2.900000 -116.971247 
0.750039 -2.900000 -115.070043 
0.755039 -2.900000 -107.465226 
0.760039 -2.900000 -118.872451 
0.765039 -2.900000 -111.267634 
0.770040 -2.900000 -113.168839 
0.775040 -2.900000 -111.267634 
0.780040 -2.900000 -103.662818 
0.785040 -2.900000 -116.971247 
0.790040 -2.900000 -103.662818 
0.795040 -2.900000 -113.168839 
0.800041 -2.900000 -113.168839 
0.805041 -2.900000 -109.366430 
0.810041 -2.900000 -115.070043 
0.815041 -2.900000 -103.662818 
0.820041 -2.900000 -115.070043 
0.825042 -2.900000 -113.168839 
0.830042 -2.900000 -111.267634 
0.835042 -2.900000 -113.168839 
0.840042 -2.900000 -109.366430 
0.845042 -2.900000 -109.366430 
0.850042 -2.900000 -105.564022 
0.855042 -2.900000 -109.366430 
0.860043 -2.900000 -113.168839 
0.865043 -2.900000 -109.366430 
0.870043 -2.900000 -111.267634 
0.875043 -2.900000 -111.267634 
0.880043 -2.900000 -107.465226 
0.885044 -2.900000 -109.366430 
0.890044 -2.900000 -111.267634 
0.895044 -2.900000 -101.761614 
0.900044 -2.900000 -101.761614 
0.905044 -2.900000 -115.070043 
0.910044 -2.900000 -109.366430 
0.915044 -2.900000 -109.366430 
0.920044 -2.900000 -113.168839 
0.925044 -2.900000 -109.366430 
0.930045 -2.900000 -115.070043 
0.935045 -2.900000 -103.662818 
0.940045 -2.900000 -116.971247 
0.945045 -2.900000 -109.366430 
0.950046 -2.900000 -107.465226 
0.955046 -2.900000 -99.860410 
0.960046 -2.900000 -113.168839 
0.965047 -2.900000 -109.366430 
0.970047 -2.900000 -109.366430 
0.975047 -2.900000 -107.465226 
0.980047 -2.900000 -107.465226 
0.985047 -2.900000 -109.366430 
0.990047 -2.900000 -113.168839 
0.995048 -2.900000 -115.070043 
