0.000001 -1.200000 -7.205265 
0.005001 -1.200000 4.201960 
0.010001 -1.200000 -1.501653 
0.015001 -1.200000 -3.402857 
0.020001 -1.200000 -7.205265 
0.025002 -1.200000 -3.402857 
0.030002 -1.200000 -11.007674 
0.035002 -1.200000 -11.007674 
0.040002 -1.200000 -7.205265 
0.045002 -1.200000 -9.106470 
0.050002 -1.200000 -18.612490 
0.055003 -1.200000 -18.612490 
0.060003 -1.200000 -35.723328 
0.065003 -1.200000 -43.328144 
0.070016 -1.200000 -47.130553 
0.075016 -1.200000 -50.932961 
0.080029 -1.200000 -50.932961 
0.085029 -1.200000 -47.130553 
0.090031 -1.200000 -49.031757 
0.095031 -1.200000 -49.031757 
0.100032 -1.200000 -41.426940 
0.105032 -1.200000 -52.834165 
0.110032 -1.200000 -52.834165 
0.115032 -1.200000 -54.735369 
0.120032 -1.200000 -54.735369 
0.125032 -1.200000 -52.834165 
0.130032 -1.200000 -62.340186 
0.135033 -1.200000 -58.537777 
0.140033 -1.200000 -56.636573 
0.145033 -1.200000 -62.340186 
0.150033 -1.200000 -58.537777 
0.155033 -1.200000 -62.340186 
0.160033 -1.200000 -52.834165 
0.165033 -1.200000 -58.537777 
0.170034 -1.200000 -56.636573 
0.175034 -1.200000 -64.241390 
0.180034 -1.200000 -58.537777 
0.185034 -1.200000 -64.241390 
0.190034 -1.200000 -66.142594 
0.195035 -1.200000 -68.043798 
0.200035 -1.200000 -64.241390 
0.205035 -1.200000 -64.241390 
0.210035 -1.200000 -60.438982 
0.215035 -1.200000 -58.537777 
0.220035 -1.200000 -62.340186 
0.225036 -1.200000 -58.537777 
0.230036 -1.200000 -66.142594 
0.235036 -1.200000 -66.142594 
0.240036 -1.200000 -71.846207 
0.245037 -1.200000 -68.043798 
0.250037 -1.200000 -62.340186 
0.255037 -1.200000 -62.340186 
0.260045 -1.200000 -66.142594 
0.265046 -1.200000 -64.241390 
0.270046 -1.200000 -60.438982 
0.275046 -1.200000 -68.043798 
0.280046 -1.200000 -64.241390 
0.285046 -1.200000 -66.142594 
0.290046 -1.200000 -71.846207 
0.295046 -1.200000 -64.241390 
0.300046 -1.200000 -71.846207 
0.305046 -1.200000 -71.846207 
0.310047 -1.200000 -64.241390 
0.315047 -1.200000 -62.340186 
0.320049 -1.200000 -62.340186 
0.325049 -1.200000 -64.241390 
0.330066 -1.200000 -64.241390 
0.335066 -1.200000 -64.241390 
0.340066 -1.200000 -60.438982 
0.345066 -1.200000 -68.043798 
0.350066 -1.200000 -60.438982 
0.355066 -1.200000 -62.340186 
0.360067 -1.200000 -64.241390 
0.365067 -1.200000 -69.945002 
0.370067 -1.200000 -62.340186 
0.375067 -1.200000 -69.945002 
0.380067 -1.200000 -58.537777 
0.385067 -1.200000 -64.241390 
0.390068 -1.200000 -69.945002 
0.395068 -1.200000 -60.438982 
0.400068 -1.200000 -56.636573 
0.405068 -1.200000 -68.043798 
0.410068 -1.200000 -62.340186 
0.415069 -1.200000 -58.537777 
0.420069 -1.200000 -69.945002 
0.425069 -1.200000 -58.537777 
0.430069 -1.200000 -66.142594 
0.435069 -1.200000 -58.537777 
0.440069 -1.200000 -60.438982 
0.445069 -1.200000 -58.537777 
0.450069 -1.200000 -52.834165 
0.455070 -1.200000 -56.636573 
0.460071 -1.200000 -54.735369 
0.465071 -1.200000 -60.438982 
0.470071 -1.200000 -62.340186 
0.475071 -1.200000 -50.932961 
0.480071 -1.200000 -64.241390 
0.485071 -1.200000 -62.340186 
0.490071 -1.200000 -50.932961 
0.495071 -1.200000 -62.340186 
0.500072 -1.200000 -54.735369 
0.505072 -1.200000 -60.438982 
0.510072 -1.200000 -52.834165 
0.515072 -1.200000 -58.537777 
0.520072 -1.200000 -60.438982 
0.525074 -1.200000 -54.735369 
0.530075 -1.200000 -60.438982 
0.535075 -1.200000 -56.636573 
0.540075 -1.200000 -52.834165 
0.545075 -1.200000 -50.932961 
0.550075 -1.200000 -56.636573 
0.555075 -1.200000 -60.438982 
0.560075 -1.200000 -49.031757 
0.565075 -1.200000 -52.834165 
0.570076 -1.200000 -50.932961 
0.575076 -1.200000 -54.735369 
0.580076 -1.200000 -56.636573 
0.585076 -1.200000 -56.636573 
0.590076 -1.200000 -47.130553 
0.595076 -1.200000 -52.834165 
0.600076 -1.200000 -45.229348 
0.605076 -1.200000 -50.932961 
0.610076 -1.200000 -52.834165 
0.615077 -1.200000 -47.130553 
0.620077 -1.200000 -50.932961 
0.625077 -1.200000 -49.031757 
0.630077 -1.200000 -54.735369 
0.635077 -1.200000 -54.735369 
0.640077 -1.200000 -52.834165 
0.645083 -1.200000 -47.130553 
0.650095 -1.200000 -50.932961 
0.655095 -1.200000 -52.834165 
0.660096 -1.200000 -54.735369 
0.665096 -1.200000 -45.229348 
0.670096 -1.200000 -56.636573 
0.675112 -1.200000 -47.130553 
0.680113 -1.200000 -50.932961 
0.685113 -1.200000 -47.130553 
0.690113 -1.200000 -54.735369 
0.695125 -1.200000 -49.031757 
0.700125 -1.200000 -54.735369 
0.705125 -1.200000 -43.328144 
0.710125 -1.200000 -49.031757 
0.715125 -1.200000 -54.735369 
0.720125 -1.200000 -47.130553 
0.725126 -1.200000 -49.031757 
0.730126 -1.200000 -50.932961 
0.735126 -1.200000 -45.229348 
0.740126 -1.200000 -52.834165 
0.745126 -1.200000 -50.932961 
0.750126 -1.200000 -47.130553 
0.755126 -1.200000 -49.031757 
0.760126 -1.200000 -41.426940 
0.765131 -1.200000 -47.130553 
0.770131 -1.200000 -41.426940 
0.775132 -1.200000 -41.426940 
0.780132 -1.200000 -49.031757 
0.785132 -1.200000 -41.426940 
0.790132 -1.200000 -45.229348 
0.795134 -1.200000 -49.031757 
0.800134 -1.200000 -45.229348 
0.805134 -1.200000 -45.229348 
0.810134 -1.200000 -49.031757 
0.815135 -1.200000 -45.229348 
0.820135 -1.200000 -45.229348 
0.825135 -1.200000 -49.031757 
0.830135 -1.200000 -45.229348 
0.835135 -1.200000 -50.932961 
0.840135 -1.200000 -47.130553 
0.845135 -1.200000 -37.624532 
0.850135 -1.200000 -41.426940 
0.855136 -1.200000 -49.031757 
0.860136 -1.200000 -39.525736 
0.865136 -1.200000 -47.130553 
0.870136 -1.200000 -37.624532 
0.875136 -1.200000 -47.130553 
0.880136 -1.200000 -41.426940 
0.885137 -1.200000 -45.229348 
0.890137 -1.200000 -43.328144 
0.895137 -1.200000 -41.426940 
0.900137 -1.200000 -45.229348 
0.905137 -1.200000 -43.328144 
0.910137 -1.200000 -43.328144 
0.915153 -1.200000 -41.426940 
0.920153 -1.200000 -47.130553 
0.925153 -1.200000 -43.328144 
0.930153 -1.200000 -47.130553 
0.935154 -1.200000 -39.525736 
0.940154 -1.200000 -43.328144 
0.945154 -1.200000 -45.229348 
0.950154 -1.200000 -37.624532 
0.955154 -1.200000 -47.130553 
0.960154 -1.200000 -35.723328 
0.965154 -1.200000 -35.723328 
0.970154 -1.200000 -43.328144 
0.975154 -1.200000 -39.525736 
0.980155 -1.200000 -49.031757 
0.985155 -1.200000 -47.130553 
0.990155 -1.200000 -35.723328 
0.995155 -1.200000 -41.426940 
